LostCustomer,regionPctCustomers,numOfTotalReturns,wksSinceLastPurch,basktPurchCount12Month,LastPurchaseAmount,AvgPurchaseAmount12,AvgPurchaseAmountTotal,intAdExposureCount12,intAdExposureCount36,intAdExposureCountAll,socialMediaAdCount12,socialMediaAdCount36,socialMediaAdCountAll,totalNumProdPurchased,custInitiatedContacts,avgDiscountValue12,customersales,wksSinceFirstPurch,DemHomeOwner,customerGender,EstimatedIncome,regionMedHomeVal,birthDate,customerSubscrStat,techSupportEval,Review_Text,Title,customerAge,AvgPurchasePerAd12
0,66,0,19,5,75,75,80.65,13,33,70,6,6,28,15,3,,780.04,135,Unknown,F,66000,73450,23OCT2003,Platinum,3,,,21,5.7692307692
0,22,1,17,5,75,75,75,10,15,13,4,6,5,1,1,15,773.04,41,HomeOwner,F,70000,82810,30JUL1997,Gold,5,,,27,7.5
0,24,2,18,3,105,118.35,106,14,30,42,6,14,16,5,2,25,1112.62,81,HomeOwner,F,51000,59930,26OCT1995,Platinum,5,,,29,8.4535714286
0,27,0,18,5,80,80,61.8,13,32,57,6,6,22,11,2,,1076.72,100,HomeOwner,M,84000,42250,20APR2000,Platinum,5,,,24,6.1538461538
0,42,2,22,3,80,52.5,51,12,32,35,6,15,14,5,2,10.5,677.15,65,Unknown,F,100000,158730,29MAR1994,Platinum,5,,,30,4.375
0,50,1,17,5,100,100,53.55,14,33,52,6,15,19,7,2,20,1107.99,89,Unknown,M,96000,105300,08JAN2006,Platinum,5,,,19,7.1428571429
0,19,4,5,2,100,110,82.85,21,43,95,9,20,38,23,3,23.25,822.95,154,Unknown,F,64000,135070,07APR2006,Platinum,3,,,18,5.2380952381
0,54,0,8,10,0,0,68.35,27,27,56,5,5,14,6,2,,489.69,80,HomeOwner,M,77000,179400,30MAR1993,Platinum,5,,,31,0
0,36,0,26,5,125,125,61.65,10,29,37,5,5,14,3,1,,1744.31,77,HomeOwner,M,84000,184990,19JUN1996,Platinum,5,,,28,12.5
0,29,1,18,5,100,100,82.2,9,19,50,4,10,23,9,2,20,1120.69,119,Unknown,F,65000,60840,11MAR2003,Platinum,3,,,21,11.111111111
1,44,2,23,3,75,75,53.55,12,32,49,6,15,19,7,2,15,739.72,89,HomeOwner,F,96000,409370,18MAR2005,Platinum,3,,,19,6.25
1,36,3,22,2,60,54,42.75,12,32,57,6,15,26,11,3,11.33,449.78,147,Unknown,M,118000,120380,19JUL2002,Platinum,2,,,22,4.5
0,17,1,17,5,75,75,75,10,15,13,4,6,5,1,1,15,777.68,41,HomeOwner,F,70000,127140,03MAR2006,Gold,5,,,18,7.5
0,31,2,21,3,100,75,75,6,12,12,2,5,5,2,2,15,710.6,53,Unknown,U,70000,79560,,Member,5,,,,12.5
0,24,0,19,3,160,117.5,97.15,21,39,91,6,6,21,14,2,,1112.58,105,HomeOwner,F,55000,294190,27MAY1997,Platinum,5,,,27,5.5952380952
0,32,0,15,5,120,120,120,9,10,11,3,3,3,1,0,,1112.55,39,Unknown,U,45000,34450,,Member,,,,,13.333333333
0,45,2,16,2,70,62.5,53.35,15,35,53,7,16,20,9,2,13,407.87,89,Unknown,M,96000,63830,20MAY1992,Platinum,2,,,32,4.1666666667
0,32,4,21,2,125,101,79.4,15,34,47,6,16,19,8,3,20.25,1112.07,81,Unknown,F,67000,62270,,Platinum,4,,,,6.7333333333
0,34,3,17,2,40,33.75,32.5,12,27,63,5,12,27,12,3,6.67,285.25,154,HomeOwner,F,150000,130130,05DEC1996,Platinum,2,,,28,2.8125
0,38,0,19,3,100,78.35,55.85,13,33,53,6,6,22,6,2,,706.47,100,Unknown,F,92000,115700,18JUL1999,Platinum,5,,,25,6.0269230769
0,0,1,5,3,50,50,45,38,57,116,6,14,25,16,2,10,389.65,126,HomeOwner,M,113000,102570,04MAY2000,Platinum,2,,,24,1.3157894737
0,31,0,19,10,125,0,125,10,10,12,4,4,5,1,0,,663.19,43,HomeOwner,M,43000,86060,09JAN1996,Gold,,,,29,0
0,42,1,6,5,50,90,55,35,54,101,5,13,34,19,3,18,1088.82,150,Unknown,M,94000,39780,22OCT2004,Platinum,2,,,20,2.5714285714
0,20,1,16,5,100,100,100,13,18,15,5,7,6,1,1,20,1113.31,40,HomeOwner,F,54000,69940,14NOV1986,Gold,5,,,38,7.6923076923
0,38,5,19,1,125,75.7,48.5,14,33,62,6,17,26,20,3,14.2,951.29,110,Unknown,F,105000,75790,12NOV2004,Platinum,4,,,20,5.4071428571
1,36,2,18,3,55,53.35,31.05,13,31,62,6,15,27,14,3,10.5,379.63,127,HomeOwner,F,156000,211250,24JUN2003,Platinum,2,,,21,4.1038461538
0,15,1,20,5,150,150,150,11,18,16,5,8,7,1,1,30,1736.76,44,HomeOwner,M,36000,327470,03AUG2000,Gold,5,,,24,13.636363636
0,33,0,17,3,60,73.35,73.35,13,27,24,6,6,11,3,0,,549.9,52,Unknown,F,72000,67730,,Platinum,,,,,5.6423076923
0,32,1,19,3,80,75,77,11,23,49,4,9,18,5,2,14,715.61,116,Unknown,M,69000,147290,,Platinum,5,,,,6.8181818182
1,44,3,19,2,50,36.25,30.65,13,33,37,6,16,15,8,2,6.33,292.2,65,HomeOwner,F,158000,77350,19MAY2004,Platinum,2,,,20,2.7884615385
1,28,6,4,1,35,36.8,33.65,18,37,58,7,17,22,30,3,7.5,204.71,80,Unknown,F,146000,119990,19DEC1993,Platinum,1,,,31,2.0444444444
0,36,1,17,3,125,62.5,75,25,37,35,5,10,9,4,1,5,647.33,50,HomeOwner,M,70000,218010,14JUN2000,Gold,5,,,24,2.5
1,28,0,20,5,75,75,75,8,14,13,3,3,4,1,0,,711.56,44,HomeOwner,F,70000,74230,20DEC1996,Gold,,,,28,9.375
0,34,2,18,3,65,75,45.3,14,36,69,6,17,27,17,3,16,701.17,116,Unknown,F,112000,183950,14NOV1995,Platinum,2,,,29,5.3571428571
0,31,1,17,5,75,75,75,10,15,13,4,6,5,1,1,15,776.66,41,HomeOwner,M,70000,125580,02NOV1995,Gold,5,,,29,7.5
0,4,2,16,3,100,75,58.35,13,30,34,6,13,13,3,2,15,698.03,70,Unknown,M,89000,123500,,Platinum,5,,,,5.7692307692
0,34,1,17,5,100,100,100,10,15,13,4,6,5,1,1,20,1118.43,41,HomeOwner,F,54000,31980,23NOV1992,Gold,5,,,32,10
0,16,0,15,3,50,50,43.35,12,19,17,5,5,7,3,0,,394.09,44,HomeOwner,M,116000,168740,08JAN1996,Gold,,,,29,4.1666666667
0,27,0,26,5,100,100,74.3,9,28,56,4,4,22,7,2,,1110.02,117,Unknown,M,71000,49010,09FEB2004,Platinum,5,,,21,11.111111111
0,29,0,18,5,100,125,35,13,35,59,6,6,24,12,3,,1752.85,102,Unknown,F,141000,57200,19APR2007,Platinum,3,,,17,9.6153846154
0,33,0,18,5,115,115,86.65,13,30,58,6,6,24,6,2,,1111.98,137,HomeOwner,M,61000,48100,,Platinum,5,,,,8.8461538462
0,0,5,9,1,25,42.2,36.45,22,43,60,7,18,21,21,3,8.4,222.74,88,Unknown,F,136000,66950,,Platinum,1,,,,1.9181818182
0,35,2,19,3,50,62.5,48.55,13,30,56,6,13,20,7,2,12.5,537.07,114,HomeOwner,M,105000,70460,,Platinum,2,,,,4.8076923077
0,45,3,16,3,100,75,75,14,27,25,6,12,10,3,2,15,712.72,53,HomeOwner,M,70000,210600,19JUL1985,Platinum,5,,,39,5.3571428571
0,33,0,16,5,125,125,71.1,12,30,62,5,5,24,9,2,,1751.42,117,Unknown,F,74000,176800,27DEC2005,Platinum,4,,,19,10.416666667
0,22,0,8,10,75,0,87.5,14,14,19,4,4,6,2,0,,490.22,47,HomeOwner,M,61000,163150,03DEC1990,Gold,,,,34,0
0,13,0,18,3,135,130,108.75,13,35,40,6,6,17,4,1,,1739.99,69,Unknown,F,49000,121940,26NOV1998,Platinum,5,,,26,10
0,29,0,20,3,100,100,75,14,31,34,6,6,13,3,1,,827.73,70,HomeOwner,M,70000,52520,19NOV2003,Platinum,5,,,21,7.1428571429
0,23,0,25,5,250,250,205,11,32,52,6,6,22,5,2,,4249.95,116,Unknown,U,27000,111410,12JAN1997,Platinum,5,,,28,22.727272727
0,40,1,18,3,100,137.5,84.6,13,35,81,6,17,34,13,2,30,1739.11,153,HomeOwner,M,63000,49140,18JAN1998,Platinum,3,,,27,10.576923077
1,28,3,18,2,30,85,65.85,13,30,32,6,16,15,6,2,16,426.77,63,HomeOwner,F,79000,163670,19OCT2001,Platinum,2,,,23,6.5384615385
0,43,4,23,2,25,35,35,13,32,32,6,16,14,5,2,7.5,294.25,60,HomeOwner,M,141000,69550,14JAN1998,Platinum,1,,,27,2.6923076923
1,0,3,16,2,65,52.5,45,16,36,66,6,17,27,12,2,11.33,321.35,147,Unknown,U,113000,123500,12NOV1998,Platinum,2,,,26,3.28125
0,28,0,18,3,125,130,130.85,15,34,69,6,6,23,6,2,,1752.68,100,Unknown,M,41000,343200,12JUL1986,Platinum,5,,,38,8.6666666667
0,22,2,20,2,85,77.5,50.9,15,36,53,6,17,21,11,2,15,584.05,92,HomeOwner,F,101000,212160,26JUN2003,Platinum,3,,,21,5.1666666667
0,29,1,15,5,50,125,87.5,12,17,15,5,7,6,2,1,25,1738.89,41,HomeOwner,M,61000,66690,14APR1997,Gold,3,,,27,10.416666667
1,41,1,16,5,100,100,100,12,17,14,5,7,6,1,1,20,1008.97,40,HomeOwner,F,54000,120640,16MAY2004,Gold,5,,,20,8.3333333333
1,17,0,23,10,125,0,125,10,10,15,4,4,6,1,0,,506.69,47,Unknown,F,43000,185640,15JUN1994,Gold,,,,30,0
0,33,0,18,3,50,112.5,75,12,29,34,6,6,13,4,1,,829.82,69,HomeOwner,F,70000,18330,17DEC1996,Platinum,3,,,28,9.375
0,30,4,19,2,20,24,18.9,11,30,62,6,16,24,23,3,5,233.5,110,HomeOwner,F,235000,86840,10MAY1984,Platinum,1,,,40,2.1818181818
0,19,0,7,10,50,0,35.2,32,32,95,4,4,28,25,3,,355.03,148,HomeOwner,F,140000,92430,22FEB2006,Platinum,2,,,18,0
0,44,1,18,2,50,38,33.15,13,34,71,6,16,27,19,2,5,327.65,121,Unknown,M,147000,72930,22MAY2007,Platinum,2,,,17,2.9230769231
0,27,1,22,3,90,85,64.3,11,30,60,5,14,28,7,2,16,699.85,146,HomeOwner,F,81000,197080,10DEC1993,Platinum,3,,,31,7.7272727273
0,13,1,16,3,75,67.5,61.65,11,29,31,4,11,11,3,2,15,544.61,65,HomeOwner,F,84000,83460,28DEC1996,Platinum,5,,,28,6.1363636364
0,14,2,18,3,500,375,416.65,29,46,46,6,14,12,3,2,75,8634.4,57,HomeOwner,M,13000,67080,01AUG2000,Platinum,5,,,24,12.931034483
0,37,1,14,5,0,100,100,9,16,14,4,7,6,1,1,20,1119.96,45,Unknown,F,54000,61230,14JAN1982,Gold,5,,,43,11.111111111
0,52,1,21,5,100,100,100,10,17,15,4,7,6,1,1,20,1121.8,45,HomeOwner,F,54000,104650,31MAR1987,Gold,5,,,37,10
0,28,1,16,5,90,90,90,6,8,7,2,3,3,1,1,18,1092.87,40,Unknown,M,59000,118690,,Member,5,,,,15
0,21,1,15,3,60,48.35,42.5,14,21,20,6,9,7,4,1,12,499.37,44,Unknown,F,118000,29380,,Gold,3,,,,3.4535714286
0,48,1,6,3,75,70,60,28,46,62,5,12,19,7,2,15,537.24,90,HomeOwner,M,87000,247260,30JUN2004,Platinum,5,,,20,2.5
0,27,1,16,5,100,100,100,12,17,14,5,7,6,1,1,20,1110.76,40,Unknown,F,54000,60710,,Gold,5,,,,8.3333333333
1,31,0,19,5,25,75,50,11,17,16,4,4,5,2,0,,590.33,44,HomeOwner,M,102000,72540,19JUN1997,Gold,,,,27,6.8181818182
0,39,0,17,5,125,125,81.25,14,36,40,6,6,17,4,0,,1741.95,68,Unknown,M,65000,200460,08JAN2004,Platinum,,,,21,8.9285714286
0,21,0,16,5,100,100,100,12,17,14,5,5,6,1,0,,1116.83,40,HomeOwner,F,54000,115440,,Gold,,,,,8.3333333333
0,41,2,23,3,100,108.35,93.15,13,34,56,6,16,22,8,2,20,828.3,98,HomeOwner,F,57000,122720,01MAY2004,Platinum,5,,,20,8.3346153846
0,27,6,21,1,50,46.45,32.05,13,31,79,6,17,33,32,3,9.5,280.97,154,HomeOwner,M,152000,58760,15JUL2005,Platinum,2,,,19,3.5730769231
0,11,2,19,3,100,100,58.35,14,34,61,6,16,25,9,2,20,829.01,105,Unknown,M,89000,92300,,Platinum,3,,,,7.1428571429
0,26,1,17,5,100,100,100,11,16,14,5,7,6,1,1,20,1122.39,41,HomeOwner,F,54000,52910,24MAR1996,Gold,5,,,28,9.0909090909
1,22,2,18,2,20,60,50.75,16,37,73,6,16,29,13,2,12,335.23,146,HomeOwner,M,101000,107120,03MAR2005,Platinum,1,,,19,3.75
0,27,1,16,5,115,115,115,12,17,14,5,7,6,1,1,23,1113.62,40,Unknown,F,47000,67080,,Gold,5,,,,9.5833333333
0,43,1,16,3,75,50,50,10,23,20,4,9,8,2,1,5,494.93,54,HomeOwner,M,102000,56030,27DEC2003,Platinum,5,,,21,5
0,31,0,18,3,160,155,157,13,34,58,6,6,24,5,1,,1755.45,106,HomeOwner,M,35000,128310,30JAN1996,Platinum,5,,,29,11.923076923
1,32,5,13,1,15,16.1,15.2,17,36,66,8,19,29,28,3,3.4,150.45,129,HomeOwner,F,278000,138190,23MAR2005,Platinum,1,,,19,0.9470588235
0,21,4,17,2,40,40,37.5,13,32,35,6,15,14,6,2,7.5,290.43,65,HomeOwner,F,132000,62010,27JUN1974,Platinum,2,,,50,3.0769230769
0,41,3,14,2,0,93.75,93,13,33,73,6,17,28,25,3,21.67,582.07,115,HomeOwner,M,57000,248300,27NOV1998,Platinum,4,,,26,7.2115384615
1,23,2,22,3,75,61.65,57,12,31,36,6,16,16,5,2,13.5,924.14,69,Unknown,F,91000,126490,08JUN2000,Platinum,3,,,24,5.1375
0,35,1,22,3,100,100,87.5,12,33,44,6,16,18,6,2,20,836.42,77,HomeOwner,F,61000,95290,29APR2002,Platinum,3,,,22,8.3333333333
0,33,0,26,5,80,80,50.5,11,31,66,5,5,27,10,2,,1092.73,137,Unknown,F,101000,74750,26DEC1999,Platinum,3,,,25,7.2727272727
0,33,5,21,1,90,84.15,58.75,15,36,66,6,17,25,16,3,17.2,592.01,112,Unknown,F,88000,78650,,Platinum,3,,,,5.61
0,18,0,20,5,150,150,97.25,13,30,69,6,6,29,11,2,,1750.03,130,Unknown,M,55000,49270,10DEC2004,Platinum,4,,,20,11.538461538
0,38,2,25,2,50,41.25,31.45,10,30,65,5,14,27,17,3,7.5,315.38,128,HomeOwner,F,154000,94770,11MAY1990,Platinum,2,,,34,4.125
0,71,1,24,5,75,75,58.55,9,28,51,4,12,19,7,2,15,776.69,99,Unknown,F,89000,40950,22FEB1999,Platinum,3,,,25,8.3333333333
0,26,2,18,3,125,125,111.1,14,36,65,6,17,25,9,2,25,1749.06,112,Unknown,F,48000,150800,23JUL1996,Platinum,4,,,28,8.9285714286
0,23,0,18,3,100,87.5,63.75,12,32,39,6,6,17,4,0,,703.68,76,HomeOwner,F,82000,261430,21APR1995,Platinum,,,,29,7.2916666667
0,32,1,18,3,30,70,45.85,15,30,42,6,12,16,6,2,13,539.61,117,HomeOwner,M,111000,59410,31JUL2002,Platinum,2,,,22,4.6666666667
0,43,1,17,5,60,60,40,11,28,73,4,11,28,17,3,12,490.19,146,HomeOwner,F,125000,55900,07NOV2001,Platinum,2,,,23,5.4545454545
0,37,2,17,3,50,41.65,39.65,13,33,76,6,16,31,15,3,7.5,345.59,148,HomeOwner,M,126000,303810,04FEB2006,Platinum,2,,,19,3.2038461538
0,35,0,26,5,100,100,60,9,23,39,4,4,13,3,2,,1106.1,87,HomeOwner,F,87000,180050,06JUN1984,Platinum,5,,,40,11.111111111
0,28,0,19,3,50,62.5,38.95,14,34,74,5,5,29,14,3,,536.34,149,Unknown,F,128000,58500,,Platinum,2,,,,4.4642857143
0,36,0,20,5,125,125,131.9,13,26,64,6,6,25,8,2,,1749.09,134,HomeOwner,F,41000,103610,05MAR2000,Platinum,5,,,24,9.6153846154
0,26,1,18,3,100,87.5,87.5,6,13,13,2,6,6,2,1,15,712.09,56,Unknown,M,61000,90610,,Member,5,,,,14.583333333
0,34,0,20,3,100,75,44.15,13,30,44,6,6,17,6,2,,698.95,86,Unknown,M,114000,112840,23JUL2002,Platinum,5,,,22,5.7692307692
0,28,0,17,5,75,75,44.45,11,29,68,4,4,28,9,3,,788.21,150,Unknown,M,114000,56680,,Platinum,3,,,,6.8181818182
0,44,0,25,5,125,125,74,12,32,61,6,6,22,5,1,,1744.81,112,HomeOwner,F,71000,77350,12MAR1970,Platinum,5,,,54,10.416666667
1,0,1,19,5,20,75,47.5,13,20,18,4,7,6,2,1,15,554.81,45,Unknown,M,107000,0,,Gold,2,,,,5.7692307692
0,56,1,19,3,25,26.65,22.05,14,31,66,6,14,23,17,3,5,234.55,113,Unknown,M,208000,98540,,Platinum,1,,,,1.9035714286
0,31,1,17,5,125,125,125,11,16,14,5,7,6,1,1,25,1743.44,41,HomeOwner,M,43000,0,,Gold,5,,,,11.363636364
0,50,1,17,5,100,100,100,11,16,14,5,7,6,1,1,20,1125.09,41,HomeOwner,M,54000,172250,24JUN1994,Gold,5,,,30,9.0909090909
0,45,4,16,1,50,40,40,14,33,35,6,16,15,12,2,8,224.44,66,Unknown,F,125000,91390,23FEB2004,Platinum,2,,,20,2.8571428571
0,32,3,20,3,75,55,43,12,31,35,6,15,15,5,2,11,485.81,67,Unknown,M,117000,87750,16OCT1991,Platinum,3,,,33,4.5833333333
0,32,0,24,3,50,50,44.5,11,32,73,6,6,32,21,3,,401.45,138,HomeOwner,F,114000,50700,,Platinum,2,,,,4.5454545455
1,38,8,17,1,70,70,57.55,14,34,81,6,17,31,37,3,14.13,284.08,135,Unknown,F,90000,70460,,Platinum,2,,,,5
0,50,1,21,5,125,125,125,12,31,43,6,15,18,3,2,25,1746.67,80,HomeOwner,F,43000,93730,16NOV1993,Platinum,5,,,31,10.416666667
1,23,6,17,1,40,34.4,33.35,12,31,34,6,16,15,9,3,6.5,253.38,65,HomeOwner,M,147000,470210,27MAR1999,Platinum,2,,,25,2.8666666667
0,35,5,21,1,50,41.25,39,12,31,35,6,16,16,10,3,8.2,288.18,68,HomeOwner,F,128000,48880,15OCT1993,Platinum,2,,,31,3.4375
1,23,1,26,3,75,63.35,48.4,10,31,72,5,15,31,22,3,13,449.67,150,HomeOwner,U,105000,253630,10NOV1989,Platinum,3,,,35,6.335
0,40,2,17,3,125,112.5,112.5,4,10,9,2,5,5,2,2,22.5,1120.73,53,Unknown,F,48000,341770,,Member,5,,,,28.125
1,18,1,18,2,65,50,40.3,14,35,67,6,16,25,18,3,9,298.28,113,Unknown,F,124000,209300,07JUN2003,Platinum,2,,,21,3.5714285714
0,26,1,17,5,75,75,75,10,15,13,4,6,5,1,1,15,782.17,41,HomeOwner,F,70000,63440,07APR1991,Gold,5,,,33,7.5
0,35,1,24,3,85,85,79,9,30,52,4,14,20,5,2,17,705.26,99,HomeOwner,M,67000,331760,06DEC2004,Platinum,5,,,20,9.4444444444
0,19,1,16,5,100,100,100,14,19,16,5,7,6,1,1,20,1115.78,40,Unknown,F,54000,266630,,Gold,5,,,,7.1428571429
0,40,0,18,3,60,63.35,48.35,14,32,49,6,6,20,6,2,,536.79,111,HomeOwner,F,105000,137020,22OCT2001,Platinum,3,,,23,4.525
0,27,1,26,3,85,80,80,10,26,25,4,11,10,2,1,15,716.02,56,Unknown,F,66000,241280,,Platinum,5,,,,8
0,47,1,19,3,50,50,52.3,6,15,50,2,7,19,26,3,10,389.9,125,HomeOwner,M,98000,171340,04AUG2007,Member,2,,,17,8.3333333333
0,43,4,15,2,50,52,38.75,13,35,68,6,17,28,20,3,10.5,390.03,121,HomeOwner,F,129000,122720,16NOV2003,Platinum,2,,,21,4
0,33,0,18,3,110,105,87.15,13,34,65,6,6,28,7,2,,1127.7,144,HomeOwner,F,61000,51870,19DEC2000,Platinum,3,,,24,8.0769230769
0,33,3,17,2,60,55,43.45,13,33,60,6,17,28,13,3,11,384.95,137,HomeOwner,F,116000,91780,20MAR1991,Platinum,2,,,33,4.2307692308
0,17,3,16,2,75,76.25,64.15,14,34,42,6,15,17,6,2,17,593.81,76,HomeOwner,U,81000,323050,,Platinum,5,,,,5.4464285714
0,32,3,17,2,50,48,33.55,13,32,68,6,16,30,17,3,10,310.51,153,Unknown,F,146000,96850,17JUN1994,Platinum,2,,,30,3.6923076923
0,30,2,25,3,90,86.65,70,11,31,37,6,15,15,5,2,17.5,716.14,77,HomeOwner,F,75000,618800,02NOV1993,Platinum,5,,,31,7.8772727273
0,10,5,15,1,25,25,26.3,12,33,53,6,17,22,23,3,5,175.5,89,Unknown,F,180000,400920,04MAY2006,Platinum,1,,,18,2.0833333333
0,36,4,19,1,25,25,25,11,33,39,6,17,17,12,2,5,177.8,68,HomeOwner,M,188000,119080,12NOV1982,Platinum,1,,,42,2.2727272727
0,40,3,15,1,35,28.75,25.35,15,34,79,6,16,31,28,3,5.67,201.88,149,Unknown,F,185000,124280,,Platinum,1,,,,1.9166666667
0,40,1,18,5,100,100,54,11,25,46,4,9,18,5,2,20,1118.63,127,HomeOwner,F,95000,106210,11MAY2004,Platinum,3,,,20,9.0909090909
0,39,2,15,3,135,122.5,116,13,32,45,6,15,19,5,2,24.5,1755.68,80,HomeOwner,M,46000,98280,01AUG2001,Platinum,5,,,23,9.4230769231
0,32,0,15,3,75,75,60,8,19,29,4,4,13,5,0,,715.89,119,HomeOwner,M,87000,45110,17JUN2000,Platinum,,,,24,9.375
0,28,1,17,3,125,112.5,73.15,28,49,79,6,17,27,16,3,25,1108.36,113,Unknown,F,72000,184340,21MAR2005,Platinum,4,,,19,4.0178571429
0,19,2,18,2,75,56.25,37.1,14,30,73,6,13,28,19,3,12.5,396.16,153,HomeOwner,F,134000,67470,06FEB1989,Platinum,3,,,36,4.0178571429
0,35,1,10,3,125,100,107.15,25,45,63,7,17,23,7,2,20,1116.45,110,HomeOwner,M,50000,143000,06DEC2003,Platinum,4,,,21,4
0,0,1,25,3,60,67.5,56.6,10,31,71,5,15,28,14,3,15,1038.93,133,Unknown,M,91000,0,,Platinum,2,,,,6.75
0,25,1,7,3,125,100,108.35,18,26,24,7,11,9,3,1,20,1116.78,44,HomeOwner,F,50000,554320,10JUN2000,Gold,5,,,24,5.5555555556
0,18,1,19,5,150,150,150,11,16,13,5,7,6,1,1,30,1743.94,43,Unknown,F,36000,47710,,Gold,5,,,,13.636363636
0,34,1,24,5,75,75,75,4,9,8,1,4,4,1,1,15,785.54,48,Unknown,F,70000,94380,,Member,5,,,,18.75
0,20,3,18,2,90,82.5,72.65,13,34,76,6,17,34,15,3,16,596.92,154,HomeOwner,M,72000,79560,12MAY2005,Platinum,3,,,19,6.3461538462
0,0,0,17,3,125,145,121.25,5,13,14,1,1,6,4,1,,1748.18,65,Unknown,F,45000,150020,,Member,5,,,,29
0,26,2,23,3,75,75,68.55,12,34,46,6,17,20,7,2,15,707.4,80,HomeOwner,M,76000,146250,23DEC1999,Platinum,3,,,25,6.25
0,0,1,15,5,125,125,125,4,6,5,2,3,3,1,1,25,1752.17,39,Unknown,F,43000,0,,Member,5,,,,31.25
0,31,1,17,3,75,62.5,41.65,16,34,55,6,15,21,9,2,15,544.22,98,HomeOwner,F,121000,99840,27DEC2003,Platinum,3,,,21,3.90625
0,33,1,15,5,50,25,33.35,11,14,13,4,6,5,3,2,5,344.36,40,HomeOwner,F,147000,26520,30JAN1995,Gold,3,,,30,2.2727272727
0,30,2,15,3,50,75,75,14,22,21,6,10,8,3,2,17.5,705.17,45,Unknown,F,70000,39130,14JUL1996,Gold,3,,,28,5.3571428571
0,31,2,26,3,100,91.65,79.35,11,33,90,5,16,33,38,3,17.5,699.14,152,HomeOwner,M,67000,134940,24MAR1996,Platinum,3,,,28,8.3318181818
0,38,3,23,3,100,98.35,78.35,15,37,48,6,17,20,6,2,19.67,697.03,77,Unknown,F,67000,0,26DEC1993,Platinum,3,,,31,6.5566666667
0,43,0,15,5,100,100,100,10,14,12,5,5,6,1,0,,1115.65,39,Unknown,M,54000,85930,01DEC1985,Gold,,,,39,10
0,47,1,18,3,75,67.5,77,15,32,52,6,13,17,5,2,12,537.71,87,HomeOwner,M,69000,101140,21APR2002,Platinum,5,,,22,4.5
0,33,0,20,5,100,100,100,10,16,15,4,4,5,1,0,,1123.89,44,Unknown,M,54000,29120,08MAR1993,Gold,,,,31,10
0,25,2,15,1,50,54.15,47.75,13,35,54,6,17,21,11,2,11.5,390.16,92,HomeOwner,F,107000,70980,14JUL2002,Platinum,2,,,22,4.1653846154
0,0,0,25,5,100,100,100,7,18,16,3,3,6,1,0,,1117.27,49,HomeOwner,F,54000,63440,18JAN1990,Gold,,,,35,14.285714286
0,33,0,18,5,100,100,81.8,13,33,72,6,6,29,11,2,,1125.04,134,Unknown,U,65000,167830,28OCT1999,Platinum,3,,,25,7.6923076923
0,38,1,15,5,100,50,75,12,17,15,5,7,6,2,1,10,670.25,41,Unknown,M,70000,46670,,Gold,5,,,,4.1666666667
0,0,3,18,2,20,37.5,32.5,13,33,69,6,16,27,16,3,8.33,295.93,142,Unknown,M,150000,262730,,Platinum,1,,,,2.8846153846
0,47,2,19,3,100,50,66.65,13,26,26,6,12,10,3,2,10,663.17,53,HomeOwner,F,79000,120250,11JAN1981,Platinum,5,,,44,3.8461538462
0,35,1,21,3,110,97.5,90,12,25,24,6,12,10,3,1,22,957.9,55,HomeOwner,F,59000,92820,30MAR2001,Platinum,5,,,23,8.125
0,25,1,18,5,100,100,100,10,14,13,4,6,5,1,1,20,1107.77,42,HomeOwner,M,54000,109330,10JUN1992,Gold,5,,,32,10
0,48,2,19,3,85,78.35,85,13,34,71,6,16,29,12,3,15,704.94,126,HomeOwner,F,63000,80860,31JUL2004,Platinum,3,,,20,6.0269230769
0,34,1,17,5,100,100,100,10,15,13,4,6,5,1,1,20,1120.95,41,Unknown,U,54000,59280,,Gold,5,,,,10
0,20,1,17,5,125,125,339.15,27,42,125,7,14,31,18,3,25,1749,147,HomeOwner,F,16000,158470,08FEB1996,Platinum,4,,,29,4.6296296296
0,42,3,23,2,50,35,23.8,13,34,82,6,17,34,29,3,8.33,319.9,154,Unknown,F,195000,75920,30MAY2006,Platinum,2,,,18,2.6923076923
1,50,1,16,2,30,36.25,28.35,13,34,66,6,16,30,21,3,5,241.88,147,Unknown,U,169000,59280,,Platinum,1,,,,2.7884615385
0,40,2,15,3,50,53.35,35.3,11,30,71,4,14,31,17,3,11,391.94,148,Unknown,F,140000,107250,04NOV1991,Member,2,,,33,4.85
0,42,0,14,10,115,0,75.5,29,29,89,5,5,25,10,2,,676.04,129,HomeOwner,F,70000,116480,30MAR1989,Platinum,3,,,35,0
0,41,0,18,3,250,150,101.35,13,35,67,6,6,24,11,2,,1749.09,110,HomeOwner,M,53000,87360,23OCT2001,Platinum,4,,,23,11.538461538
1,34,2,17,2,50,37.5,29.2,14,36,78,6,17,33,22,3,8,276.08,154,Unknown,F,164000,650000,24MAR1988,Platinum,2,,,36,2.6785714286
0,28,0,26,3,75,75,57.5,9,28,37,4,4,15,4,2,,698.12,77,HomeOwner,M,90000,71500,16DEC1992,Platinum,5,,,32,8.3333333333
0,24,1,8,5,0,75,68.35,13,28,66,6,13,27,9,2,15,788.89,146,Unknown,F,77000,437710,22JUL2002,Platinum,4,,,22,5.7692307692
0,33,4,4,1,25,27.85,30.5,32,54,94,6,17,31,32,3,5.25,174.49,151,Unknown,F,158000,237900,,Platinum,1,,,,0.8703125
0,30,1,20,5,500,500,500,27,34,34,5,8,7,1,1,100,8635.11,44,HomeOwner,M,11000,725660,14JUN1994,Gold,5,,,30,18.518518519
0,13,0,26,5,100,100,62.5,10,30,47,5,5,17,4,1,,1114.34,87,HomeOwner,F,83000,108550,25JAN1996,Platinum,5,,,29,10
0,40,1,17,5,50,50,47.35,14,31,77,5,13,31,19,3,10,523.23,150,Unknown,M,107000,114530,20JUL2003,Platinum,2,,,21,3.5714285714
0,29,0,18,3,125,122.5,87.15,15,36,60,6,6,24,7,2,,1752.15,114,HomeOwner,F,61000,31980,05MAY1993,Platinum,5,,,31,8.1666666667
0,25,4,7,1,75,52.15,51.8,26,47,62,11,22,25,11,2,11.75,391.24,65,HomeOwner,M,99000,119990,13FEB1993,Platinum,3,,,32,2.0057692308
0,37,1,21,5,75,75,62.9,12,30,67,6,14,28,12,2,15,778.23,137,Unknown,M,83000,57980,24JUN2005,Platinum,3,,,19,6.25
0,31,0,17,3,125,75,75,15,28,25,6,6,10,2,0,,951.57,52,HomeOwner,F,70000,78650,08FEB2001,Platinum,,,,24,5
0,26,0,22,3,50,42.5,31.65,11,30,58,5,5,23,15,3,,338.69,109,Unknown,M,153000,37310,,Platinum,2,,,,3.8636363636
0,37,6,17,1,15,16.35,13.25,12,34,67,6,17,34,40,4,3,169.54,148,HomeOwner,F,308000,132470,26MAR2003,Platinum,1,,,21,1.3625
0,39,0,17,5,125,125,95.65,12,24,53,6,6,20,8,2,,1748.85,104,HomeOwner,M,56000,115310,30MAY2005,Platinum,4,,,19,10.416666667
0,49,4,15,1,50,65.65,59.15,14,35,51,6,16,19,12,2,13.5,418.33,89,HomeOwner,M,88000,88140,20NOV2004,Platinum,2,,,20,4.6892857143
0,22,0,26,5,75,75,41.9,7,20,36,3,3,14,8,2,,772.2,104,Unknown,M,120000,58500,09JUL1990,Platinum,3,,,34,10.714285714
0,28,1,24,5,250,250,82.8,14,35,65,6,16,24,18,3,50,4255.69,105,HomeOwner,F,64000,106990,17DEC2003,Platinum,4,,,21,17.857142857
0,25,0,26,5,75,75,41.65,8,25,49,3,3,19,6,2,,783.19,116,HomeOwner,M,121000,60580,12FEB1987,Platinum,3,,,38,9.375
0,23,2,22,3,75,75,75,11,25,22,5,12,10,2,2,15,713.17,51,HomeOwner,F,70000,118040,02JUL1989,Gold,5,,,35,6.8181818182
0,28,1,18,2,45,41.25,41.25,11,24,24,5,11,9,4,1,9,284.81,56,Unknown,M,122000,109460,,Platinum,3,,,,3.75
1,47,2,9,3,75,80,65.35,21,41,80,7,17,30,15,3,16,641.9,127,HomeOwner,F,80000,498680,28DEC2006,Platinum,3,,,18,3.8095238095
0,21,0,20,5,125,125,125,11,18,16,5,5,7,1,0,,1740.07,44,Unknown,M,43000,73190,,Gold,,,,,11.363636364
0,21,2,17,3,125,82.5,38.75,13,31,49,6,14,18,8,2,16.5,964.13,89,HomeOwner,M,129000,132990,,Platinum,4,,,,6.3461538462
1,25,2,19,3,50,45,40,13,30,58,6,13,22,11,3,8.5,421.36,113,Unknown,F,125000,182000,23NOV2005,Platinum,2,,,19,3.4615384615
0,33,1,18,5,75,75,48.75,13,31,34,6,14,14,4,2,15,789.45,70,HomeOwner,F,105000,101270,21APR1998,Platinum,5,,,26,5.7692307692
0,27,1,18,3,55,77.5,60,6,11,10,2,5,5,3,2,20,712.64,50,Unknown,F,87000,211250,,Member,3,,,,12.916666667
0,35,1,8,3,25,62.5,37.1,16,37,67,7,17,26,12,3,15,553.74,125,Unknown,M,134000,46410,06JUL1996,Platinum,1,,,28,3.90625
0,32,0,25,5,85,85,59.4,11,32,58,6,6,25,8,2,,1093.58,113,HomeOwner,M,87000,148590,31JAN1955,Platinum,5,,,70,7.7272727273
0,39,0,8,3,250,125,88.9,20,41,66,7,7,24,9,2,,1750.1,105,HomeOwner,M,60000,55250,01JUL2001,Platinum,5,,,23,6.25
0,31,0,19,3,75,67.5,52.5,11,29,37,5,5,14,4,2,,537.29,78,HomeOwner,M,98000,83460,30DEC1995,Platinum,5,,,29,6.1363636364
0,55,1,17,5,125,125,125,7,9,8,2,3,3,1,1,25,1746.7,41,Unknown,M,43000,202540,,Member,5,,,,17.857142857
0,30,0,18,5,250,250,120.5,13,33,69,6,6,30,10,3,,4251.42,150,HomeOwner,M,45000,131820,25OCT2001,Platinum,4,,,23,19.230769231
0,29,0,26,5,75,75,75,14,36,70,5,5,20,8,1,,775,87,Unknown,M,70000,138190,11JUL2004,Platinum,5,,,20,5.3571428571
0,27,0,18,3,125,112.5,79.45,14,35,71,6,6,30,9,3,,1127.61,140,Unknown,F,67000,56940,06NOV1996,Platinum,4,,,28,8.0357142857
0,23,0,17,3,75,78.35,76.25,13,34,60,6,6,28,8,2,,700.51,114,Unknown,M,69000,96850,24MAY2004,Platinum,3,,,20,6.0269230769
0,23,0,26,5,125,125,87.2,12,33,58,5,5,22,9,2,,1755.68,100,HomeOwner,F,61000,52130,12JUN1997,Platinum,5,,,27,10.416666667
0,25,0,24,5,60,60,39.7,11,30,76,5,5,30,16,3,,485.87,153,HomeOwner,F,126000,149890,08APR1998,Platinum,2,,,26,5.4545454545
0,39,0,26,3,90,90,76,9,26,49,4,4,18,5,2,,706.15,100,HomeOwner,M,69000,50050,20OCT2002,Platinum,5,,,22,10
0,38,1,15,3,75,61.65,48.9,12,31,50,5,14,18,9,2,12,494.28,89,Unknown,F,104000,47190,02JUN2004,Platinum,5,,,20,5.1375
0,28,0,19,3,75,62.5,40,7,21,40,4,4,17,10,2,,544.09,97,HomeOwner,M,125000,270790,30NOV1996,Platinum,5,,,28,8.9285714286
1,29,3,17,3,85,78.35,78.35,6,13,14,2,6,6,3,2,15.67,602.17,56,Unknown,M,67000,71370,,Member,5,,,,13.058333333
0,38,0,17,5,125,125,88.45,14,33,75,6,6,32,13,3,,1746.67,143,HomeOwner,M,60000,53300,25OCT1992,Platinum,4,,,32,8.9285714286
0,26,1,24,3,60,60,44.3,11,31,54,5,14,20,14,3,12,487.04,92,HomeOwner,F,114000,78910,11MAR2005,Platinum,2,,,19,5.4545454545
0,29,0,26,5,85,85,69,9,27,49,4,4,19,5,2,,1083.52,91,HomeOwner,M,76000,247780,02JAN2001,Platinum,5,,,24,9.4444444444
1,45,1,25,3,75,61.65,49.2,12,31,75,6,15,31,19,3,12,741.47,148,HomeOwner,M,104000,52910,01FEB1979,Platinum,3,,,46,5.1375
0,27,3,24,3,100,110,96,12,31,37,6,16,16,5,2,22,842.48,66,Unknown,M,56000,76440,15FEB1999,Platinum,3,,,26,9.1666666667
0,40,2,16,3,70,70,58,15,32,45,6,13,16,5,2,14.5,550.82,99,Unknown,F,89000,105690,06NOV1988,Platinum,3,,,36,4.6666666667
0,31,2,16,3,70,65,40,14,32,54,6,14,21,9,2,13,545.3,101,HomeOwner,F,125000,93730,30JUN1985,Platinum,2,,,39,4.6428571429
0,28,1,24,5,100,100,100,7,17,15,3,7,6,1,1,20,1108.87,48,Unknown,M,54000,88140,,Gold,5,,,,14.285714286
1,21,1,22,3,50,70,46.65,12,32,41,6,15,16,6,2,10,725.99,77,Unknown,M,109000,253630,,Platinum,3,,,,5.8333333333
0,41,0,18,3,80,75,45,14,33,67,4,4,28,11,2,,698.45,121,HomeOwner,M,113000,70720,04FEB2004,Platinum,3,,,21,5.3571428571
0,30,1,23,5,75,75,75,8,18,16,3,7,6,1,1,15,773.94,47,HomeOwner,F,70000,34840,21JAN2000,Gold,5,,,25,9.375
0,39,5,17,1,30,33.55,31,13,33,48,6,17,20,15,3,6,230.44,81,HomeOwner,M,156000,121160,29JUN2001,Platinum,1,,,23,2.5807692308
0,16,1,17,5,75,75,75,10,15,13,4,6,5,1,1,15,787.92,41,Unknown,M,70000,26260,,Gold,5,,,,7.5
0,29,1,17,2,35,37,29.3,13,35,55,6,17,25,14,2,8,292.43,112,HomeOwner,F,164000,73710,17NOV2002,Platinum,1,,,22,2.8461538462
1,24,1,15,5,100,100,100,8,10,10,3,4,4,1,1,20,833.97,39,HomeOwner,F,54000,90090,,Member,5,,,,12.5
1,37,1,21,3,100,75,75,11,27,28,4,11,10,2,1,20,961.56,56,Unknown,M,70000,80990,,Platinum,5,,,,6.8181818182
1,59,3,18,2,40,42,33.75,13,32,43,6,15,17,8,2,9,427.84,77,HomeOwner,M,145000,87880,19APR1995,Platinum,2,,,29,3.2307692308
0,33,1,18,2,75,71.25,67,13,32,30,6,15,13,5,1,20,500.21,56,HomeOwner,M,78000,231400,11FEB1995,Platinum,5,,,30,5.4807692308
0,36,1,20,3,50,50,49,19,38,101,5,13,31,20,3,10,388.51,146,Unknown,F,104000,50700,26JUN1951,Platinum,2,,,73,2.6315789474
0,28,0,23,5,50,50,16.15,10,22,67,4,4,25,26,3,,511.97,154,HomeOwner,M,266000,40950,18JUL1993,Platinum,2,,,31,5
1,29,1,16,5,75,75,75,9,13,11,4,6,5,1,1,15,514.12,40,Unknown,F,70000,650000,,Gold,5,,,,8.3333333333
0,26,1,26,3,90,60,38,10,28,40,5,14,17,5,2,6,663.8,80,HomeOwner,F,131000,140270,15JAN1971,Platinum,5,,,54,6
1,37,3,19,2,50,36.25,32.5,12,32,33,6,15,14,6,2,8,291.68,62,HomeOwner,F,150000,477490,02JUL1990,Platinum,2,,,34,3.0208333333
0,44,5,19,1,40,38.15,29.25,12,32,52,6,17,23,26,3,7.4,229.11,91,Unknown,M,164000,119080,,Platinum,2,,,,3.1791666667
0,20,1,17,3,50,86.65,80.85,13,34,37,6,16,15,6,2,10,702.31,65,Unknown,F,66000,198900,,Platinum,3,,,,6.6653846154
1,27,3,16,2,50,51.25,46,14,31,29,6,15,13,5,2,10.33,318.58,57,Unknown,F,110000,81900,08APR2002,Platinum,3,,,22,3.6607142857
1,35,1,18,2,35,33.75,31,13,33,53,6,15,20,10,2,7,287.08,93,HomeOwner,M,156000,199940,30NOV1998,Platinum,2,,,26,2.5961538462
0,42,2,21,3,105,100,88.15,13,31,52,6,16,21,8,2,20,1114.56,89,HomeOwner,F,60000,161460,03JUN1977,Platinum,3,,,47,7.6923076923
0,29,1,16,5,125,125,125,12,17,14,5,7,6,1,1,25,1742.4,40,HomeOwner,M,43000,162760,08JAN1955,Gold,5,,,70,10.416666667
0,49,0,20,5,100,100,100,10,17,16,4,4,6,1,0,,1107.5,44,Unknown,M,54000,119600,11APR1985,Gold,,,,39,10
1,43,5,21,2,55,65,56.4,13,32,83,6,17,31,25,3,13,365.3,149,HomeOwner,F,92000,306280,04JUL1997,Platinum,2,,,27,5
1,45,2,18,3,50,70,60,13,31,31,6,15,13,6,2,11,548.74,59,HomeOwner,F,87000,98930,04DEC1993,Platinum,3,,,31,5.3846153846
0,0,2,17,3,75,68.35,57.5,6,14,17,1,5,6,4,2,13,548.72,65,Unknown,F,90000,144690,,Member,5,,,,11.391666667
0,42,1,21,5,100,100,100,10,16,14,4,7,6,1,1,20,1124.78,45,HomeOwner,F,54000,92040,29FEB1996,Gold,5,,,28,10
0,22,1,18,5,115,115,115,11,16,13,5,7,6,1,1,23,1107.74,42,Unknown,M,47000,421460,05MAY1999,Gold,5,,,25,10.454545455
0,31,2,22,3,75,70,70,12,26,27,4,10,9,2,2,14,539.11,55,HomeOwner,F,75000,255970,,Platinum,5,,,,5.8333333333
1,25,1,17,5,100,100,100,5,9,7,2,4,3,1,1,20,1008.97,41,Unknown,F,54000,145470,18FEB2000,Gold,5,,,24,20
0,31,1,20,5,75,75,75,8,15,13,3,6,5,1,1,15,783.33,44,HomeOwner,F,70000,526500,18APR1983,Gold,5,,,41,9.375
0,22,1,19,3,100,87.5,65,23,43,73,10,21,32,8,2,15,699.28,116,HomeOwner,F,80000,80080,24MAR1999,Platinum,3,,,25,3.8043478261
0,48,0,18,5,125,150,79.3,13,34,54,6,6,23,7,2,,1744.09,103,HomeOwner,M,67000,123500,29JUN2000,Platinum,5,,,24,11.538461538
0,25,3,16,2,60,52,55.85,16,31,32,6,13,11,6,2,9,379.13,53,Unknown,F,92000,173290,,Platinum,3,,,,3.25
1,31,1,16,5,100,100,100,12,17,14,5,7,6,1,1,20,633.97,40,HomeOwner,F,54000,477880,31JAN2002,Gold,5,,,23,8.3333333333
0,19,0,16,5,100,100,100,12,17,14,5,5,6,1,0,,1121.38,40,HomeOwner,F,54000,79820,11FEB1997,Gold,,,,28,8.3333333333
0,23,1,25,3,75,67.5,52.5,10,29,38,5,13,16,4,2,12,536.57,76,Unknown,M,98000,335790,17OCT2000,Platinum,5,,,24,6.75
0,41,0,16,3,135,80,80,13,26,24,6,6,9,2,0,,950.25,56,Unknown,F,66000,46410,31DEC2001,Platinum,,,,23,6.1538461538
0,32,2,18,2,55,57.5,51.65,14,36,60,6,17,27,12,3,11,380.96,129,Unknown,U,99000,90870,15APR1992,Platinum,2,,,32,4.1071428571
0,36,0,18,5,100,75,42.05,17,33,83,6,6,25,17,3,,781.45,129,Unknown,F,120000,54860,,Platinum,3,,,,4.4117647059
0,43,2,16,3,80,65,21.85,14,34,70,6,15,28,19,3,13,653.34,136,Unknown,F,209000,77870,30NOV1998,Platinum,3,,,26,4.6428571429
0,11,0,18,2,50,43.75,38,13,34,53,6,6,20,10,2,,326.08,87,HomeOwner,M,131000,43030,18JUL2002,Platinum,3,,,22,3.3653846154
0,32,2,21,3,75,75,64.75,12,34,78,6,17,31,21,3,15,713.27,137,HomeOwner,M,81000,113100,,Platinum,3,,,,6.25
0,22,1,21,3,85,80,56.65,12,30,55,6,14,21,6,2,17,699.27,110,Unknown,M,91000,20930,26JUL2001,Platinum,3,,,23,6.6666666667
0,36,2,20,2,60,52.5,43.2,13,35,78,6,17,33,22,3,11,380.76,137,Unknown,F,117000,81250,03JUN2004,Platinum,2,,,20,4.0384615385
0,30,0,23,10,100,0,100,8,8,13,3,3,5,1,0,,674.73,47,Unknown,F,54000,653900,,Gold,,,,,0
0,34,7,17,1,25,25,25,13,30,37,6,16,15,8,3,5,176.98,65,HomeOwner,F,188000,266370,01AUG2004,Platinum,1,,,20,1.9230769231
0,27,0,18,3,150,100,100,13,27,24,6,6,11,2,0,,1108.35,52,HomeOwner,F,54000,12480,05JUN2002,Platinum,,,,22,7.6923076923
0,47,4,15,1,40,39.3,40,13,34,80,6,17,34,28,3,7.75,227.68,151,Unknown,F,125000,74490,,Platinum,2,,,,3.0230769231
0,30,2,17,3,75,75,59,10,27,52,4,11,20,5,2,15,706.11,110,HomeOwner,M,88000,113360,29MAY1997,Platinum,3,,,27,7.5
0,37,2,24,3,100,62.5,62.5,10,25,23,4,10,9,2,2,12.5,645.99,59,Unknown,M,83000,89830,06MAR2002,Platinum,5,,,22,6.25
0,24,3,21,1,25,48.35,44.4,14,35,57,6,17,22,17,3,11,223.9,91,Unknown,F,114000,83200,08MAY2006,Platinum,1,,,18,3.4535714286
0,10,2,23,3,85,105,86.65,7,21,20,3,10,9,3,2,21,840.35,56,Unknown,F,61000,235690,,Platinum,5,,,,15
1,42,5,18,1,25,25,22.95,13,32,64,6,17,27,22,3,5,172.11,114,HomeOwner,M,201000,117910,17MAR2007,Platinum,1,,,17,1.9230769231
0,36,1,21,5,95,95,67.5,10,24,41,4,10,17,4,2,19,1087.62,101,HomeOwner,M,78000,74100,13JUN1997,Platinum,5,,,27,9.5
0,34,5,6,1,25,48.5,41.7,40,59,120,16,26,44,38,3,10.4,231.34,104,HomeOwner,F,120000,91130,,Platinum,1,,,,1.2125
0,26,1,19,3,130,117.5,106.3,13,34,78,6,16,31,19,3,21,1126.21,143,HomeOwner,M,51000,81510,10JUN2004,Platinum,4,,,20,9.0384615385
0,36,2,18,2,70,65,65,13,26,24,6,12,10,4,2,12,424.66,53,HomeOwner,F,80000,50180,18JUL2000,Platinum,3,,,24,5
0,31,1,15,3,150,137.5,137.5,12,29,27,5,12,11,2,1,25,1753.61,57,HomeOwner,M,39000,99710,10MAY1997,Member,5,,,27,11.458333333
0,34,2,20,2,100,106.25,95,14,31,36,6,14,14,5,2,22.5,833.22,68,Unknown,F,56000,81640,14DEC1994,Platinum,5,,,30,7.5892857143
0,0,3,22,2,675,421.25,269.65,35,57,142,6,17,35,41,3,85,8642.71,152,Unknown,F,20000,0,21MAY2006,Platinum,4,,,18,12.035714286
0,64,2,17,3,75,71.65,54.7,13,34,78,6,17,32,17,3,14,539.64,148,Unknown,F,94000,188760,27APR1985,Platinum,3,,,39,5.5115384615
0,27,2,6,3,250,150,147.75,18,28,50,5,11,18,11,2,30,1752.72,103,HomeOwner,F,37000,83850,16FEB2002,Platinum,4,,,22,8.3333333333
0,56,3,22,2,75,60,55.65,13,35,66,6,17,25,24,3,12.67,379.25,105,HomeOwner,F,93000,102960,17NOV1954,Platinum,3,,,70,4.6153846154
1,13,4,5,1,35,26.45,26.25,21,40,60,6,16,22,24,3,5.5,196.46,87,Unknown,F,180000,71500,20FEB2002,Platinum,1,,,22,1.2595238095
1,46,4,25,2,60,46,39.7,11,29,53,5,15,23,16,3,9.25,353.44,101,Unknown,F,126000,95550,09JUL2006,Platinum,2,,,18,4.1818181818
0,9,1,9,3,75,75,75,19,32,30,6,12,11,4,1,15,712.45,52,HomeOwner,M,70000,342160,01NOV2000,Platinum,5,,,24,3.9473684211
0,32,0,12,5,75,95,65.25,31,50,100,7,7,30,22,3,,1078.58,128,HomeOwner,M,80000,284700,29APR2003,Platinum,3,,,21,3.064516129
0,10,2,8,3,125,75,80,18,34,32,7,15,13,5,2,17.5,967.17,55,HomeOwner,F,66000,214500,14MAY1974,Platinum,5,,,50,4.1666666667
0,20,0,16,3,60,56.65,50.7,13,35,70,6,6,32,14,2,,489.52,150,HomeOwner,M,101000,132470,09MAY1992,Platinum,2,,,32,4.3576923077
0,48,3,6,2,125,60,56.25,22,41,50,6,15,18,8,2,10.67,386.07,74,HomeOwner,F,92000,60710,08DEC2002,Platinum,4,,,22,2.7272727273
0,40,1,21,5,125,125,81,13,27,58,6,12,23,5,2,25,1741.5,126,HomeOwner,F,65000,103740,29APR2002,Platinum,4,,,22,9.6153846154
0,32,1,18,5,75,75,75,6,9,8,2,4,4,1,1,15,787.59,42,Unknown,F,70000,88920,,Member,5,,,,12.5
0,40,2,20,3,100,83.35,72,13,30,44,6,14,17,5,2,17.5,710.76,81,HomeOwner,M,73000,86190,26OCT2005,Platinum,5,,,19,6.4115384615
0,44,2,18,3,250,162.5,162.5,6,12,12,1,4,4,2,2,32.5,1751.89,53,Unknown,F,34000,256360,,Member,5,,,,27.083333333
0,26,1,16,5,150,150,87.5,19,41,72,7,18,30,6,2,30,1741.78,77,Unknown,M,61000,73840,29APR1982,Platinum,4,,,42,7.8947368421
0,33,1,18,3,75,50,50,6,13,13,2,6,6,2,1,5,494.51,57,Unknown,M,102000,69940,,Member,5,,,,8.3333333333
0,32,1,17,5,75,75,75,10,15,13,4,6,5,1,1,15,789.91,41,HomeOwner,M,70000,31720,25MAY1974,Gold,5,,,50,7.5
0,33,1,4,5,75,75,66.65,13,18,17,5,7,6,3,1,15,780.04,41,Unknown,M,79000,127140,03FEB2004,Gold,5,,,21,5.7692307692
0,54,5,18,1,20,21.9,18.15,14,32,82,6,17,33,30,4,4.4,181.54,149,HomeOwner,M,243000,98670,13NOV2005,Platinum,1,,,19,1.5642857143
0,20,0,15,5,75,75,75,2,4,4,0,0,1,1,0,,784.47,39,Unknown,F,70000,76830,12FEB2004,Member,,,,21,37.5
0,44,2,21,3,250,215,195,13,30,45,6,15,18,3,2,43,1752.23,79,HomeOwner,F,28000,82550,29MAR1951,Platinum,5,,,73,16.538461538
0,28,3,16,2,70,70,67.15,4,10,10,2,5,5,7,2,14,416.74,53,Unknown,M,78000,113100,,Member,2,,,,17.5
0,42,4,15,2,25,25,25,15,36,78,6,16,28,28,3,5,217.15,129,Unknown,F,188000,68770,,Platinum,1,,,,1.6666666667
0,28,1,15,5,75,75,75,9,13,11,4,6,5,1,1,15,789.56,39,Unknown,F,70000,121030,19JUN1984,Gold,5,,,40,8.3333333333
0,42,2,18,3,50,41.65,26.55,13,33,70,6,15,27,16,3,7.5,355.07,137,Unknown,F,178000,164840,23OCT2005,Platinum,2,,,19,3.2038461538
0,27,0,18,5,30,100,65,11,18,17,4,4,6,2,0,,1122.5,44,HomeOwner,F,80000,55250,11JUL2003,Gold,,,,21,9.0909090909
0,32,1,18,3,85,80,77.5,13,32,58,6,15,23,8,2,15,714.85,105,HomeOwner,F,68000,218920,29JAN2006,Platinum,3,,,19,6.1538461538
0,38,1,21,5,100,100,100,8,15,13,3,6,5,1,1,20,1115.74,45,Unknown,M,54000,76310,,Gold,5,,,,12.5
0,50,5,20,1,500,392.85,375,30,50,57,6,17,16,9,2,70,8648.13,64,HomeOwner,F,15000,202150,02JUN1993,Platinum,4,,,31,13.095
0,28,1,17,5,100,100,100,10,15,13,4,6,5,1,1,20,1117.8,41,HomeOwner,F,54000,46540,10MAR1970,Gold,5,,,54,10
0,30,1,17,2,150,93.75,72,25,44,84,11,20,33,10,2,15,955.4,100,HomeOwner,F,73000,149760,,Platinum,5,,,,3.75
0,29,0,18,10,100,0,100,10,10,12,4,4,5,1,0,,664.1,42,HomeOwner,M,54000,82030,27FEB1993,Gold,,,,31,0
1,22,2,13,3,50,50,48.6,29,46,118,6,14,30,29,3,10,365.62,139,Unknown,F,105000,338000,,Platinum,2,,,,1.724137931
0,37,0,20,5,75,75,75,8,15,12,3,3,5,1,0,,782.57,44,Unknown,F,70000,91520,13JUL2004,Gold,,,,20,9.375
0,38,1,16,3,500,250,246.65,21,34,85,5,14,22,12,2,50,8648.64,99,HomeOwner,F,22000,82680,22FEB2006,Platinum,4,,,18,11.904761905
0,45,2,16,2,30,26,23.5,12,31,42,6,15,17,10,2,5,221.27,80,Unknown,F,197000,56940,23OCT2006,Platinum,2,,,18,2.1666666667
0,29,1,15,3,175,137.5,81.25,11,29,68,5,13,23,8,2,20,1742.41,111,Unknown,M,65000,52910,19FEB2006,Platinum,4,,,18,12.5
0,37,1,21,3,100,87.5,62.5,12,31,40,6,15,16,4,2,20,705.36,77,HomeOwner,M,83000,35750,,Platinum,5,,,,7.2916666667
0,45,1,16,5,75,75,75,11,16,13,4,6,5,1,1,15,783.07,40,HomeOwner,F,70000,79300,27JUL1984,Gold,5,,,40,6.8181818182
0,33,2,16,3,75,62.5,50,6,14,16,2,6,7,3,2,12.5,548.24,64,Unknown,F,102000,51740,,Member,5,,,,10.416666667
0,0,1,24,3,100,67.5,53.35,12,25,23,6,11,9,3,1,20,644.09,55,Unknown,F,96000,70200,12MAR1995,Platinum,5,,,29,5.625
0,35,2,16,3,125,97.5,73.75,15,35,38,6,15,16,4,2,19.5,963.02,68,Unknown,M,71000,56030,19DEC1983,Platinum,5,,,41,6.5
0,32,3,18,1,25,40.85,35.25,13,33,74,6,16,30,22,3,9.33,226.36,145,HomeOwner,M,140000,38090,06NOV2001,Platinum,1,,,23,3.1423076923
0,44,2,20,3,80,65,65,11,24,22,5,12,10,2,2,13,645.34,51,HomeOwner,F,80000,127790,25MAY1992,Platinum,5,,,32,5.9090909091
1,27,8,7,1,10,14,11.3,18,39,64,10,20,28,23,3,2.75,145.51,93,HomeOwner,F,345000,31200,29APR2004,Platinum,1,,,20,0.7777777778
1,34,0,15,5,75,75,75,7,9,9,2,2,3,1,0,,711.56,39,Unknown,M,70000,45370,30JAN2002,Member,,,,23,10.714285714
0,45,1,16,3,50,50,27.3,14,32,76,6,15,32,26,3,10,394.31,152,HomeOwner,F,174000,81640,12OCT1998,Platinum,2,,,26,3.5714285714
0,34,1,19,3,50,40,33.15,14,34,66,6,15,26,16,3,7,342.05,137,Unknown,F,147000,64740,22JUN1997,Platinum,2,,,27,2.8571428571
0,43,3,15,1,20,24.3,22,10,26,29,5,13,12,10,2,5.33,181.63,66,Unknown,U,208000,76570,,Platinum,2,,,,2.43
0,50,3,4,2,100,73.75,63.35,18,37,59,10,20,27,12,3,13,499.56,105,Unknown,F,82000,73320,25MAR2002,Platinum,3,,,22,4.0972222222
0,21,2,16,3,125,112.5,112.5,15,23,20,6,10,8,2,2,22.5,1118.02,45,Unknown,M,48000,183040,15MAR1998,Gold,5,,,26,7.5
0,19,1,17,5,75,75,75,12,17,15,4,6,5,1,1,15,775.18,41,Unknown,M,70000,71500,04JUN1989,Gold,5,,,35,6.25
0,27,2,15,2,50,50,50.75,12,27,84,5,13,25,33,3,10,387.74,137,Unknown,F,101000,451880,22JAN1955,Platinum,2,,,70,4.1666666667
0,35,1,17,3,75,70,70,14,20,19,6,9,7,2,1,15,554.01,44,HomeOwner,F,75000,59670,16MAR1986,Gold,5,,,38,5
0,0,1,20,2,80,82.5,59.3,17,38,84,6,17,32,29,3,18,597.54,149,HomeOwner,F,87000,137670,27MAY2003,Platinum,3,,,21,4.8529411765
0,36,1,15,2,80,64,68.15,21,42,90,8,18,36,12,2,10,503.93,136,Unknown,M,77000,458640,,Platinum,3,,,,3.0476190476
0,23,2,4,2,50,75,55.8,30,49,77,4,14,21,19,2,15,579.76,90,HomeOwner,M,93000,29900,05JAN1994,Platinum,3,,,31,2.5
0,42,1,17,5,115,115,115,11,16,14,5,7,6,1,1,23,1120.83,41,Unknown,M,47000,69680,,Gold,5,,,,10.454545455
0,42,1,17,3,75,70,54.1,15,35,73,6,15,30,11,2,15,556.11,147,HomeOwner,M,95000,173290,16OCT2004,Platinum,3,,,20,4.6666666667
0,42,0,18,3,125,65,74,13,34,35,6,6,15,5,0,,648.86,64,HomeOwner,F,71000,75920,04AUG2000,Platinum,,,,24,5
0,43,2,18,2,50,45,35.85,13,33,62,6,15,24,12,3,8,314.13,117,HomeOwner,M,138000,93600,01JUN2003,Platinum,2,,,21,3.4615384615
0,58,1,21,5,125,125,125,11,18,17,5,8,7,1,1,25,1756.01,45,HomeOwner,F,43000,71760,04AUG1994,Gold,5,,,30,11.363636364
0,30,1,7,2,50,65,42.65,20,41,77,6,16,31,15,3,11,420.61,151,Unknown,U,118000,70590,,Platinum,2,,,,3.25
0,23,1,24,3,100,75,58.35,11,27,31,6,12,12,3,2,20,703.68,68,HomeOwner,M,89000,53300,26NOV1996,Platinum,5,,,28,6.8181818182
0,24,3,16,3,100,70,70,14,24,24,6,11,9,3,2,14,653.18,48,HomeOwner,M,75000,51350,14OCT1998,Gold,5,,,26,5
0,36,2,16,3,40,40,36.65,13,31,42,6,14,17,6,2,9,315.65,91,HomeOwner,M,135000,71240,28NOV2005,Platinum,2,,,19,3.0769230769
0,39,1,14,5,100,100,100,24,35,33,7,12,10,3,1,20,1122.22,48,Unknown,M,54000,79820,06JAN2007,Gold,5,,,18,4.1666666667
0,25,0,18,5,125,125,62.5,13,28,40,6,6,15,4,1,,1747.34,93,HomeOwner,F,83000,118950,22APR2003,Platinum,5,,,21,9.6153846154
0,51,1,17,3,100,77.5,48,13,32,35,6,15,15,5,2,20,704.28,68,HomeOwner,M,106000,94770,22JUN2001,Platinum,5,,,23,5.9615384615
0,35,2,15,3,150,137.5,46.1,13,32,77,6,14,33,18,3,27.5,1748.91,150,HomeOwner,M,110000,229710,10NOV2005,Platinum,4,,,19,10.576923077
0,0,1,20,5,125,125,125,10,16,15,5,8,7,1,1,25,1751.42,44,Unknown,M,43000,183950,,Gold,5,,,,12.5
0,33,0,18,10,125,0,29.65,13,13,57,6,6,24,15,2,,666.85,117,HomeOwner,F,162000,80470,08FEB1984,Platinum,4,,,41,0
0,25,0,26,3,250,250,183.55,12,34,78,5,5,30,21,3,,4248.53,140,Unknown,F,30000,89960,,Platinum,4,,,,20.833333333
0,29,0,18,3,100,67.5,53.35,12,28,31,6,6,12,3,1,,641.1,69,HomeOwner,M,96000,76960,,Platinum,5,,,,5.625
1,49,2,25,3,75,75,58.35,11,31,43,6,16,20,6,2,15,963.96,76,HomeOwner,F,89000,53040,26JUN1986,Platinum,3,,,38,6.8181818182
0,26,0,19,3,125,125,100,13,34,36,6,6,15,3,1,,1738.44,65,Unknown,M,54000,133510,08MAR1986,Platinum,5,,,38,9.6153846154
0,38,0,17,5,100,100,66.35,13,32,69,6,6,31,11,3,,1109.84,151,Unknown,M,79000,88140,23MAY1997,Platinum,3,,,27,7.6923076923
0,47,1,15,2,70,56,39.4,13,33,70,6,17,32,16,3,10,384.74,147,HomeOwner,F,127000,60060,06APR2006,Platinum,2,,,18,4.3076923077
0,33,1,14,5,0,75,75,7,14,12,3,6,5,1,1,15,773.03,45,HomeOwner,M,70000,299910,11APR2003,Gold,5,,,21,10.714285714
0,9,3,16,2,50,43.75,43.75,6,12,12,2,5,5,4,2,8.33,313.18,52,Unknown,F,115000,162630,,Member,3,,,,7.2916666667
0,31,4,4,2,250,175,155.45,21,42,52,6,16,18,11,2,31.25,1743.4,77,Unknown,F,35000,91000,06MAY2005,Platinum,4,,,19,8.3333333333
1,22,5,18,1,25,26.9,25.45,12,34,38,6,17,17,11,2,5.6,173.18,68,HomeOwner,F,185000,118040,14FEB2003,Platinum,1,,,22,2.2416666667
0,24,1,18,3,75,62.5,62.5,12,23,20,6,11,9,2,1,10,550.56,48,Unknown,F,83000,77350,,Gold,5,,,,5.2083333333
0,29,0,18,10,75,0,62.5,13,13,50,6,6,20,6,2,,485.54,90,HomeOwner,M,83000,91910,25FEB1999,Platinum,5,,,25,0
0,27,1,19,3,125,87.5,50,13,35,54,6,17,23,10,2,10,959.28,100,HomeOwner,F,102000,101530,22NOV1986,Platinum,5,,,38,6.7307692308
0,25,0,18,3,125,120,80.65,13,34,59,6,6,22,8,2,,1111.1,93,Unknown,M,66000,44330,15JUL2000,Platinum,5,,,24,9.2307692308
0,28,2,7,2,125,26.25,14.9,19,36,65,7,15,29,23,3,3,321.06,147,HomeOwner,M,283000,134030,17OCT1991,Platinum,4,,,33,1.3815789474
0,0,3,16,2,45,47.5,37.2,11,28,55,5,13,21,9,2,9.67,294.26,115,Unknown,F,133000,69290,,Platinum,2,,,,4.3181818182
0,40,4,22,2,60,60,37.85,9,25,68,5,15,30,23,3,12,377.13,148,HomeOwner,M,131000,111800,28DEC2000,Platinum,2,,,24,6.6666666667
0,30,4,15,2,40,33.75,27.85,7,20,40,3,9,17,14,3,6.75,286.07,127,Unknown,M,171000,26000,26NOV2004,Platinum,2,,,20,4.8214285714
0,15,1,18,3,100,60,50,24,39,46,11,18,19,5,2,11,665.08,56,HomeOwner,F,102000,357500,21APR2004,Platinum,5,,,20,2.5
0,22,3,16,3,75,55,45,12,30,34,5,12,12,5,2,11,488.91,65,HomeOwner,F,113000,59930,06JUN1988,Platinum,3,,,36,4.5833333333
0,27,0,19,3,125,87.5,87.5,13,27,24,6,6,11,2,0,,960.09,52,Unknown,M,61000,71240,02DEC1989,Platinum,,,,35,6.7307692308
0,30,3,18,3,25,63.35,53,14,27,26,6,13,11,5,2,12.67,547.4,53,HomeOwner,F,97000,218140,04JUN1996,Platinum,2,,,28,4.525
0,26,0,18,3,110,105,72,13,33,71,6,6,32,10,2,,1121.17,150,HomeOwner,M,73000,114790,08DEC1990,Platinum,3,,,34,8.0769230769
0,37,0,18,5,75,75,62.5,12,20,18,6,6,8,2,0,,772.01,47,Unknown,F,83000,532740,10NOV2003,Gold,,,,21,6.25
0,41,1,15,3,50,50,40.45,12,30,62,5,13,29,11,2,10,382.33,143,HomeOwner,F,124000,134940,24DEC2005,Platinum,2,,,19,4.1666666667
0,24,6,15,1,100,97.85,80.4,14,34,47,6,17,20,13,3,19.67,586.01,81,Unknown,F,66000,46280,23MAY1999,Platinum,3,,,25,6.9892857143
0,37,0,26,10,90,0,59.45,29,29,78,4,4,20,9,2,,671.22,111,HomeOwner,F,87000,80730,10MAY2004,Platinum,3,,,20,0
0,25,3,27,3,50,26.65,35.6,10,29,75,4,14,31,26,3,5.33,354.83,149,HomeOwner,F,139000,75530,12NOV1999,Platinum,2,,,25,2.665
0,55,4,23,2,50,52,45.7,12,33,34,6,16,15,7,2,10.5,377.39,67,Unknown,M,111000,129610,09JUN1982,Platinum,2,,,42,4.3333333333
0,41,5,16,1,50,45.85,50,13,27,27,6,13,11,9,2,9,276.04,53,HomeOwner,M,102000,62140,01FEB2000,Platinum,2,,,25,3.5269230769
0,48,3,24,2,75,68.75,57.35,11,33,61,6,17,24,15,3,13.33,493.27,99,Unknown,F,90000,95940,08MAR1993,Platinum,3,,,31,6.25
0,31,0,19,3,250,250,170,13,35,41,6,6,17,4,2,,4263.36,69,HomeOwner,M,32000,87360,25MAY1995,Platinum,5,,,29,19.230769231
0,3,1,7,3,50,95,52.05,36,53,85,6,13,24,17,3,18,704.48,129,HomeOwner,M,99000,185120,26JUN1999,Platinum,2,,,25,2.6388888889
0,40,2,24,3,100,100,87,10,27,51,4,11,20,5,2,20,827.49,111,HomeOwner,M,61000,76960,18DEC1996,Platinum,3,,,28,10
0,35,0,6,10,0,0,53.5,25,25,59,5,5,16,10,2,,494.55,75,Unknown,F,96000,52390,05JUN1992,Platinum,5,,,32,0
0,38,2,26,3,100,86.65,55.65,5,20,49,3,12,22,8,3,16,703.54,129,Unknown,M,93000,75920,16OCT1998,Platinum,3,,,26,17.33
0,32,3,17,2,50,33.75,29.6,13,33,50,6,17,22,13,2,5.67,320.8,86,HomeOwner,F,163000,103350,15JUN1982,Platinum,2,,,42,2.5961538462
0,28,0,18,3,125,100,100,13,29,36,6,6,15,3,0,,1116.01,76,Unknown,M,54000,114920,,Platinum,,,,,7.6923076923
0,28,1,17,5,75,75,75,10,15,13,4,6,5,1,1,15,773.69,41,HomeOwner,F,70000,121550,,Gold,5,,,,7.5
0,41,1,15,5,50,100,79.4,10,23,46,4,11,16,16,3,20,1106.55,101,HomeOwner,M,67000,77090,26MAR2000,Platinum,2,,,24,10
0,44,2,16,2,90,70,70,13,31,30,6,15,13,5,2,12,503.44,57,HomeOwner,M,75000,120120,09JAN1998,Platinum,5,,,27,5.3846153846
0,34,0,17,3,100,100,62.15,13,31,60,6,6,27,7,2,,835.82,146,Unknown,M,84000,83720,30OCT1999,Platinum,3,,,25,7.6923076923
0,46,0,6,3,75,60,41.7,30,49,104,6,6,31,38,4,,491.13,152,HomeOwner,F,120000,0,,Platinum,3,,,,2
0,29,4,22,2,70,63.75,47.5,11,31,57,5,15,24,14,3,12.75,413.44,104,HomeOwner,M,107000,88400,05APR2004,Platinum,2,,,20,5.7954545455
0,28,1,15,2,50,37.5,37.5,10,22,21,4,8,8,4,1,10,315.96,54,HomeOwner,F,132000,91520,15JUN1987,Platinum,3,,,37,3.75
0,32,0,19,3,170,115,93.35,13,30,35,6,6,13,3,1,,1110.42,69,HomeOwner,M,57000,504140,17JUN1998,Platinum,5,,,26,8.8461538462
0,0,2,12,3,50,36.65,27.3,24,42,63,7,17,23,13,2,8,343.72,104,HomeOwner,F,174000,139490,28FEB2005,Platinum,2,,,19,1.5270833333
0,39,2,15,2,100,136,118.55,14,33,33,6,15,14,7,2,22.5,1736.99,61,HomeOwner,F,46000,52650,07APR2002,Platinum,5,,,22,9.7142857143
0,44,2,16,3,100,100,83.35,24,41,49,10,18,20,6,2,20,841.84,100,HomeOwner,M,64000,96980,21JUN1999,Gold,5,,,25,4.1666666667
0,31,2,19,2,50,43.75,38.55,23,42,100,9,19,39,17,3,7.5,310.61,151,HomeOwner,M,129000,198510,12DEC2005,Platinum,2,,,19,1.902173913
0,31,0,15,3,505,375,127.8,25,47,81,4,4,27,16,3,,8647.77,128,Unknown,F,42000,373880,03JUL1993,Platinum,4,,,31,15
0,38,0,18,3,75,47.5,33.55,13,34,81,6,6,32,34,3,,502.31,154,HomeOwner,F,146000,76050,24FEB1985,Platinum,3,,,39,3.6538461538
0,33,1,11,3,55,65,55.35,28,49,102,11,21,37,15,3,10,542.94,112,HomeOwner,F,93000,488800,23JUL2000,Platinum,2,,,24,2.3214285714
0,35,0,18,5,125,125,112.5,15,28,26,6,6,11,2,1,,1742.61,54,Unknown,F,48000,78520,,Platinum,5,,,,8.3333333333
0,46,3,21,2,50,51,40.6,13,34,76,6,17,31,17,3,10.33,384.65,114,HomeOwner,M,123000,79690,,Platinum,2,,,,3.9230769231
0,36,5,21,1,65,58.35,48.1,14,35,48,6,17,21,13,3,12.2,386.17,76,Unknown,F,106000,51870,,Platinum,2,,,,4.1678571429
0,22,0,12,5,0,50,20.3,23,43,81,6,6,28,16,3,,384.63,149,HomeOwner,F,222000,85410,27OCT2004,Platinum,4,,,20,2.1739130435
0,26,0,26,3,85,80,62.5,10,31,54,5,5,21,8,2,,707.47,99,Unknown,F,83000,120510,02FEB1974,Platinum,5,,,51,8
0,34,2,7,2,125,92.5,75.55,18,38,60,7,17,22,9,2,20,951.54,100,HomeOwner,F,70000,38350,28JUN2001,Platinum,4,,,23,5.1388888889
0,25,0,19,5,125,125,100,13,28,48,6,6,17,4,2,,1745.56,100,HomeOwner,F,54000,129740,26MAR1993,Platinum,5,,,31,9.6153846154
0,19,0,19,3,125,110,77.8,13,34,66,6,6,30,9,2,,1128.14,133,HomeOwner,M,68000,126750,19JAN2003,Platinum,5,,,22,8.4615384615
0,35,0,19,3,75,55,45,12,27,30,6,6,11,3,1,,484.46,69,HomeOwner,F,113000,715000,,Platinum,5,,,,4.5833333333
0,38,2,15,3,75,75,49,13,34,63,6,17,24,15,3,15,697.59,100,Unknown,F,104000,56290,,Platinum,3,,,,5.7692307692
1,23,4,19,1,30,30.85,28.55,13,34,62,6,16,27,14,3,6,187.17,129,HomeOwner,M,168000,184730,15MAY2001,Platinum,1,,,23,2.3730769231
0,29,0,19,5,125,125,68.75,13,34,36,6,6,15,4,0,,1750.69,64,Unknown,F,76000,50050,24JUN2000,Platinum,,,,24,9.6153846154
0,38,0,19,3,75,63.35,42.85,13,32,46,6,6,17,7,2,,542.23,101,HomeOwner,F,118000,45760,27FEB2001,Platinum,5,,,23,4.8730769231
0,21,2,15,1,50,62.5,59,14,36,80,6,17,33,15,3,15,407.77,155,Unknown,F,88000,75400,,Platinum,2,,,,4.4642857143
0,35,0,19,3,175,162.5,150,13,34,38,6,6,15,3,1,,1746.79,65,HomeOwner,M,36000,71890,24NOV2001,Platinum,5,,,23,12.5
0,28,0,18,3,50,50,28.75,13,33,55,6,6,21,16,2,,384.91,92,HomeOwner,F,167000,60320,09JAN1997,Platinum,2,,,28,3.8461538462
0,42,0,15,5,80,80,66.45,12,30,60,5,5,25,7,2,,1081.39,129,Unknown,M,79000,80860,05JUL2005,Platinum,5,,,19,6.6666666667
0,39,2,24,2,50,41.25,27.65,11,31,66,5,15,29,19,3,7.5,320.95,137,Unknown,U,172000,56030,13MAY1985,Platinum,2,,,39,3.75
0,36,1,15,5,30,100,65,12,17,14,4,6,5,2,1,20,1113.16,40,Unknown,F,80000,56420,22DEC1993,Gold,2,,,31,8.3333333333
0,21,3,16,3,70,70,57.85,14,31,49,6,13,17,7,2,14,548.43,102,HomeOwner,U,89000,183430,29JUN1995,Platinum,2,,,29,5
0,41,0,15,3,100,100,81.25,11,28,46,5,5,17,4,1,,825.67,92,Unknown,F,65000,50180,28FEB1985,Platinum,5,,,39,9.0909090909
0,0,3,21,3,125,108.35,108.35,7,14,15,2,6,6,3,2,21.67,1125.14,57,Unknown,M,50000,96070,,Member,5,,,,15.478571429
0,28,0,18,3,75,62.5,41.65,12,30,44,6,6,17,6,1,,555.54,110,HomeOwner,M,121000,36140,13MAY1993,Platinum,5,,,31,5.2083333333
0,14,1,18,3,80,75,45,11,27,66,4,10,26,12,3,16,705.6,149,Unknown,F,113000,55770,,Platinum,3,,,,6.8181818182
0,22,0,26,5,100,100,66,10,31,49,5,5,19,5,2,,1106.9,88,HomeOwner,M,79000,212680,10OCT1986,Platinum,5,,,38,10
0,26,2,19,2,50,62.5,40.65,13,33,38,6,16,16,8,2,12.5,410.46,68,HomeOwner,F,123000,117000,10JUL1987,Platinum,2,,,37,4.8076923077
0,34,0,18,3,145,130,88.75,13,33,53,6,6,22,8,2,,1736.47,91,HomeOwner,F,60000,108420,16JAN2005,Platinum,5,,,20,10
0,41,2,18,3,50,75,53.35,14,31,63,6,14,26,9,2,15,712.4,127,HomeOwner,F,96000,130650,,Platinum,2,,,,5.3571428571
0,32,0,26,3,75,75,58.35,9,27,29,4,4,12,3,1,,697.39,65,HomeOwner,F,89000,121680,15JUN1994,Platinum,5,,,30,8.3333333333
0,26,4,12,2,45,70,61.9,22,42,93,9,18,34,13,3,14,409.06,117,Unknown,F,84000,185380,10NOV2003,Platinum,2,,,21,3.1818181818
0,37,0,25,3,125,125,90.7,12,34,54,6,6,21,7,2,,1749.2,93,Unknown,U,59000,41600,16MAY2000,Platinum,5,,,24,10.416666667
0,26,0,18,5,90,90,66.65,10,21,30,4,4,11,3,1,,1079.66,100,Unknown,F,79000,72280,,Platinum,5,,,,9
0,25,0,26,5,80,80,63.35,9,25,41,4,4,17,3,2,,1084.37,102,Unknown,F,82000,41860,11JUN2004,Platinum,5,,,20,8.8888888889
0,19,2,22,3,75,62.5,58.35,13,26,25,6,13,11,3,2,12.5,538.52,54,HomeOwner,M,89000,211120,07JUN2002,Platinum,5,,,22,4.8076923077
0,35,0,18,5,75,75,52.5,13,26,45,4,4,14,4,2,,771.79,89,Unknown,F,98000,42770,14JUL1986,Platinum,5,,,38,5.7692307692
0,38,4,16,2,75,68.75,68.75,13,27,26,6,13,11,4,2,13.75,498.34,53,Unknown,U,76000,174590,,Platinum,3,,,,5.2884615385
0,36,0,15,3,100,96.65,60,14,33,53,6,6,21,7,2,,699.6,113,Unknown,M,87000,42770,,Platinum,5,,,,6.9035714286
0,20,3,17,2,50,50,29.75,13,27,74,4,13,24,22,3,10,380.88,116,HomeOwner,F,162000,75790,15DEC1996,Platinum,2,,,28,3.8461538462
1,15,4,19,2,25,76,58.95,13,34,74,6,17,32,19,3,17.75,386.85,147,HomeOwner,F,88000,79170,17DEC2002,Platinum,1,,,22,5.8461538462
0,34,0,16,3,45,55,46.1,13,35,81,6,6,34,23,3,,384.46,150,Unknown,M,110000,80990,07JAN2003,Platinum,2,,,22,4.2307692308
0,28,2,15,1,10,22.5,17,11,26,51,6,16,23,20,2,4.5,174.39,99,Unknown,F,256000,31200,,Platinum,1,,,,2.0454545455
0,34,1,24,5,125,125,125,9,19,17,4,8,7,1,1,25,1755.59,48,HomeOwner,F,43000,164060,18JAN2004,Gold,5,,,21,13.888888889
1,41,7,21,1,15,17.2,15.75,9,28,74,5,16,33,47,4,3.29,158.3,154,Unknown,U,271000,57200,,Platinum,1,,,,1.9111111111
0,0,7,18,1,25,25,30.9,13,35,82,6,17,33,39,4,5,169.39,149,HomeOwner,M,157000,0,18MAY1998,Platinum,1,,,26,1.9230769231
0,31,0,19,10,125,0,125,10,10,12,4,4,4,1,0,,677.05,43,HomeOwner,F,43000,53690,12FEB2006,Gold,,,,19,0
0,48,1,23,5,100,100,66.65,7,22,38,4,11,16,6,2,20,1110.13,103,HomeOwner,M,79000,269360,24JUN2004,Platinum,5,,,20,14.285714286
0,42,1,17,5,75,75,75,10,14,12,4,6,5,1,1,15,788.33,41,Unknown,F,70000,216710,14JUN2005,Gold,5,,,19,7.5
0,52,2,23,3,80,65,65,10,27,25,4,11,10,2,2,13,648.59,56,HomeOwner,F,80000,90480,10APR1997,Platinum,5,,,27,6.5
0,29,0,20,5,75,75,75,10,17,15,4,4,6,1,0,,787.56,44,HomeOwner,M,70000,27430,26OCT1991,Gold,,,,33,7.5
0,36,0,18,3,85,80,47.15,13,35,80,6,6,33,23,3,,716.76,147,HomeOwner,F,108000,90870,15APR2004,Platinum,3,,,20,6.1538461538
1,44,3,16,2,75,68.75,57.15,15,35,46,6,15,17,7,2,15,476.69,81,HomeOwner,M,91000,134550,11JUN1989,Platinum,3,,,35,4.5833333333
0,35,4,18,1,25,25,27.2,13,34,64,6,17,26,18,3,5,172.22,117,HomeOwner,M,175000,115440,05MAR1998,Platinum,1,,,26,1.9230769231
0,26,1,23,5,75,75,75,8,18,16,3,7,6,1,1,15,776,47,HomeOwner,M,70000,154310,20FEB1998,Gold,5,,,26,9.375
1,48,5,8,1,100,85,76.5,29,48,56,6,16,16,10,2,19,596.42,65,HomeOwner,F,69000,116480,04JUN1993,Platinum,3,,,31,2.9310344828
1,33,1,20,5,100,100,100,10,17,15,4,7,6,1,1,20,1233.97,44,Unknown,M,54000,84500,19JAN1992,Gold,5,,,33,10
0,45,4,21,2,50,56.25,43.45,13,31,52,6,17,20,16,3,11.25,394.68,81,Unknown,F,116000,137020,20MAR2000,Platinum,2,,,24,4.3269230769
1,49,3,18,2,40,34,31.8,14,33,59,6,15,21,14,3,6.67,356.38,99,Unknown,F,153000,137800,09MAR1994,Platinum,2,,,30,2.4285714286
0,40,1,19,3,75,70,70,10,23,21,4,10,9,2,1,13,553.15,53,HomeOwner,M,75000,88400,12FEB1987,Platinum,5,,,38,7
1,42,3,22,2,55,56.25,50.55,11,32,71,5,15,33,19,3,11,348.73,149,HomeOwner,F,101000,93990,02JUN2007,Platinum,2,,,17,5.1136363636
0,16,3,26,2,60,62.5,54.15,9,27,59,4,14,22,12,2,12.67,412.22,114,HomeOwner,F,95000,63050,22DEC1978,Platinum,2,,,46,6.9444444444
0,38,2,24,2,50,38.75,34,11,33,45,6,17,20,15,2,8.5,311.62,76,HomeOwner,M,144000,94770,13MAR1978,Platinum,2,,,46,3.5227272727
0,26,0,23,5,90,90,51,10,23,60,4,4,21,10,3,,1087.97,135,HomeOwner,F,100000,108550,13JUN2004,Platinum,3,,,20,9
0,36,1,21,5,100,100,100,8,15,13,3,6,5,1,1,20,1107.46,45,Unknown,F,54000,144300,19JUL1987,Gold,5,,,37,12.5
0,35,4,21,2,50,33.75,17.95,12,30,56,5,15,23,17,3,6.75,319.62,103,HomeOwner,F,245000,81250,06JUL1996,Platinum,2,,,28,2.8125
0,34,3,17,3,100,91.65,109.1,14,34,70,6,16,27,11,3,18.33,713.74,129,Unknown,F,49000,110240,,Platinum,3,,,,6.5464285714
0,0,3,24,2,130,113,88.35,13,35,69,6,17,26,27,3,23.33,1119.83,112,Unknown,M,60000,104260,,Platinum,4,,,,8.6923076923
1,19,1,16,3,75,80,67.8,14,35,57,6,16,22,9,2,15,608.52,99,HomeOwner,F,77000,461500,13JUL2005,Platinum,3,,,19,5.7142857143
0,41,3,7,2,150,68.75,63.65,16,34,58,6,16,23,15,3,14.67,504.55,92,HomeOwner,F,82000,129480,26FEB1995,Platinum,4,,,29,4.296875
0,30,0,16,5,75,75,75,11,16,13,4,4,5,1,0,,776.43,40,Unknown,F,70000,443820,,Gold,,,,,6.8181818182
0,26,1,21,5,75,75,75,8,15,14,3,6,5,1,1,15,783.01,45,HomeOwner,M,70000,93080,22JUL2006,Gold,5,,,18,9.375
1,22,1,15,5,100,100,100,8,9,9,3,4,4,1,1,20,1008.97,39,HomeOwner,F,54000,406900,08NOV1998,Member,5,,,26,12.5
0,34,2,15,1,35,27.15,25.75,15,35,40,6,16,16,13,2,6,176.56,67,Unknown,F,183000,113230,26FEB1992,Platinum,2,,,32,1.81
1,12,2,16,3,50,50,30.4,14,35,61,6,16,23,13,3,10,369.77,110,HomeOwner,F,159000,272740,02DEC1994,Platinum,2,,,30,3.5714285714
0,42,1,18,3,50,50,54.3,29,48,97,4,12,28,14,3,10,393.56,123,HomeOwner,M,95000,53300,06DEC2002,Platinum,2,,,22,1.724137931
1,28,4,18,2,50,82,73.75,13,31,43,6,16,18,8,2,16.75,564.7,77,HomeOwner,M,71000,452010,13JUL2000,Platinum,2,,,24,6.3076923077
0,21,5,21,1,40,32.85,30,12,30,33,6,16,15,9,2,6.6,201.6,65,Unknown,U,161000,75790,,Platinum,2,,,,2.7375
0,33,2,15,3,50,65,60,16,24,22,6,10,8,3,2,13,543.01,44,Unknown,M,87000,317070,,Gold,3,,,,4.0625
1,39,1,26,3,125,112.5,112.5,10,26,26,4,11,10,2,1,20,545.29,56,HomeOwner,M,48000,162500,13FEB2002,Platinum,5,,,23,11.25
1,41,0,23,10,75,0,75,9,9,14,3,3,5,1,0,,136.56,47,HomeOwner,M,70000,190190,24MAR2001,Gold,,,,23,0
0,17,1,21,5,100,100,100,8,15,13,3,6,5,1,1,20,1111.3,45,HomeOwner,M,54000,57330,,Gold,5,,,,12.5
0,28,0,15,5,100,100,100,8,10,10,3,3,4,1,0,,1117.67,39,Unknown,M,54000,230750,,Member,,,,,12.5
0,25,1,16,3,125,112.5,112.5,15,21,20,5,7,6,2,1,25,1111.2,43,Unknown,M,48000,45500,,Gold,5,,,,7.5
1,13,2,18,3,75,63.35,64,13,33,64,6,15,25,10,2,11.5,403.19,137,HomeOwner,F,82000,241150,01JUN2003,Platinum,3,,,21,4.8730769231
0,38,1,17,5,90,90,90,10,15,13,4,6,5,1,1,18,1092.39,41,Unknown,M,59000,62400,,Gold,5,,,,9
0,44,2,18,2,65,60,48.35,12,31,44,6,15,17,6,2,11.5,393.56,80,HomeOwner,F,105000,111930,14NOV1988,Platinum,3,,,36,5
0,26,1,17,5,125,125,125,11,16,14,5,7,6,1,1,25,1743.92,41,HomeOwner,F,43000,126490,21FEB1982,Gold,5,,,42,11.363636364
0,18,5,15,1,100,80,60.45,13,35,42,6,17,17,11,3,15.2,586.7,68,Unknown,F,86000,366860,05DEC1992,Platinum,3,,,32,6.1538461538
0,35,0,20,3,100,95,75.55,13,33,58,6,6,22,9,2,,704.08,93,Unknown,M,70000,74880,23MAR1997,Platinum,5,,,27,7.3076923077
0,21,1,18,5,100,100,100,10,15,12,4,6,5,1,1,20,1115.12,42,HomeOwner,M,54000,465660,29APR1989,Gold,5,,,35,10
0,56,0,16,3,75,75,62.85,26,44,78,4,4,18,7,1,,699.82,88,HomeOwner,F,83000,117130,15NOV1997,Platinum,5,,,27,2.8846153846
0,21,1,16,3,100,105,61,14,35,67,6,16,25,15,3,20,828.55,113,Unknown,M,85000,132730,16FEB2004,Platinum,3,,,20,7.5
0,41,1,18,3,60,53.35,53.35,12,23,21,6,11,9,3,1,10,502.77,48,HomeOwner,F,96000,59540,27NOV2004,Gold,3,,,20,4.4458333333
0,25,2,17,3,45,47.5,36.65,13,20,18,6,10,8,3,2,9.5,395.86,44,Unknown,M,135000,138580,,Gold,3,,,,3.6538461538
0,30,5,20,1,65,45.85,31.8,17,38,98,8,19,39,25,3,9,279.82,129,HomeOwner,F,153000,51480,27NOV2001,Platinum,2,,,23,2.6970588235
1,33,2,16,2,30,52.5,51.55,14,34,59,6,17,25,13,2,13,269.03,115,HomeOwner,M,99000,650000,07JAN2004,Platinum,1,,,21,3.75
0,31,1,17,5,100,100,100,10,15,13,4,6,5,1,1,20,1121.09,41,Unknown,F,54000,57720,,Gold,5,,,,10
0,12,1,20,5,100,100,100,10,17,15,4,7,6,1,1,20,1109.97,44,Unknown,M,54000,552500,07JAN2005,Gold,5,,,20,10
0,44,1,18,5,75,75,81.25,11,24,42,4,9,14,4,2,15,773.47,88,Unknown,U,65000,564850,09DEC1986,Platinum,5,,,38,6.8181818182
1,28,2,19,2,55,55,54.15,13,34,37,6,16,15,6,2,11.5,324.62,64,HomeOwner,F,95000,61490,02AUG2001,Platinum,3,,,23,4.2307692308
0,15,2,20,3,75,75,66.65,10,30,31,4,13,13,3,2,15,716.86,62,Unknown,M,79000,418860,,Platinum,5,,,,7.5
0,26,3,16,1,20,25,24,12,33,38,6,16,16,10,2,5.33,181.42,68,HomeOwner,M,194000,47320,08APR1989,Platinum,1,,,35,2.0833333333
0,23,1,20,5,100,100,100,10,17,16,4,7,6,1,1,20,1116.17,44,Unknown,M,54000,306280,,Gold,5,,,,10
1,0,1,5,2,25,60,42.65,19,40,76,7,17,34,15,3,11,261.78,155,Unknown,F,118000,82160,,Platinum,1,,,,3.1578947368
1,34,1,17,5,125,125,125,11,16,14,5,7,6,1,1,25,831.69,41,HomeOwner,F,43000,227630,,Gold,5,,,,11.363636364
0,36,0,21,10,125,0,125,10,10,14,4,4,6,1,0,,676.01,45,HomeOwner,F,43000,84890,24OCT2005,Gold,,,,19,0
1,36,6,22,1,20,22.5,22.25,11,31,36,6,16,16,11,3,4.17,208.86,69,Unknown,F,206000,165620,17JUL2005,Platinum,1,,,19,2.0454545455
0,37,1,16,5,75,75,75,11,16,13,4,6,5,1,1,15,784.95,40,Unknown,F,70000,88400,,Gold,5,,,,6.8181818182
0,38,0,24,5,75,75,50,9,24,28,4,4,10,2,1,,781.62,68,Unknown,M,102000,256750,,Platinum,5,,,,8.3333333333
0,31,3,5,2,70,83,59,26,47,94,10,20,35,20,3,15.33,583.41,95,HomeOwner,F,88000,0,03AUG2002,Platinum,2,,,22,3.1923076923
1,42,1,18,2,25,25,30,12,33,72,6,16,32,15,3,5,194.89,137,HomeOwner,F,161000,119860,09DEC2001,Platinum,1,,,23,2.0833333333
0,36,1,15,3,50,50,34,14,26,48,6,11,17,10,2,10,383.18,107,HomeOwner,M,144000,29640,23JAN1996,Platinum,2,,,29,3.5714285714
0,46,1,24,5,250,250,250,11,22,21,6,11,9,1,1,50,4265.7,48,Unknown,U,22000,759850,,Gold,5,,,,22.727272727
0,44,1,24,5,125,125,125,4,10,9,2,5,5,2,2,25,1740.11,52,Unknown,U,43000,129740,,Member,5,,,,31.25
0,40,1,19,3,100,100,81.25,12,32,43,6,15,18,4,2,20,837.69,79,Unknown,F,65000,681850,,Platinum,5,,,,8.3333333333
0,37,0,19,2,55,51.25,46,12,32,31,6,6,14,5,1,,384.49,63,Unknown,F,110000,121160,,Platinum,3,,,,4.2708333333
0,0,2,18,2,50,52.5,36.8,13,34,73,6,16,32,14,3,10,383.13,152,Unknown,F,135000,104390,22JUL2001,Platinum,2,,,23,4.0384615385
0,36,1,15,3,50,50,42.5,15,34,66,5,13,19,12,2,9,393.11,87,Unknown,F,118000,94380,27MAR1985,Platinum,3,,,39,3.3333333333
0,46,4,21,1,25,26.65,28.2,12,32,42,6,16,18,11,3,5.25,178.61,77,Unknown,F,169000,135070,27DEC2004,Platinum,1,,,20,2.2208333333
0,25,2,15,3,60,56.65,51.2,12,25,64,5,10,27,17,3,12,502.98,151,HomeOwner,M,100000,53820,23JUL1996,Platinum,2,,,28,4.7208333333
0,61,5,17,1,45,40,35.9,15,36,50,6,16,18,11,2,8.2,222.69,81,Unknown,M,138000,90870,11NOV2003,Platinum,2,,,21,2.6666666667
1,35,5,17,1,50,54.15,50,12,32,36,6,16,15,7,2,10.8,269.48,63,Unknown,M,102000,111150,,Platinum,2,,,,4.5125
0,23,3,18,2,95,87,82.8,15,33,56,6,15,21,9,2,16,578.71,99,Unknown,F,64000,129090,,Platinum,3,,,,5.8
0,31,0,18,3,75,50,50,12,24,23,4,4,7,2,0,,484.31,56,HomeOwner,M,102000,35360,15FEB1994,Platinum,,,,31,4.1666666667
0,36,1,26,3,55,48.35,43.5,10,31,76,5,15,31,20,3,11,394.01,147,HomeOwner,M,116000,64480,13DEC2006,Platinum,2,,,18,4.835
0,29,1,16,5,50,55,54.05,35,54,99,6,14,30,16,3,11,518.58,151,HomeOwner,F,95000,113880,14DEC2003,Platinum,2,,,21,1.5714285714
0,37,1,15,3,125,87.5,87.5,10,21,21,3,8,8,2,1,10,955.33,53,Unknown,M,61000,66300,05JUL1989,Member,5,,,35,8.75
0,36,0,18,3,125,125,125,13,27,24,6,6,11,2,0,,1751.3,52,HomeOwner,F,43000,26000,04AUG1999,Platinum,,,,25,9.6153846154
0,34,5,18,1,50,46.9,39.4,14,35,55,6,17,22,16,3,9,282.67,85,HomeOwner,M,127000,81770,28DEC2006,Platinum,2,,,18,3.35
0,34,1,15,3,100,75,75,11,18,16,5,8,7,2,1,10,704.16,45,HomeOwner,F,70000,363610,19OCT1998,Gold,5,,,26,6.8181818182
0,28,3,17,3,75,91.65,62.35,14,34,76,6,16,30,19,3,18.33,703.33,146,Unknown,F,84000,90350,15JUL2005,Platinum,3,,,19,6.5464285714
0,25,1,24,5,75,75,75,7,17,17,3,7,6,1,1,15,774.61,48,HomeOwner,F,70000,150930,09JUL1976,Gold,5,,,48,10.714285714
1,41,4,24,2,45,55,55.45,11,33,60,6,17,24,11,3,11,345.4,109,HomeOwner,F,93000,97240,20FEB1999,Platinum,2,,,25,5
0,24,0,26,5,500,500,171.25,22,40,71,5,5,19,4,2,,8634.94,100,HomeOwner,M,32000,282620,27APR1996,Platinum,5,,,28,22.727272727
0,44,4,18,1,60,53.55,45.4,12,32,59,6,17,23,12,3,11,379.58,104,Unknown,M,112000,82420,18JUN2005,Platinum,2,,,19,4.4625
1,25,1,18,3,75,50,50,10,22,20,4,9,8,2,1,5,490.33,52,HomeOwner,M,102000,112580,11JUL2004,Platinum,5,,,20,5
0,29,1,23,5,100,100,85,12,32,58,6,16,25,8,2,20,1121.67,111,Unknown,F,63000,109070,02MAY2006,Platinum,3,,,18,8.3333333333
0,29,3,22,2,25,25,40,12,34,37,6,17,17,7,2,5,233.21,64,Unknown,F,125000,369720,29JAN1995,Platinum,1,,,30,2.0833333333
0,38,2,23,3,75,67.5,50,12,32,69,6,15,30,11,3,13.5,550.66,148,HomeOwner,F,102000,61490,26DEC1990,Platinum,3,,,34,5.625
0,26,1,15,5,100,100,100,10,14,12,5,7,6,1,1,20,1117.23,39,HomeOwner,M,54000,130780,21MAR2001,Gold,5,,,23,10
0,43,2,18,3,100,100,72.2,13,35,64,6,17,28,9,3,20,831.11,129,HomeOwner,M,73000,98020,18FEB2004,Platinum,3,,,20,7.6923076923
0,37,3,18,1,230,220,114.05,11,27,51,4,13,15,16,2,45,4262.15,155,Unknown,U,47000,70720,,Platinum,4,,,,20
0,25,5,15,1,50,50,28.35,14,34,82,6,17,33,30,3,10,393.76,150,HomeOwner,M,169000,95680,22DEC2003,Platinum,2,,,21,3.5714285714
0,31,1,19,2,50,40,40,12,25,24,6,11,9,4,1,10,311.05,55,HomeOwner,F,125000,74490,07FEB1997,Platinum,3,,,28,3.3333333333
0,36,2,17,1,45,38.35,30.35,13,33,57,6,16,22,15,2,8,223.21,92,Unknown,F,159000,60320,16JAN2001,Platinum,2,,,24,2.95
0,31,4,16,1,125,80.7,65,10,27,35,4,13,14,11,3,17.25,964.08,80,Unknown,F,80000,0,,Platinum,4,,,,8.07
0,24,1,18,3,75,67.5,49.15,8,28,36,4,13,15,6,2,15,549.2,78,HomeOwner,F,104000,190320,19APR1996,Platinum,5,,,28,8.4375
0,25,1,16,2,30,33.75,27.5,12,31,38,6,14,16,6,2,6,277.41,73,HomeOwner,M,173000,111280,21MAR1997,Platinum,2,,,27,2.8125
0,35,5,16,1,25,21.9,21.5,13,34,34,6,16,15,10,2,4.4,171.67,64,HomeOwner,M,212000,341250,01NOV2002,Platinum,1,,,22,1.6846153846
0,0,2,16,3,40,50,34.65,16,27,76,5,10,24,14,3,11,382.51,148,HomeOwner,M,142000,123240,,Platinum,2,,,,3.125
1,11,2,17,3,50,37.5,33.35,14,26,25,6,11,9,3,2,7.5,856.48,49,Unknown,F,147000,135460,17OCT2000,Gold,3,,,24,2.6785714286
1,22,4,16,2,55,51,47.5,13,32,32,6,15,13,6,2,10.25,617.81,57,HomeOwner,M,107000,84890,15APR2003,Platinum,2,,,21,3.9230769231
0,39,3,18,2,25,27,22.9,13,34,71,6,17,33,19,3,5,222.18,153,Unknown,U,202000,84760,26APR2000,Platinum,1,,,24,2.0769230769
0,26,0,6,3,75,100,87.5,20,39,61,8,8,24,6,2,,823.88,116,HomeOwner,U,61000,113880,28DEC2001,Platinum,5,,,23,5
0,40,1,20,3,100,82.5,65,12,26,25,6,13,11,3,1,13,703.45,52,Unknown,M,80000,73840,,Platinum,5,,,,6.875
0,22,2,18,3,50,62.5,58.35,15,25,25,6,11,9,3,2,12.5,544.28,48,Unknown,F,89000,48490,05APR1989,Gold,3,,,35,4.1666666667
0,30,1,17,3,75,85,83.55,13,34,54,6,16,21,7,2,15,713.57,88,HomeOwner,F,64000,350480,,Platinum,5,,,,6.5384615385
0,13,0,5,3,75,75,67.85,30,49,61,7,7,20,7,1,,713.93,79,HomeOwner,M,77000,187850,12APR2004,Platinum,5,,,20,2.5
0,31,6,15,1,30,32,31.35,14,35,35,6,16,15,11,2,6.67,211.68,66,Unknown,U,155000,87360,,Platinum,1,,,,2.2857142857
0,0,3,21,3,500,251.65,165,34,50,63,7,15,17,7,2,50.33,8646.59,109,HomeOwner,F,33000,100490,13DEC1992,Platinum,4,,,32,7.4014705882
0,39,1,22,5,100,100,57.5,10,17,20,4,7,8,2,2,20,1124.61,81,Unknown,M,90000,93990,25FEB2002,Platinum,5,,,22,10
1,32,3,19,2,60,52.5,38.05,12,30,66,6,15,26,18,3,10,343.83,122,HomeOwner,M,131000,84630,19JUN1992,Platinum,2,,,32,4.375
1,42,0,14,5,0,500,288.9,19,41,109,7,7,39,18,3,,12598.52,150,Unknown,M,19000,72410,,Platinum,4,,,,26.315789474
0,53,1,20,2,50,87.5,80.35,13,35,63,6,17,25,15,2,20,580.47,99,Unknown,F,66000,104780,12OCT1990,Platinum,2,,,34,6.7307692308
0,42,3,20,3,500,375,230,27,49,67,6,17,22,6,2,75,8641.43,77,Unknown,F,24000,107770,10NOV2003,Platinum,4,,,21,13.888888889
0,43,3,25,2,55,53.75,39.4,11,30,54,5,15,22,16,3,10.67,381.49,93,Unknown,U,127000,109720,12JUL1992,Platinum,2,,,32,4.8863636364
1,27,1,11,5,125,125,77.5,25,41,49,6,13,15,6,2,25,1361.27,73,Unknown,M,68000,221650,,Platinum,5,,,,5
0,31,0,24,5,75,75,50,9,26,29,4,4,11,2,0,,770.67,67,HomeOwner,M,102000,145600,31MAY1981,Platinum,,,,43,8.3333333333
0,36,2,8,3,0,75,72.5,11,33,61,6,17,25,10,2,15,709.13,103,HomeOwner,M,73000,161200,03MAR1992,Platinum,4,,,32,6.8181818182
0,19,0,20,5,75,75,75,8,15,13,3,3,5,1,0,,784.94,44,HomeOwner,F,70000,79170,04MAY1990,Gold,,,,34,9.375
0,24,0,6,3,125,80,74.3,19,32,53,7,7,18,14,2,,951.04,127,Unknown,F,71000,373750,,Platinum,4,,,,4.2105263158
0,34,1,18,5,75,75,32.25,9,21,61,3,8,25,11,2,15,786.52,146,HomeOwner,F,151000,49660,12OCT1987,Platinum,3,,,37,8.3333333333
0,26,3,5,2,20,69,50.65,23,42,96,7,17,34,31,4,13.67,408.51,152,Unknown,M,101000,52780,08JUL2000,Platinum,1,,,24,3
0,16,0,27,10,80,0,66.9,28,28,81,4,4,22,8,2,,678.44,117,Unknown,F,78000,212160,25NOV2003,Platinum,5,,,21,0
0,21,1,9,5,50,75,62.5,17,21,20,5,7,6,2,1,15,775.68,40,Unknown,M,83000,404300,31MAR2005,Gold,3,,,19,4.4117647059
0,30,0,26,3,75,87.5,87.5,11,24,23,4,4,8,2,0,,702.99,55,Unknown,F,61000,69030,,Platinum,,,,,7.9545454545
0,47,1,8,5,125,125,125,16,23,21,5,8,7,2,1,25,1736.62,45,Unknown,M,43000,112450,,Gold,5,,,,7.8125
0,33,1,18,5,100,100,105,13,32,68,6,15,31,10,3,20,1116.47,147,HomeOwner,M,51000,98540,24FEB2000,Platinum,3,,,24,7.6923076923
0,23,0,8,3,125,85,101,17,33,48,7,7,17,5,2,,963.79,81,HomeOwner,F,53000,73710,11OCT2004,Platinum,5,,,20,5
0,28,2,15,2,50,56.25,56.25,13,27,23,6,13,11,4,2,10,395.68,51,HomeOwner,M,92000,54730,29MAY2000,Gold,3,,,24,4.3269230769
0,13,0,7,3,125,87.5,62.5,18,35,49,7,7,19,6,1,,964.32,90,Unknown,F,83000,346710,17DEC2005,Platinum,5,,,19,4.8611111111
0,33,3,16,3,100,96.65,73.35,13,33,48,6,15,19,6,2,19.33,705.41,99,HomeOwner,F,72000,67470,05MAR1998,Platinum,3,,,26,7.4346153846
0,0,2,7,2,0,37,24.6,16,34,68,6,14,27,12,3,7.5,291.59,134,HomeOwner,F,190000,247780,,Platinum,4,,,,2.3125
1,30,3,17,2,50,52.5,39.4,13,28,45,6,13,20,8,2,10.67,366.52,147,HomeOwner,M,127000,37830,06NOV1997,Platinum,2,,,27,4.0384615385
0,16,1,17,5,75,75,75,5,7,6,1,2,2,1,1,15,771.49,41,Unknown,M,70000,144820,,Member,5,,,,15
0,39,6,17,1,25,40.65,33.35,25,46,69,10,20,27,18,3,8.33,227.09,103,Unknown,F,147000,115830,21JAN2004,Platinum,1,,,21,1.626
0,24,1,16,5,75,75,75,5,7,7,1,2,3,1,1,15,784.65,40,Unknown,F,70000,46280,,Member,5,,,,15
0,34,0,23,10,100,0,100,8,8,13,3,3,5,1,0,,665.57,47,HomeOwner,F,54000,53690,23DEC1993,Gold,,,,31,0
0,35,1,23,5,100,100,100,6,11,10,1,4,4,1,1,20,1109.3,47,Unknown,F,54000,231530,,Member,5,,,,16.666666667
0,21,1,21,5,125,125,125,6,10,9,2,5,5,1,1,25,1749.12,45,Unknown,M,43000,114140,,Member,5,,,,20.833333333
0,26,2,21,3,125,87.5,87.5,7,13,13,2,5,5,2,2,17.5,957.76,52,Unknown,M,61000,119470,,Member,5,,,,12.5
0,23,1,15,2,55,55,36.6,14,31,52,6,14,21,11,2,20,389.85,103,HomeOwner,M,135000,26390,23JAN2007,Platinum,2,,,18,3.9285714286
0,27,1,18,3,100,62.5,62.5,5,11,10,1,4,4,2,1,5,1039.39,53,Unknown,F,83000,163540,,Member,5,,,,12.5
0,46,3,21,2,50,43.75,48.75,13,31,69,6,15,28,12,3,8.33,319.61,124,Unknown,U,105000,109850,08MAR2004,Platinum,2,,,20,3.3653846154
0,38,2,17,2,85,72.5,75,5,12,12,1,5,5,6,2,12.5,494.69,57,Unknown,M,70000,204880,,Member,5,,,,14.5
0,54,5,21,1,60,53.35,44.8,12,31,77,6,16,32,23,3,10.8,382.5,147,Unknown,F,113000,181740,,Platinum,2,,,,4.4458333333
0,29,2,17,3,75,58.35,50.85,5,12,12,1,5,5,6,2,10,498.53,55,Unknown,U,101000,257790,,Member,3,,,,11.67
0,30,1,24,3,75,67.5,45.85,7,23,38,4,11,15,6,2,12,542.95,88,HomeOwner,F,111000,35620,11MAY1998,Platinum,3,,,26,9.6428571429
0,34,3,6,2,0,142,139.15,11,31,41,4,14,15,6,2,28.33,1748.56,69,Unknown,F,39000,83980,28JAN1992,Platinum,4,,,33,12.909090909
0,38,1,15,5,75,75,75,9,13,11,4,6,5,1,1,15,784.45,39,HomeOwner,M,70000,39260,08JUL1995,Gold,5,,,29,8.3333333333
0,35,3,18,2,50,26,22.15,4,10,10,2,5,5,7,2,4.33,314.29,53,Unknown,F,207000,139750,,Member,2,,,,6.5
0,50,0,16,5,100,100,100,13,18,16,4,4,6,1,0,,1122.2,40,Unknown,F,54000,56030,11JAN1976,Gold,,,,49,7.6923076923
0,17,1,21,5,75,75,75,4,7,6,2,4,4,1,1,15,779.09,45,Unknown,U,70000,184730,,Member,5,,,,18.75
0,35,1,21,5,100,100,100,10,16,14,4,7,6,1,1,20,1109.52,45,HomeOwner,M,54000,69420,03JAN2000,Gold,5,,,25,10
0,30,1,17,5,100,100,100,4,6,5,2,3,3,1,1,20,1120.7,41,Unknown,F,54000,265590,,Member,5,,,,25
1,29,1,18,1,50,46.65,46.35,14,35,81,6,16,32,33,3,11,283.73,154,Unknown,M,110000,84500,25OCT2002,Platinum,2,,,22,3.3321428571
0,28,1,23,5,75,75,75,4,9,8,2,5,5,1,1,15,790.01,47,Unknown,M,70000,186550,,Member,5,,,,18.75
0,40,3,18,2,100,50,35,10,31,46,4,15,20,10,2,11.33,391.05,113,Unknown,M,141000,148590,05APR2004,Platinum,3,,,20,5
0,60,1,18,3,100,50,33.15,15,36,43,7,17,19,8,2,5,670.78,104,Unknown,M,147000,138710,30APR1988,Platinum,3,,,36,3.3333333333
0,39,0,19,10,100,0,100,10,10,12,4,4,4,1,0,,676.56,43,HomeOwner,F,54000,33020,24APR1993,Gold,,,,31,0
0,38,2,24,3,125,100,45,5,15,52,3,9,24,20,3,20,1110.48,154,Unknown,M,113000,145990,20OCT2006,Platinum,4,,,18,20
0,39,2,17,3,75,50,50,12,20,18,6,10,8,2,2,10,484.65,45,HomeOwner,M,102000,179660,27OCT2003,Gold,5,,,21,4.1666666667
0,28,1,16,5,125,125,125,12,17,14,5,7,6,1,1,25,1755.51,40,Unknown,F,43000,64480,,Gold,5,,,,10.416666667
1,24,0,18,3,50,35,32.5,15,33,53,6,6,20,10,2,,288.18,108,Unknown,F,150000,76700,,Platinum,2,,,,2.3333333333
0,29,1,17,5,100,100,100,11,16,14,4,6,5,1,1,20,1123.84,41,Unknown,F,54000,56940,06JAN1992,Gold,5,,,33,9.0909090909
0,41,2,18,3,135,128.35,128.35,15,32,32,6,15,13,3,2,25,1736.39,59,HomeOwner,M,42000,124800,08MAY1995,Platinum,5,,,29,8.5566666667
0,38,2,18,3,100,92.5,77.85,13,33,52,6,15,19,7,2,18.5,715.93,87,HomeOwner,F,68000,125060,22DEC2001,Platinum,5,,,23,7.1153846154
0,15,0,19,5,100,100,47.65,11,25,67,6,6,19,16,2,,1120.1,105,Unknown,F,107000,86970,16FEB2007,Platinum,5,,,17,9.0909090909
0,20,0,15,5,75,75,75,9,13,11,4,4,5,1,0,,773.56,39,HomeOwner,M,70000,76310,17DEC1982,Gold,,,,42,8.3333333333
0,58,1,18,2,85,77.5,50.55,16,37,50,6,16,19,9,2,15,594.46,81,HomeOwner,M,101000,92430,03MAR2005,Platinum,5,,,19,4.84375
0,40,1,15,5,15,75,45,14,19,16,4,6,5,2,1,15,787.72,40,Unknown,F,113000,64610,,Gold,2,,,,5.3571428571
0,44,2,17,3,90,86.65,50.65,13,34,73,6,16,31,15,3,18,707.04,154,Unknown,U,101000,105690,12JUN2007,Platinum,3,,,17,6.6653846154
0,29,0,19,10,100,0,100,10,10,12,4,4,4,1,0,,678.84,43,HomeOwner,F,54000,92690,12JUN2003,Gold,,,,21,0
0,58,1,18,3,50,53.35,52.8,15,35,68,6,16,29,9,2,12,495,113,HomeOwner,M,97000,112450,13OCT2004,Platinum,2,,,20,3.5566666667
0,30,0,16,5,125,125,125,12,17,14,5,5,6,1,0,,1749.2,40,HomeOwner,M,43000,49140,06NOV1992,Gold,,,,32,10.416666667
0,44,2,16,2,50,143.75,73.55,15,37,70,6,17,27,14,3,25,1752.15,117,Unknown,F,72000,52910,17OCT1991,Platinum,2,,,33,9.5833333333
0,53,3,17,3,125,108.35,84.4,15,36,67,6,16,25,8,3,21.67,1119.47,115,HomeOwner,M,63000,93600,29MAY2005,Platinum,4,,,19,7.2233333333
0,34,2,15,2,50,50,50,25,40,50,11,18,21,6,2,10,384.88,56,Unknown,F,102000,48360,08JUL1989,Platinum,3,,,35,2
0,35,4,17,1,50,70.85,64,14,34,84,6,17,32,35,3,16.25,419.54,149,HomeOwner,M,82000,66690,24JAN2005,Platinum,2,,,20,5.0607142857
0,46,1,16,5,100,100,100,12,17,14,5,7,6,1,1,20,1117.32,40,Unknown,F,54000,31200,06JUL1993,Gold,5,,,31,8.3333333333
0,27,1,17,5,75,75,75,10,15,13,4,6,5,1,1,15,785.91,41,HomeOwner,F,70000,174330,30OCT1991,Gold,5,,,33,7.5
1,40,2,17,3,75,50,40,15,35,46,6,15,16,5,2,10,492.36,77,HomeOwner,F,125000,88920,24DEC2002,Platinum,5,,,22,3.3333333333
0,50,1,24,5,100,100,40,11,31,67,6,15,29,12,2,20,1123.95,151,HomeOwner,F,125000,81380,27DEC2003,Platinum,3,,,21,9.0909090909
0,38,0,26,5,75,75,50,9,27,26,4,4,11,2,0,,771.17,61,HomeOwner,M,102000,39910,17APR1984,Platinum,,,,40,8.3333333333
0,36,0,14,5,125,125,80.3,33,52,113,7,7,25,17,3,,1741.02,113,HomeOwner,M,66000,107900,19JUL2005,Platinum,4,,,19,3.7878787879
0,55,2,17,3,100,75,58.35,12,29,31,6,14,13,3,2,15,702.29,64,Unknown,U,89000,127790,,Platinum,5,,,,6.25
0,51,3,18,2,75,58.75,58.75,12,30,29,6,15,13,4,2,11.67,384.05,59,Unknown,F,88000,81900,,Platinum,5,,,,4.8958333333
0,35,0,6,5,50,35,32.2,27,46,92,5,5,29,18,3,,349.64,146,HomeOwner,F,151000,53430,18JUL2004,Platinum,2,,,20,1.2962962963
0,19,1,15,5,30,75,52.5,11,16,14,4,6,5,2,1,15,773.26,41,HomeOwner,M,98000,95420,15APR1998,Gold,2,,,26,6.8181818182
0,0,3,22,1,150,80,76.05,26,48,86,6,17,20,24,3,16.67,966.15,81,Unknown,F,69000,527540,,Platinum,4,,,,3.0769230769
0,21,1,15,3,15,50,38.35,11,15,14,5,7,6,3,1,10,394.51,41,HomeOwner,M,130000,55640,,Gold,2,,,,4.5454545455
0,25,2,18,2,50,50,42.15,13,33,64,6,17,26,14,3,10,392.17,117,Unknown,F,119000,107770,15MAR2003,Platinum,2,,,21,3.8461538462
0,47,1,18,3,100,90,51.9,15,35,57,6,15,22,8,2,20,708.79,98,HomeOwner,F,99000,103350,27MAR2004,Platinum,5,,,20,6
0,35,1,21,5,150,150,137.5,13,32,37,6,15,14,2,1,30,1744.51,64,HomeOwner,F,39000,120120,,Platinum,5,,,,11.538461538
1,22,1,17,2,50,51.25,40,13,32,39,6,15,16,7,2,10,363.86,75,HomeOwner,M,125000,152880,19JAN2004,Platinum,3,,,21,3.9423076923
1,31,2,17,2,60,57,49.3,15,33,37,6,15,15,7,2,11,454.52,68,Unknown,F,104000,195390,30MAY1997,Platinum,3,,,27,3.8
1,63,3,17,2,200,187,125,14,35,51,6,16,19,8,2,37.67,3184.69,98,HomeOwner,U,43000,88010,,Platinum,4,,,,13.357142857
0,46,1,18,3,125,112.5,81,21,40,57,8,18,23,5,2,20,1113.04,69,Unknown,F,65000,71760,,Platinum,4,,,,5.3571428571
0,37,4,23,1,100,52.5,29.25,12,34,63,6,17,23,20,3,12.5,385.37,93,Unknown,M,164000,74750,13OCT1990,Platinum,3,,,34,4.375
0,33,2,16,3,50,66.65,62,14,33,42,6,15,18,5,2,12.5,555.67,77,HomeOwner,M,84000,60320,06DEC2006,Platinum,2,,,18,4.7607142857
0,34,0,7,5,125,80,62.5,30,50,85,5,5,24,14,2,,1078.26,115,Unknown,F,83000,76700,,Platinum,4,,,,2.6666666667
0,31,1,22,3,50,50,30.35,12,33,66,6,16,31,14,2,10,394.58,144,HomeOwner,F,159000,83590,27MAR2006,Platinum,2,,,18,4.1666666667
0,26,0,20,5,125,125,90,16,33,51,6,6,20,4,2,,1736.16,114,Unknown,F,59000,75660,01JUL2004,Platinum,5,,,20,7.8125
0,43,2,16,1,35,32.5,32.15,14,35,50,6,16,20,14,2,5.5,203.77,84,Unknown,M,151000,55120,,Platinum,2,,,,2.3214285714
0,49,1,24,5,100,100,100,7,17,15,3,7,6,1,1,20,1125.68,48,Unknown,M,54000,0,21OCT2003,Gold,5,,,21,14.285714286
0,33,0,26,10,90,0,57.5,26,26,80,4,4,24,8,2,,665.73,137,Unknown,F,90000,49010,,Platinum,3,,,,0
0,42,1,24,5,100,100,100,7,18,15,3,7,6,1,1,20,1120.61,48,Unknown,M,54000,41210,,Gold,5,,,,14.285714286
0,42,1,21,5,75,75,75,8,15,13,3,6,5,1,1,15,772.33,45,Unknown,F,70000,76050,24JUL1995,Gold,5,,,29,9.375
0,56,1,17,5,75,75,75,10,15,12,4,6,5,1,1,15,786.7,41,HomeOwner,F,70000,37960,23JUN2002,Gold,5,,,22,7.5
0,34,1,17,2,175,175,109.15,13,34,82,6,17,35,29,3,35,1741.68,136,HomeOwner,F,49000,91780,22FEB2001,Platinum,4,,,23,13.461538462
0,17,1,16,5,125,125,125,12,17,14,5,7,6,1,1,25,1737,40,HomeOwner,F,43000,91260,,Gold,5,,,,10.416666667
0,32,3,23,1,50,44.15,39.2,12,34,59,6,17,24,19,3,7.67,288.79,97,Unknown,F,127000,71500,23MAY1971,Platinum,2,,,53,3.6791666667
0,42,2,22,3,125,125,66.35,13,33,70,6,16,33,11,3,25,1742.93,143,HomeOwner,F,79000,285480,10OCT1998,Platinum,4,,,26,9.6153846154
0,33,0,12,5,75,45,53.75,18,36,52,5,5,14,8,2,,486.52,77,Unknown,F,96000,50960,13DEC2004,Platinum,5,,,20,2.5
0,32,1,15,5,30,75,52.5,13,18,15,4,6,5,2,1,15,770.67,40,HomeOwner,F,98000,29120,15MAY2003,Gold,2,,,21,5.7692307692
0,55,1,24,5,80,80,67.5,16,24,40,1,5,8,6,2,16,1094.5,76,Unknown,F,78000,79820,,Member,5,,,,5
0,35,2,19,3,100,90,61,13,34,49,6,16,19,5,2,18,713.2,81,Unknown,U,85000,104650,,Platinum,3,,,,6.9230769231
0,45,1,17,5,125,125,73.35,14,30,59,6,13,23,6,2,25,1750.15,129,HomeOwner,M,72000,112060,29JUN1984,Platinum,4,,,40,8.9285714286
0,37,1,18,3,150,125,129.6,8,25,41,5,15,20,13,2,25,1745.24,77,Unknown,F,42000,105040,19JAN1984,Platinum,4,,,41,15.625
0,36,3,19,2,70,62.5,49.05,13,34,75,6,16,31,16,3,12,426.17,153,Unknown,U,104000,120380,17JAN1997,Platinum,2,,,28,4.8076923077
0,25,1,17,5,100,100,100,9,14,12,4,6,5,1,1,20,1109.87,41,HomeOwner,F,54000,46930,27OCT1986,Gold,5,,,38,11.111111111
0,36,3,21,3,90,66.65,46.25,22,43,96,11,21,37,16,3,13.33,640.64,99,HomeOwner,M,110000,357500,12DEC1973,Platinum,3,,,51,3.0295454545
0,49,1,18,3,100,112.5,100,13,30,40,6,14,17,3,2,20,833.94,78,Unknown,M,54000,0,03JUN1973,Platinum,5,,,51,8.6538461538
0,43,5,17,1,95,86.65,60,15,37,65,6,17,24,17,3,17.6,592.68,101,Unknown,M,87000,77350,23OCT1999,Platinum,3,,,25,5.7766666667
0,32,1,18,5,175,125,116.65,14,32,33,6,13,12,3,2,25,1748.24,66,Unknown,M,46000,160810,,Platinum,5,,,,8.9285714286
0,32,1,17,5,150,150,150,11,16,15,5,7,6,1,1,30,1746.56,41,HomeOwner,F,36000,119210,,Gold,5,,,,13.636363636
0,26,1,18,5,75,75,75,10,14,12,4,6,5,1,1,15,784.3,42,Unknown,F,70000,19500,08JUN2005,Gold,5,,,19,7.5
0,26,3,12,2,90,78.75,67.85,24,43,67,10,18,26,7,2,16,583.43,78,Unknown,M,77000,161200,,Platinum,3,,,,3.28125
0,20,1,17,5,125,125,125,11,16,14,5,7,6,1,1,25,1746.19,41,HomeOwner,M,43000,49270,20MAY2005,Gold,5,,,19,11.363636364
1,23,2,18,2,90,75,70,14,33,36,6,16,15,5,2,11,298.25,65,HomeOwner,M,75000,91000,23JUL1995,Platinum,5,,,29,5.3571428571
0,0,0,26,3,175,162.5,127.5,13,32,61,5,5,23,6,2,,1739.14,112,Unknown,F,42000,51350,,Platinum,5,,,,12.5
0,31,1,21,5,125,125,618.9,32,51,105,6,16,21,9,2,25,1739.95,105,Unknown,F,9000,67340,,Platinum,5,,,,3.90625
0,31,1,15,5,20,75,47.5,11,16,14,4,6,5,2,1,15,786.34,41,Unknown,F,107000,36140,13JUL2002,Gold,2,,,22,6.8181818182
0,45,4,18,2,90,68,60,22,38,51,11,19,22,7,2,12.5,507.89,56,Unknown,F,87000,0,22DEC2001,Platinum,3,,,23,3.0909090909
1,22,0,24,5,100,100,62.5,9,23,27,4,4,9,2,1,,713.27,69,Unknown,M,83000,46930,21APR2001,Platinum,5,,,23,11.111111111
0,17,1,16,5,100,100,100,12,17,14,5,7,6,1,1,20,1120,40,HomeOwner,M,54000,288860,20OCT1995,Gold,5,,,29,8.3333333333
0,25,5,12,1,60,56.65,51.25,27,47,105,10,19,37,32,3,11.2,381.11,100,Unknown,F,100000,190190,05FEB2001,Platinum,2,,,24,2.0981481481
0,0,6,17,1,50,43.35,36.15,24,46,109,11,22,43,31,4,8.5,274.82,154,HomeOwner,M,137000,139490,11JUL1999,Platinum,2,,,25,1.80625
0,31,0,27,5,75,75,39.3,9,28,61,4,4,29,7,2,,786.45,122,Unknown,M,127000,37700,11DEC1985,Platinum,5,,,39,8.3333333333
0,30,1,17,3,75,70,47.85,13,32,53,6,14,19,7,2,15,549.77,101,Unknown,M,106000,143130,30DEC2004,Platinum,3,,,20,5.3846153846
1,35,0,26,5,75,75,56.25,10,31,52,5,5,20,8,2,,714.3,93,HomeOwner,M,92000,73190,27JUN2006,Platinum,5,,,18,7.5
0,46,2,25,2,500,500,316.3,28,50,98,5,16,23,23,3,100,8641.04,92,Unknown,F,18000,82160,16DEC1990,Platinum,4,,,34,17.857142857
0,32,0,26,10,90,0,55.5,12,12,57,5,5,21,10,2,,670.27,99,Unknown,F,93000,84370,22MAY1998,Platinum,3,,,26,0
0,37,0,26,10,80,0,47.5,11,11,66,4,4,24,12,2,,678.06,126,Unknown,F,107000,29250,06APR2006,Platinum,3,,,18,0
0,38,0,26,3,100,100,53,10,26,44,5,5,17,5,1,,831.9,99,HomeOwner,F,97000,154960,04FEB1996,Platinum,5,,,29,10
0,0,0,8,10,125,0,93.65,32,32,94,5,5,24,15,2,,671.61,116,HomeOwner,M,57000,261560,,Platinum,4,,,,0
0,25,0,18,3,75,62.5,75,11,25,49,4,4,17,5,2,,547.62,149,Unknown,F,70000,91780,17APR1997,Platinum,5,,,27,5.6818181818
0,56,2,20,3,100,100,61.1,13,32,54,6,16,21,9,2,20,841.03,93,Unknown,M,85000,411710,08JAN2005,Platinum,3,,,20,7.6923076923
0,35,1,19,3,175,162.5,99.15,13,35,57,6,17,24,6,2,30,1752.59,104,HomeOwner,F,54000,57590,02APR1999,Platinum,4,,,25,12.5
0,19,2,17,2,50,37.5,37.5,12,27,26,6,13,11,4,2,7.5,309.85,56,HomeOwner,F,132000,139360,05DEC1991,Platinum,3,,,33,3.125
1,29,4,4,1,50,37.8,35.5,22,44,81,10,21,32,21,3,8.25,220.22,110,Unknown,F,139000,46020,19NOV1995,Platinum,2,,,29,1.7181818182
0,32,0,26,3,75,70,50,13,32,51,4,4,18,6,2,,538.81,99,HomeOwner,M,102000,78650,08MAR2004,Platinum,5,,,20,5.3846153846
0,37,0,18,5,100,100,50,10,23,37,4,4,13,4,1,,1120.94,104,HomeOwner,F,102000,110240,02DEC1988,Platinum,5,,,36,10
0,13,1,27,3,90,83.35,60.85,10,31,61,5,15,28,6,1,12,705.24,122,HomeOwner,F,85000,67470,26JAN2006,Platinum,5,,,19,8.335
0,9,0,25,5,75,75,58.35,9,28,32,4,4,13,3,2,,775.11,69,Unknown,F,89000,88530,21JUN2005,Platinum,5,,,19,8.3333333333
0,29,7,13,1,25,40.55,44.75,21,39,75,8,19,30,22,3,8.29,223.05,128,HomeOwner,F,113000,122590,27MAR2005,Platinum,1,,,19,1.930952381
0,37,4,17,2,55,50,37.2,15,33,80,6,17,33,32,3,10.5,388.98,153,HomeOwner,F,133000,89310,12FEB2003,Platinum,2,,,22,3.3333333333
0,37,3,23,2,125,127.5,96.6,13,35,86,6,17,35,19,3,25,1739.34,154,HomeOwner,M,55000,89310,05DEC2003,Platinum,4,,,21,9.8076923077
0,23,0,27,5,100,100,44,9,27,46,4,4,17,5,2,,1114.93,89,Unknown,M,115000,56680,28JUN1986,Platinum,5,,,38,11.111111111
0,31,1,15,3,55,45,38.35,12,19,17,5,8,7,3,1,7,336.59,47,HomeOwner,F,130000,149630,19JAN1976,Gold,3,,,49,3.75
0,38,0,26,5,75,75,61.65,9,25,41,4,4,14,3,2,,786.47,88,Unknown,F,84000,62790,17FEB2006,Platinum,5,,,18,8.3333333333
0,16,2,16,2,100,106.25,80.55,25,44,75,11,20,29,9,2,22.5,841.89,83,HomeOwner,M,66000,81120,10JUL1986,Platinum,3,,,38,4.25
0,24,0,26,5,150,150,91.65,11,32,70,5,5,28,9,2,,1754.81,137,Unknown,M,58000,54210,,Platinum,4,,,,13.636363636
0,34,2,10,3,300,345,390.85,29,42,45,7,14,14,6,2,52.5,4257.12,54,HomeOwner,F,14000,214370,04NOV1994,Platinum,5,,,30,11.896551724
0,15,0,20,3,135,122.5,54.15,13,34,73,6,6,32,12,3,,1753.94,147,HomeOwner,M,95000,66170,30NOV1984,Platinum,4,,,40,9.4230769231
0,57,2,17,3,260,146.65,146.65,13,32,30,6,15,13,3,2,33.5,1752.3,56,HomeOwner,M,37000,107640,18MAY2002,Platinum,5,,,22,11.280769231
0,27,0,26,5,75,75,38.55,10,31,44,5,5,19,7,2,,776.68,88,Unknown,M,129000,50440,03JUL1993,Platinum,5,,,31,7.5
0,18,0,12,5,75,85,56.65,22,41,57,7,7,19,6,1,,1079.05,85,HomeOwner,M,91000,37050,18NOV2004,Platinum,5,,,20,3.8636363636
0,39,1,18,3,150,125,93.45,13,33,72,6,16,30,16,3,20,1745.11,151,Unknown,F,57000,112190,21APR1951,Platinum,4,,,73,9.6153846154
1,25,2,18,2,125,125,116.65,14,34,40,6,17,17,6,2,25,982.36,68,Unknown,M,46000,106730,27JUL1986,Platinum,5,,,38,8.9285714286
0,7,0,15,3,105,90,55,12,29,43,5,5,16,6,2,,967.09,86,Unknown,F,94000,124800,18JUN1981,Platinum,5,,,43,7.5
0,30,1,18,5,100,100,100,10,15,12,4,6,5,1,1,20,1125.78,42,HomeOwner,F,54000,79040,03MAY1999,Gold,5,,,25,10
0,28,0,16,5,150,150,51,12,30,75,5,5,29,20,3,,1755.75,145,HomeOwner,M,100000,134030,10DEC1991,Platinum,4,,,33,12.5
0,28,3,7,1,10,19.15,18.6,22,39,66,9,17,24,18,3,2.67,176.62,105,HomeOwner,F,238000,77480,21NOV2005,Platinum,1,,,19,0.8704545455
0,40,0,18,3,75,75,61,13,27,38,6,6,14,5,1,,702.83,81,Unknown,U,85000,86710,07NOV2001,Platinum,5,,,23,5.7692307692
0,45,0,16,10,0,0,67.5,25,25,61,4,4,14,4,1,,499.36,88,Unknown,F,78000,364390,,Platinum,5,,,,0
0,24,0,18,3,100,80,70,13,30,32,6,6,13,3,1,,714.54,69,HomeOwner,M,75000,92430,04AUG1984,Platinum,5,,,40,6.1538461538
0,43,2,18,2,75,81,66.25,15,36,59,6,17,24,12,2,17.5,584.78,99,Unknown,F,79000,256620,08JUL2006,Platinum,3,,,18,5.4
0,30,0,18,3,150,150,115,13,34,55,6,6,21,5,2,,1754.44,100,HomeOwner,M,47000,67210,20JUN2001,Platinum,5,,,23,11.538461538
0,30,0,17,3,75,75,90.9,13,34,60,6,6,24,11,2,,713.68,93,HomeOwner,F,59000,79040,28NOV2001,Platinum,3,,,23,5.7692307692
0,29,0,15,3,100,85,53.5,10,27,47,4,4,15,10,2,,703.26,105,Unknown,F,96000,82290,17JAN2003,Platinum,5,,,22,8.5
1,28,2,21,3,75,50,37.5,11,28,30,5,12,12,4,2,10,492.91,65,HomeOwner,M,132000,96980,29MAR2004,Platinum,5,,,20,4.5454545455
0,42,0,6,5,0,60,44.65,29,48,98,6,6,28,15,2,,397.55,149,HomeOwner,M,113000,40820,28DEC1996,Platinum,4,,,28,2.0689655172
0,40,1,20,3,500,262.5,262.5,29,42,40,6,12,10,2,1,5,8641.03,53,HomeOwner,F,21000,480220,15JAN1990,Platinum,5,,,35,9.0517241379
0,27,1,17,3,110,103.35,63.75,13,35,46,6,17,20,8,2,20,1120.77,76,Unknown,F,82000,76180,21NOV2002,Platinum,5,,,22,7.95
0,30,1,15,3,125,125,65,19,41,75,8,19,28,11,2,25,1750.1,91,HomeOwner,M,80000,392600,05FEB1994,Platinum,5,,,31,6.5789473684
0,26,2,17,3,80,65,65,12,22,20,6,11,9,2,2,13,1036.2,48,HomeOwner,M,80000,0,,Gold,5,,,,5.4166666667
0,29,4,17,2,50,50,43.55,8,25,64,4,14,29,17,3,10,387.47,150,HomeOwner,M,116000,213590,13FEB2006,Platinum,2,,,19,6.25
0,15,1,18,3,50,52.5,35.3,12,31,69,5,13,29,16,3,11,384.55,149,HomeOwner,F,140000,71890,09MAY2006,Platinum,2,,,18,4.375
1,40,2,15,2,25,27.5,22.15,13,31,35,5,12,13,7,2,6,202.4,68,HomeOwner,F,207000,171470,22NOV1990,Platinum,2,,,34,2.1153846154
0,43,0,17,5,30,100,63.35,12,31,50,5,5,20,6,2,,1107.25,99,HomeOwner,F,82000,39390,27DEC2001,Platinum,2,,,23,8.3333333333
0,34,1,20,5,70,70,60,22,40,102,5,13,30,20,3,14,547.15,145,HomeOwner,F,87000,91910,02AUG2003,Platinum,2,,,21,3.1818181818
0,13,0,16,5,50,50,43.05,12,30,74,5,5,31,23,3,,513.16,151,Unknown,F,117000,51740,26JUN2005,Platinum,2,,,19,4.1666666667
0,37,1,25,3,50,42.5,26.4,9,27,62,4,11,22,18,3,7,341.47,127,HomeOwner,F,179000,122590,29MAY1985,Platinum,2,,,39,4.7222222222
0,33,1,19,3,50,53.35,38.55,13,31,46,6,13,16,7,2,12,494.83,92,HomeOwner,M,129000,21710,11DEC1996,Platinum,3,,,28,4.1038461538
0,37,1,5,3,50,83.35,52,26,44,63,11,20,26,10,2,20,704.44,87,HomeOwner,F,99000,118820,01JUL2000,Platinum,3,,,24,3.2057692308
0,32,1,18,3,50,62.5,44,12,30,42,6,14,17,5,2,10,551.97,80,HomeOwner,F,115000,119080,08JAN1992,Platinum,3,,,33,5.2083333333
0,44,2,16,3,50,50,48.2,14,32,68,6,14,31,11,3,10,381.98,149,Unknown,U,106000,60710,27MAR2006,Platinum,2,,,18,3.5714285714
0,32,3,17,2,50,38,34.15,14,29,32,6,14,13,6,2,9.33,317.95,65,Unknown,F,144000,83850,,Platinum,2,,,,2.7142857143
0,27,2,17,3,125,87.5,66.65,14,30,32,6,14,13,3,2,17.5,957.43,65,HomeOwner,F,79000,91780,30DEC1991,Platinum,5,,,33,6.25
0,27,1,16,3,35,40,36,10,22,32,4,9,11,5,2,10,304.49,92,HomeOwner,M,137000,43160,26OCT2000,Platinum,2,,,24,4
0,28,1,17,3,100,87.5,68,12,31,45,5,14,18,5,2,20,703.37,85,HomeOwner,M,77000,129870,20JUN1998,Platinum,5,,,26,7.2916666667
0,28,1,18,3,50,50,41.15,8,29,64,4,14,29,13,3,10,401.06,148,Unknown,F,122000,20150,,Platinum,2,,,,6.25
0,33,3,23,2,50,60,41.45,11,27,57,6,16,24,17,3,12,388.49,110,Unknown,M,121000,137410,,Platinum,2,,,,5.4545454545
0,32,0,18,5,85,85,63,10,25,48,4,4,17,5,2,,1083.36,105,Unknown,M,83000,81900,07JAN2004,Platinum,5,,,21,8.5
0,17,1,22,5,125,125,61.65,15,36,71,6,17,27,12,2,25,1754.78,116,HomeOwner,F,84000,56810,12APR2005,Platinum,4,,,19,8.3333333333
0,28,0,24,5,75,75,43.35,9,27,62,4,4,23,9,3,,772.56,128,HomeOwner,F,116000,27430,26JAN1989,Platinum,3,,,36,8.3333333333
0,27,0,26,5,105,105,65,9,27,50,4,4,18,4,2,,1125.28,100,Unknown,M,80000,63960,26FEB1998,Platinum,5,,,26,11.666666667
0,32,0,18,3,60,55,47.5,13,32,49,6,6,19,12,2,,502.11,113,Unknown,F,107000,51090,03JUL2006,Platinum,2,,,18,4.2307692308
0,41,1,15,2,150,108.75,65,14,33,47,5,13,17,9,2,33,1115.56,80,Unknown,M,80000,39130,21APR1994,Platinum,5,,,30,7.7678571429
0,33,0,18,3,100,100,87.5,12,32,42,6,6,18,4,1,,826.73,76,Unknown,M,61000,21580,31MAR2004,Platinum,5,,,20,8.3333333333
0,33,1,19,3,125,250,191.65,23,44,83,9,19,30,6,2,75,4262.7,102,HomeOwner,F,29000,230230,26APR2003,Platinum,4,,,21,10.869565217
0,32,1,17,3,50,50,50,12,20,18,6,10,8,3,1,10,384.28,47,HomeOwner,F,102000,51350,05JAN1998,Gold,3,,,27,4.1666666667
0,32,2,18,2,250,200,106.65,15,35,68,6,17,26,15,3,40,1748.82,113,Unknown,M,50000,127400,01JUL2004,Platinum,4,,,20,13.333333333
0,29,3,19,3,25,36.65,33.75,12,23,22,6,12,10,4,2,7.33,312.18,51,Unknown,F,145000,65000,,Gold,2,,,,3.0541666667
0,13,0,4,10,50,0,41.8,33,33,101,4,4,29,36,3,,354.76,149,Unknown,F,120000,207610,09MAY2001,Platinum,2,,,23,0
1,25,4,18,2,60,52,53.35,12,31,31,6,15,13,6,2,10,339.72,57,Unknown,F,96000,43030,,Platinum,2,,,,4.3333333333
1,26,2,17,3,75,71.65,71.65,14,28,27,6,13,11,3,2,14,551.93,52,HomeOwner,F,73000,88140,25JAN2002,Platinum,5,,,23,5.1178571429
0,35,1,19,3,75,68.35,40,13,29,55,6,13,20,8,2,15,553.43,105,Unknown,M,125000,43810,,Platinum,3,,,,5.2576923077
0,41,1,17,5,100,100,100,10,15,13,4,6,5,1,1,20,1119.74,41,HomeOwner,F,54000,119080,03DEC1996,Gold,5,,,28,10
0,43,0,19,3,125,125,118.75,7,27,33,4,4,14,4,1,,1738.26,69,Unknown,F,45000,126360,,Platinum,5,,,,17.857142857
0,20,1,18,3,120,85,73.35,12,26,23,6,13,11,3,1,10,953.6,53,HomeOwner,F,72000,70460,31OCT1994,Platinum,5,,,30,7.0833333333
0,41,2,19,3,100,100,87.5,14,24,23,6,11,9,4,2,20,824.84,48,HomeOwner,M,61000,116740,11MAR2003,Gold,5,,,21,7.1428571429
0,24,3,16,2,50,42,32.85,26,48,107,11,22,38,23,3,9.33,318.48,117,Unknown,F,149000,111540,,Platinum,2,,,,1.6153846154
0,35,1,24,5,75,75,51.9,10,26,49,4,10,20,8,2,15,771.68,112,Unknown,F,99000,65650,,Platinum,3,,,,7.5
0,47,1,18,3,65,58.35,44.15,13,33,60,6,15,25,12,2,11,494.44,116,HomeOwner,F,114000,106080,25MAR2006,Platinum,2,,,18,4.4884615385
0,45,0,15,3,50,75,66.65,12,25,23,5,5,9,3,0,,709.82,55,HomeOwner,F,79000,62270,29OCT1985,Platinum,,,,39,6.25
0,41,2,21,3,65,60,45,11,29,67,5,13,26,15,3,12,493.18,128,HomeOwner,F,113000,37700,12JUL1994,Platinum,2,,,30,5.4545454545
0,53,1,23,5,75,75,56.25,10,28,55,4,12,20,8,2,15,784.58,105,HomeOwner,F,92000,81380,,Platinum,3,,,,7.5
0,52,0,18,3,80,75,51.15,13,33,72,6,6,31,13,3,,706.82,150,HomeOwner,F,100000,101140,01MAY2007,Platinum,3,,,17,5.7692307692
0,32,0,18,3,100,125,63.35,13,33,75,6,6,32,15,3,,1755.2,153,Unknown,F,82000,52130,,Platinum,3,,,,9.6153846154
0,35,1,18,3,125,108.35,118.75,13,32,62,6,15,25,8,2,20,1114.75,115,HomeOwner,F,45000,200590,21APR2006,Platinum,4,,,18,8.3346153846
0,23,0,17,5,75,75,48.35,9,21,30,4,4,12,3,0,,784.9,77,HomeOwner,M,105000,71890,24MAY2004,Platinum,,,,20,8.3333333333
0,51,1,26,3,80,75,55.7,9,27,53,4,12,19,7,2,14,698.2,101,HomeOwner,M,93000,92950,11NOV2002,Platinum,3,,,22,8.3333333333
0,24,1,18,3,50,37.5,32.8,11,24,65,4,9,22,18,3,5,354.8,147,Unknown,F,149000,105690,,Platinum,2,,,,3.4090909091
0,38,1,10,3,175,162.5,120.85,21,42,52,7,17,20,6,2,30,1749.57,79,HomeOwner,M,45000,437970,,Platinum,5,,,,7.7380952381
0,42,3,22,3,75,66.65,56.25,9,27,31,4,12,12,4,2,13.33,545.51,65,Unknown,M,92000,206310,19JAN2003,Platinum,3,,,22,7.4055555556
0,55,3,17,3,65,58.35,58.35,13,23,23,6,11,9,3,2,11.67,496.57,48,HomeOwner,F,89000,102050,10MAR2004,Gold,3,,,20,4.4884615385
0,32,3,22,2,85,77.5,70,13,30,53,6,14,19,7,2,15.67,590.45,99,HomeOwner,F,75000,91390,27APR1988,Platinum,3,,,36,5.9615384615
0,12,0,5,10,50,0,73,33,33,77,5,5,17,10,2,,349.19,87,Unknown,F,72000,101270,22APR1989,Platinum,3,,,35,0
0,33,1,24,3,55,52.5,40.65,10,27,63,4,10,24,15,3,11,734.2,121,HomeOwner,F,123000,0,07JAN2002,Platinum,2,,,23,5.25
0,70,2,21,3,75,50,50,12,22,21,6,11,9,2,2,10,490.32,48,HomeOwner,M,102000,328510,12JAN2002,Gold,5,,,23,4.1666666667
0,56,1,22,3,150,112.5,83.35,13,33,34,6,15,14,3,1,30,1109.69,64,Unknown,F,64000,231530,30JAN1993,Platinum,5,,,32,8.6538461538
0,30,1,17,5,100,100,100,10,15,13,4,6,5,1,1,20,1116.46,41,HomeOwner,M,54000,106470,22APR1979,Gold,5,,,45,10
0,29,0,26,3,100,100,67.3,10,32,69,5,5,27,13,3,,833.64,137,HomeOwner,M,78000,267800,25FEB1998,Platinum,3,,,26,10
0,28,1,24,5,75,75,50,11,31,50,6,15,20,8,2,15,787.52,89,Unknown,M,102000,140660,28NOV1991,Platinum,5,,,33,6.8181818182
0,25,0,18,3,125,125,100,13,35,79,6,6,34,15,3,,1752.16,154,HomeOwner,M,54000,624780,16DEC1993,Platinum,4,,,31,9.6153846154
0,32,3,22,3,90,51.65,42.15,12,32,41,6,16,18,7,2,10.33,675.35,81,Unknown,F,119000,105950,01JAN2003,Platinum,3,,,22,4.3041666667
0,22,0,18,3,80,80,60,13,33,56,6,6,22,8,2,,697.16,112,Unknown,F,87000,476710,,Platinum,3,,,,6.1538461538
0,26,2,16,3,75,75,75,14,22,19,6,10,8,2,2,15,707.41,45,HomeOwner,M,70000,104260,10MAR1984,Gold,5,,,40,5.3571428571
0,42,0,5,3,50,80,63.35,21,42,81,6,6,29,12,2,,710.12,147,HomeOwner,M,82000,175500,09JAN2004,Platinum,3,,,21,3.8095238095
0,14,2,7,2,125,100,106.25,24,41,62,8,16,23,8,2,17.5,1122.86,104,HomeOwner,M,51000,202800,19MAR2000,Platinum,4,,,24,4.1666666667
0,22,0,19,5,125,125,67.5,13,30,45,6,6,16,4,1,,1753.31,88,HomeOwner,F,78000,198640,30NOV1988,Platinum,5,,,36,9.6153846154
0,24,1,15,5,100,50,75,13,20,19,5,8,7,2,1,10,676.37,45,HomeOwner,M,70000,64610,21JUN1995,Gold,5,,,29,3.8461538462
0,23,1,17,3,70,63.35,48,13,31,64,6,14,25,10,2,14,544.6,137,HomeOwner,F,106000,44200,27FEB2000,Platinum,2,,,24,4.8730769231
0,30,1,15,3,55,40,32.5,7,9,9,2,3,3,4,2,5,335.52,41,Unknown,U,150000,62660,,Member,3,,,,5.7142857143
0,27,0,25,5,125,125,90,11,32,44,6,6,18,5,2,,1740.1,77,HomeOwner,F,59000,144950,21NOV1997,Platinum,5,,,27,11.363636364
0,58,3,15,2,55,53,41.35,11,32,74,5,16,31,22,3,10.67,391.04,148,HomeOwner,M,121000,160420,03MAR2007,Platinum,2,,,17,4.8181818182
0,31,0,17,3,80,70,60,10,24,43,4,4,15,4,1,,654.15,100,HomeOwner,M,87000,321880,12APR1992,Platinum,5,,,32,7
0,20,0,8,10,50,0,62.5,13,13,15,3,3,3,2,0,,348.86,39,HomeOwner,M,83000,82940,10DEC2002,Member,,,,22,0
0,20,8,17,1,25,28.2,30.15,13,31,78,6,17,32,36,4,5.5,170.12,154,HomeOwner,F,160000,116740,01DEC1997,Platinum,1,,,27,2.1692307692
0,21,1,5,5,100,125,83.35,13,23,21,5,9,8,3,2,25,1750.13,48,HomeOwner,F,64000,71890,27MAY2004,Gold,5,,,20,9.6153846154
0,0,1,18,3,75,75,45.45,11,25,62,4,10,21,11,3,15,705.38,128,Unknown,M,111000,58500,,Platinum,3,,,,6.8181818182
0,22,2,8,3,150,137.5,141.65,19,33,30,7,14,12,3,2,27.5,1746.14,53,HomeOwner,M,38000,81120,22JAN1999,Platinum,5,,,26,7.2368421053
0,30,0,18,3,85,78.35,68.55,13,35,46,6,6,19,7,1,,706.14,77,HomeOwner,F,76000,110370,30APR1993,Platinum,5,,,31,6.0269230769
0,45,1,18,3,150,175,107.5,13,32,63,6,15,28,10,2,50,1738.66,146,HomeOwner,F,50000,177840,21JUN1989,Platinum,4,,,35,13.461538462
0,30,0,16,3,75,75,55,12,30,51,5,5,20,7,1,,710.85,104,HomeOwner,F,94000,131820,29MAY2001,Platinum,5,,,23,6.25
1,37,1,17,5,75,75,75,10,15,13,4,6,5,1,1,15,586.56,41,HomeOwner,F,70000,178750,08APR1999,Gold,5,,,25,7.5
0,36,0,19,5,80,80,65,10,24,26,4,4,9,2,1,,1086.74,65,HomeOwner,F,80000,148720,15DEC2001,Platinum,5,,,23,8
0,34,1,24,3,45,62.5,56.25,22,36,37,11,18,16,4,1,9,555.49,51,Unknown,U,92000,88270,,Platinum,3,,,,2.8409090909
0,36,2,20,3,60,55,48,13,32,82,6,15,31,40,3,11,499.26,148,Unknown,F,106000,74490,,Platinum,2,,,,4.2307692308
0,38,5,17,1,40,32.5,35,13,34,57,6,17,24,12,3,6.8,214.59,109,HomeOwner,M,141000,107380,03JUN1951,Platinum,2,,,73,2.5
0,30,1,20,3,75,75,75,10,23,21,4,10,9,2,1,15,698.25,53,Unknown,M,70000,104130,29JUN1981,Platinum,5,,,43,7.5
0,37,5,22,1,45,44.15,36.65,12,32,42,6,16,19,9,3,7.8,225.46,81,HomeOwner,F,135000,62140,24NOV1987,Platinum,2,,,37,3.6791666667
0,34,2,18,3,80,65,65,6,12,11,2,5,5,2,2,13,1040.5,52,Unknown,M,80000,739180,,Member,5,,,,10.833333333
0,32,3,18,2,50,55,55,13,26,27,6,12,10,5,2,13.33,376.99,53,Unknown,F,94000,53690,09APR2006,Platinum,3,,,18,4.2307692308
0,35,0,24,5,145,145,92.5,11,31,60,6,6,22,8,2,,1740.15,114,HomeOwner,F,58000,134030,19OCT1996,Platinum,4,,,28,13.181818182
0,30,5,19,1,55,51.25,44.1,24,44,88,11,21,34,17,3,10,390.5,92,HomeOwner,F,115000,62660,13JAN1998,Platinum,2,,,27,2.1354166667
0,27,0,17,3,50,67.5,59.15,13,27,75,6,6,30,15,3,,540,149,Unknown,F,88000,101790,20JUL2005,Platinum,2,,,19,5.1923076923
0,43,0,4,5,0,155,92.15,24,43,63,7,7,22,7,2,,1749.33,96,Unknown,F,58000,142870,,Platinum,5,,,,6.4583333333
0,30,0,20,5,175,175,111.5,13,35,74,6,6,34,10,3,,1755.44,131,HomeOwner,F,48000,77220,27MAR2004,Platinum,4,,,20,13.461538462
1,36,1,7,1,50,50.85,44.2,27,48,75,11,21,28,19,3,5,267.29,92,HomeOwner,M,114000,44850,29FEB2000,Platinum,2,,,24,1.8833333333
0,14,0,19,5,75,75,55.85,13,33,53,6,6,20,6,2,,776.27,89,Unknown,M,92000,88400,15MAY1989,Platinum,5,,,35,5.7692307692
0,32,1,24,5,50,50,25.8,9,28,75,4,12,29,19,3,10,524.5,154,Unknown,M,183000,100880,22JAN2004,Platinum,2,,,21,5.5555555556
0,33,0,26,5,100,100,75,10,28,40,5,5,17,3,1,,1110.72,77,Unknown,F,70000,177580,10NOV2000,Platinum,5,,,24,10
0,29,0,26,3,100,70,44.3,10,32,39,5,5,16,7,1,,647.74,69,Unknown,F,114000,56680,17OCT2003,Platinum,5,,,21,7
0,34,0,18,3,125,112.5,91.65,11,24,24,5,5,11,3,1,,1112.57,65,HomeOwner,M,58000,124020,04NOV1989,Platinum,5,,,35,10.227272727
0,53,3,16,1,90,70.7,51,13,35,57,6,17,24,15,3,15,509.15,99,HomeOwner,M,100000,96070,11JUL2004,Platinum,3,,,20,5.4384615385
0,33,0,19,3,85,70,40,13,32,50,6,6,20,7,2,,650.91,112,HomeOwner,M,125000,49270,21FEB1996,Platinum,5,,,28,5.3846153846
0,35,2,18,3,80,80,56.65,11,28,68,4,11,29,9,3,16,713.04,150,HomeOwner,M,91000,43420,,Platinum,3,,,,7.2727272727
0,24,0,18,3,75,62.5,58.35,10,26,30,4,4,11,3,1,,554.7,68,Unknown,M,89000,65260,20DEC1988,Platinum,5,,,36,6.25
0,47,2,24,3,80,65,55,5,14,28,3,8,12,6,2,13,646.18,101,Unknown,M,94000,57460,02NOV2001,Platinum,3,,,23,13
0,31,0,19,5,175,175,100,13,26,55,6,6,23,6,2,,1753.08,121,HomeOwner,F,54000,59670,21FEB1989,Platinum,4,,,35,13.461538462
0,62,0,26,3,75,65,42.8,10,32,74,5,5,32,16,2,,539.61,145,HomeOwner,F,118000,62270,,Platinum,3,,,,6.5
0,31,0,20,3,75,38.35,29,12,32,32,6,6,15,5,1,,501.62,65,Unknown,M,165000,66040,29MAY2000,Platinum,5,,,24,3.1958333333
0,28,2,21,3,100,87.5,87.5,10,28,28,4,12,11,2,2,17.5,715.41,60,Unknown,F,61000,60970,,Platinum,5,,,,8.75
0,45,0,15,3,105,90,72.5,12,29,41,5,5,16,4,1,,967.26,81,Unknown,F,73000,66560,24MAY2002,Member,5,,,22,7.5
0,33,1,15,3,100,97.5,88,14,31,49,5,13,18,5,2,19,697.43,89,HomeOwner,F,60000,113750,30MAR1986,Member,3,,,38,6.9642857143
0,35,1,21,5,100,100,100,10,17,15,4,7,6,1,1,20,1125.1,45,HomeOwner,M,54000,110240,,Gold,5,,,,10
0,26,1,19,3,75,75,75,10,23,21,4,10,9,2,1,15,705.17,53,HomeOwner,F,70000,95550,02JUN1984,Platinum,5,,,40,7.5
0,38,1,17,5,125,125,125,11,16,14,5,7,6,1,1,25,1749.5,41,Unknown,F,43000,77610,10APR1955,Gold,5,,,69,11.363636364
0,31,3,15,2,50,37.5,37.5,13,25,24,5,10,9,4,2,6.67,317.56,52,HomeOwner,F,132000,137150,06MAY1984,Platinum,3,,,40,2.8846153846
0,33,0,19,3,85,67.5,47.5,14,31,48,6,6,18,6,1,,651.31,92,HomeOwner,M,107000,47060,23JUL1993,Platinum,5,,,31,4.8214285714
0,44,3,20,2,50,50,45.6,12,33,68,5,15,26,17,3,10,377.52,116,HomeOwner,F,111000,68640,01JUL2005,Platinum,2,,,19,4.1666666667
0,37,0,18,3,100,80,60,13,30,55,6,6,21,7,2,,701.5,113,Unknown,M,87000,94120,11JUL2006,Platinum,5,,,18,6.1538461538
0,22,0,15,5,75,75,45,11,27,41,4,4,14,4,2,,785,92,HomeOwner,F,113000,65000,01FEB1998,Platinum,5,,,27,6.8181818182
0,33,0,25,5,185,185,89.05,12,34,81,6,6,34,21,3,,1750.4,148,HomeOwner,F,60000,105690,19DEC1993,Platinum,4,,,31,15.416666667
0,32,2,19,3,125,112.5,112.5,6,13,13,1,5,5,2,2,22.5,1118.16,54,Unknown,F,48000,89570,,Member,5,,,,18.75
0,31,0,18,5,100,100,109.4,13,35,56,6,6,23,8,1,,1124.91,92,Unknown,M,49000,54990,03JUN1988,Platinum,5,,,36,7.6923076923
1,32,7,12,1,20,25,22.85,26,44,60,11,20,23,14,3,5.57,228.16,77,Unknown,M,202000,183040,15MAY1990,Platinum,1,,,34,0.9615384615
0,28,0,23,5,250,250,117.5,12,22,46,5,5,22,10,2,,4247.52,136,Unknown,F,46000,239720,27OCT1992,Platinum,4,,,32,20.833333333
0,38,0,18,10,125,0,95,31,31,59,4,4,12,4,1,,663.98,65,HomeOwner,F,56000,447330,27OCT1981,Platinum,5,,,43,0
0,37,0,26,5,125,125,70,10,27,52,5,5,23,5,2,,1748.03,146,HomeOwner,F,75000,84370,29FEB1984,Platinum,5,,,40,12.5
0,39,3,17,3,50,53.35,53.35,13,22,22,6,11,9,3,2,10.67,389.8,48,HomeOwner,F,96000,80990,13FEB2003,Gold,3,,,22,4.1038461538
0,24,0,18,3,100,83.35,75,13,34,40,6,6,16,5,1,,712.42,69,Unknown,M,70000,82940,27JUL1998,Platinum,5,,,26,6.4115384615
0,34,2,25,2,50,40,31.55,10,31,77,5,15,32,36,3,7.5,315.32,149,HomeOwner,F,154000,62270,16DEC1950,Platinum,2,,,74,4
0,12,0,26,3,150,137.5,87,11,33,41,5,5,18,5,2,,1742.32,77,Unknown,F,61000,87750,27MAR2002,Platinum,5,,,22,12.5
0,29,2,23,3,55,55,39,11,29,71,5,13,31,15,3,11,384.3,153,Unknown,U,128000,54470,23FEB2005,Platinum,2,,,19,5
0,39,0,18,5,125,150,112.5,13,35,58,6,6,23,6,2,,1739.04,100,HomeOwner,M,48000,171730,20FEB2005,Platinum,5,,,19,11.538461538
0,36,1,21,3,100,100,51.9,13,33,68,6,16,31,13,3,20,836.8,153,HomeOwner,M,99000,67210,23JAN2000,Platinum,3,,,25,7.6923076923
0,34,0,18,3,125,125,106.25,14,31,42,6,6,18,4,1,,1744.75,81,Unknown,M,51000,93080,09JAN1997,Platinum,5,,,28,8.9285714286
0,26,1,18,3,85,80,56.45,12,29,62,5,13,27,7,2,15,708.62,134,HomeOwner,M,92000,107900,29JAN2005,Platinum,3,,,20,6.6666666667
0,32,0,18,5,125,125,116.65,13,34,36,6,6,15,3,1,,1736.68,65,HomeOwner,F,46000,100360,25MAR1993,Platinum,5,,,31,9.6153846154
0,13,1,21,3,1625,1562.5,416.35,32,53,102,6,17,32,15,3,325,83007.5,144,Unknown,M,13000,53690,,Platinum,4,,,,48.828125
0,31,0,25,5,95,95,76.25,9,27,47,4,4,17,4,1,,1095.13,99,Unknown,M,69000,53170,,Platinum,5,,,,10.555555556
0,24,0,18,5,75,75,50,10,22,20,4,4,7,2,0,,773.97,54,Unknown,F,102000,63180,,Platinum,,,,,7.5
0,27,0,24,5,85,100,46.45,11,32,68,6,6,30,14,2,,1111.75,122,Unknown,F,109000,42510,21NOV2003,Platinum,5,,,21,9.0909090909
0,33,0,26,10,90,0,113,26,26,63,5,5,17,5,0,,675.63,75,Unknown,F,48000,47320,,Platinum,,,,,0
0,20,0,27,5,75,75,100,10,30,36,4,4,13,2,1,,785.53,65,Unknown,F,54000,82940,,Platinum,5,,,,7.5
0,23,0,19,5,80,80,38.35,13,26,58,4,4,22,6,0,,1088.17,122,HomeOwner,F,130000,49920,22MAR2006,Platinum,,,,18,6.1538461538
0,30,0,26,2,80,56.25,37.9,11,33,43,5,5,17,12,2,,386.07,77,Unknown,F,131000,157950,06APR2006,Platinum,5,,,18,5.1136363636
0,45,3,26,2,80,73.75,63.5,11,33,77,5,16,30,30,3,14.33,504.29,137,HomeOwner,M,82000,64350,31MAR1993,Platinum,3,,,31,6.7045454545
0,36,0,18,5,100,100,61.25,13,29,50,6,6,19,8,2,,1109.76,99,Unknown,F,85000,22750,28NOV2001,Platinum,5,,,23,7.6923076923
0,34,1,16,3,50,50,44.1,7,14,38,3,6,15,11,2,10,392.85,140,Unknown,F,115000,106860,,Platinum,2,,,,7.1428571429
0,39,0,18,5,125,125,87,13,32,49,6,6,20,5,2,,1744.48,91,Unknown,F,61000,84760,10MAR2000,Platinum,5,,,24,9.6153846154
1,52,5,9,1,35,42.15,24.85,25,44,90,11,21,38,39,4,6.8,244.59,153,Unknown,M,188000,91520,,Platinum,1,,,,1.686
0,28,0,26,5,100,100,75,10,30,30,4,4,13,2,1,,1107.72,63,Unknown,F,70000,55640,,Platinum,5,,,,10
0,60,5,15,1,45,46.25,43.2,13,26,26,6,13,11,11,2,9.8,223.15,53,HomeOwner,F,117000,145210,29JUL2001,Platinum,2,,,23,3.5576923077
0,50,3,19,1,25,30.85,29.75,7,24,65,4,13,28,21,3,5,215.96,154,HomeOwner,U,162000,59800,20JUN2005,Platinum,1,,,19,4.4071428571
0,0,4,7,1,100,83.35,83.35,26,46,59,11,21,24,9,2,15,594.69,61,Unknown,F,64000,55900,,Platinum,3,,,,3.2057692308
0,41,2,17,3,35,25,36.75,6,17,42,3,8,12,17,3,6,232.5,142,Unknown,M,135000,51610,25NOV2004,Platinum,1,,,20,4.1666666667
0,0,0,6,3,40,41.65,48.25,20,41,81,6,6,27,17,2,,314.69,105,HomeOwner,M,106000,751790,04NOV2002,Platinum,2,,,22,2.0825
0,39,0,15,3,50,55,39.6,13,32,66,6,6,31,12,2,,393.6,129,Unknown,F,126000,184080,25JAN1997,Platinum,2,,,28,4.2307692308
0,32,1,20,5,100,100,107,13,32,55,6,15,22,5,2,20,1119.24,113,HomeOwner,F,50000,141700,27JAN2005,Platinum,3,,,20,7.6923076923
0,11,0,15,3,55,58.35,47,12,23,33,6,6,13,5,1,,397.61,98,HomeOwner,F,108000,125710,28NOV1988,Platinum,3,,,36,4.8625
0,30,2,7,2,125,83.75,77.9,26,45,87,11,21,34,12,2,15,968.53,96,Unknown,M,68000,57980,04FEB1995,Platinum,4,,,30,3.2211538462
0,30,3,17,2,50,48,40.55,17,38,43,7,17,17,9,2,10,325.73,65,HomeOwner,F,123000,41730,17DEC1989,Platinum,2,,,35,2.8235294118
0,0,0,4,10,0,0,62.5,35,35,95,4,4,23,14,2,,493.25,129,HomeOwner,M,83000,380120,,Platinum,4,,,,0
1,43,4,17,1,50,32.5,29.4,14,35,36,6,16,15,8,2,6,201.58,65,HomeOwner,F,164000,30680,19NOV1985,Platinum,2,,,39,2.3214285714
0,25,4,16,2,105,86,72.5,14,34,38,6,16,15,8,2,17.75,956.27,64,Unknown,M,73000,93860,14DEC1985,Platinum,3,,,39,6.1428571429
1,30,1,24,3,75,60,47,11,31,40,6,15,17,5,2,15,920.9,76,HomeOwner,F,108000,32630,07JAN1997,Platinum,3,,,28,5.4545454545
0,31,0,16,5,100,100,100,12,17,14,5,5,6,1,0,,1116.45,40,HomeOwner,M,54000,96980,25JUL1989,Gold,,,,35,8.3333333333
0,19,1,17,5,100,100,100,11,16,14,4,6,5,1,1,20,1108.58,41,HomeOwner,U,54000,58630,10NOV1991,Gold,5,,,33,9.0909090909
0,19,0,6,5,50,75,62.5,12,16,14,4,4,5,2,0,,775.15,39,Unknown,M,83000,71760,17NOV1998,Gold,,,,26,6.25
0,29,0,16,5,100,100,100,12,17,14,5,5,6,1,0,,1111.41,40,Unknown,M,54000,61490,14MAR2002,Gold,,,,22,8.3333333333
0,32,0,15,5,125,125,58.15,23,32,56,3,3,14,8,2,,1753.11,92,HomeOwner,M,89000,156910,23NOV2005,Member,5,,,19,5.4347826087
0,49,1,16,5,125,125,125,12,17,14,5,7,6,1,1,25,1744.98,40,Unknown,M,43000,53690,16JUN1978,Gold,5,,,46,10.416666667
0,22,1,18,3,250,250,250,7,27,33,4,15,14,4,2,50,4254.37,65,HomeOwner,F,22000,119470,05FEB2006,Platinum,5,,,19,35.714285714
1,22,0,16,5,75,75,75,11,16,13,4,4,5,1,0,,586.56,40,HomeOwner,M,70000,119600,30JAN1979,Gold,,,,46,6.8181818182
0,35,0,15,2,125,127,105.9,29,50,73,6,6,19,11,1,,1746.94,89,Unknown,M,51000,88790,27APR2005,Platinum,5,,,19,4.3793103448
0,32,0,20,5,100,100,100,10,16,15,4,4,5,1,0,,1124.04,44,HomeOwner,F,54000,189540,,Gold,,,,,10
0,44,2,20,2,90,81.25,51.5,13,35,65,6,17,26,10,2,16.5,593.77,125,HomeOwner,M,100000,120120,06JUL2002,Platinum,3,,,22,6.25
0,38,1,17,5,125,125,125,11,16,14,5,7,6,1,1,25,1753.35,41,HomeOwner,M,43000,62400,11JUL1996,Gold,5,,,28,11.363636364
0,53,5,16,1,30,32.15,27.5,15,36,54,6,17,22,16,3,5.8,210.29,88,HomeOwner,F,173000,134030,08DEC1988,Platinum,1,,,36,2.1433333333
0,36,3,23,3,105,110,101,12,31,35,6,17,16,5,2,22,1117.33,65,HomeOwner,F,53000,483600,04AUG2004,Platinum,3,,,20,9.1666666667
0,24,1,5,5,100,100,100,8,18,16,3,7,6,2,1,20,1124.32,48,Unknown,M,54000,94380,27MAR1993,Gold,5,,,31,12.5
0,13,3,17,1,25,25,16.9,12,33,66,6,17,31,32,3,4.67,181.99,150,Unknown,M,257000,65000,05MAY2002,Platinum,1,,,22,2.0833333333
1,36,3,21,2,30,30,30.85,11,32,58,5,16,23,12,3,6,215.64,113,HomeOwner,M,157000,159510,18MAY2006,Platinum,1,,,18,2.7272727273
1,41,5,17,2,50,41,41,12,30,30,6,15,13,5,2,8.2,263.12,57,Unknown,M,122000,57330,27OCT1993,Platinum,2,,,31,3.4166666667
0,27,1,21,5,75,75,75,4,7,7,1,3,3,1,1,15,773.13,45,Unknown,U,70000,110370,,Member,5,,,,18.75
0,52,3,18,3,50,45,40,14,33,31,6,15,13,5,2,9,335.95,56,Unknown,U,125000,114660,,Platinum,3,,,,3.2142857143
0,37,1,26,3,100,75,75,9,26,25,4,11,10,2,1,10,700.14,57,Unknown,M,70000,101660,15DEC1994,Platinum,5,,,30,8.3333333333
0,26,4,18,1,25,22.15,19.6,13,34,75,6,17,33,39,3,4.25,179.2,151,Unknown,M,229000,32110,31MAY2002,Platinum,1,,,22,1.7038461538
1,14,1,16,5,75,90,63.15,14,36,82,6,17,35,19,3,18,788.27,146,HomeOwner,M,83000,768820,02MAY1996,Platinum,3,,,28,6.4285714286
0,32,1,17,5,100,100,45,13,32,40,6,15,16,5,2,20,1108.83,77,HomeOwner,F,113000,94250,13NOV1997,Platinum,3,,,27,7.6923076923
0,43,3,16,1,25,28.35,26.55,13,34,54,6,16,21,13,2,6.33,199.22,101,Unknown,M,178000,86190,12MAY2004,Platinum,1,,,20,2.1807692308
0,36,4,19,1,45,39.3,35.85,11,30,40,5,15,17,12,3,6.75,233.86,76,HomeOwner,F,138000,112450,05NOV2003,Platinum,2,,,21,3.5727272727
0,23,0,19,3,50,36.65,35,12,29,71,5,5,28,15,3,,354.03,151,Unknown,F,141000,58500,24DEC1996,Platinum,2,,,28,3.0541666667
0,47,1,16,5,100,100,100,11,16,13,5,7,6,1,1,20,1112.5,40,HomeOwner,M,54000,72540,11OCT2005,Gold,5,,,19,9.0909090909
0,37,1,6,3,0,75,50,11,28,29,6,13,13,4,2,20,708.27,67,HomeOwner,M,102000,89180,21JAN1986,Platinum,5,,,39,6.8181818182
1,32,1,17,3,70,63.35,46.8,13,33,68,6,15,28,11,2,14,531.04,145,Unknown,M,109000,139620,29JUN1997,Platinum,2,,,27,4.8730769231
0,39,3,18,2,30,31.25,31,14,29,28,6,13,11,5,2,6.67,229.29,56,HomeOwner,M,156000,63310,14JUN2005,Platinum,2,,,19,2.2321428571
1,48,3,18,2,50,35,31.1,13,32,74,6,15,32,18,3,6,214.58,133,HomeOwner,F,156000,102180,06APR2004,Platinum,2,,,20,2.6923076923
0,36,1,16,3,75,68.35,63.75,12,28,36,5,12,15,4,2,15,538.24,74,HomeOwner,M,82000,81510,12DEC1998,Platinum,5,,,26,5.6958333333
1,42,2,18,2,65,58.75,39.85,12,33,84,5,15,33,28,3,10.5,403.86,152,HomeOwner,M,125000,84370,29NOV1996,Platinum,2,,,28,4.8958333333
1,26,1,17,3,55,55,35.55,13,31,71,6,15,27,18,3,11,508.42,129,Unknown,F,139000,76960,15JUL1984,Platinum,2,,,40,4.2307692308
0,40,2,24,3,60,60,46.5,11,30,69,5,15,27,20,3,12,497.49,124,Unknown,F,109000,54080,09JUL2006,Platinum,2,,,18,5.4545454545
0,42,3,20,3,75,83.35,83.35,13,31,31,6,14,12,3,2,16.67,698.83,57,HomeOwner,M,64000,50700,17APR2000,Platinum,5,,,24,6.4115384615
1,40,3,15,2,40,44,36.95,11,32,62,6,17,25,18,3,9,270.06,105,HomeOwner,M,134000,214110,,Platinum,2,,,,4
0,36,1,19,3,75,57.5,43.75,12,30,36,6,13,14,4,2,15,496.25,77,HomeOwner,F,115000,72540,22JUN2002,Platinum,5,,,22,4.7916666667
1,30,2,24,3,100,75,43.75,11,31,51,6,15,18,8,2,15,741.53,99,HomeOwner,F,115000,82680,07JUL1992,Platinum,3,,,32,6.8181818182
0,35,1,16,5,75,75,75,6,8,7,1,2,2,1,1,15,783.58,40,Unknown,U,70000,117520,,Member,5,,,,12.5
1,31,1,16,5,100,100,100,12,17,14,5,7,6,1,1,20,1233.97,40,Unknown,M,54000,150540,04JUL1997,Gold,5,,,27,8.3333333333
0,25,1,21,5,100,100,100,8,11,11,2,4,4,1,1,20,1121.37,45,Unknown,M,54000,87100,,Member,5,,,,12.5
0,22,0,24,5,75,75,63.35,10,26,62,4,4,19,6,2,,778.68,112,HomeOwner,F,82000,89830,28NOV1999,Platinum,5,,,25,7.5
0,34,0,4,5,125,80,83.75,25,37,65,3,3,16,12,2,,1088.71,98,HomeOwner,M,63000,118560,16FEB1986,Platinum,5,,,38,3.2
0,32,1,21,5,100,100,100,7,13,12,3,6,5,1,1,20,1121.65,45,Unknown,M,54000,349050,,Gold,5,,,,14.285714286
0,24,2,18,2,50,38.75,21.65,15,37,77,6,17,32,24,3,8,326.13,147,Unknown,F,211000,87880,14JAN2004,Platinum,2,,,21,2.5833333333
0,23,1,20,5,100,100,100,10,16,16,4,7,6,1,1,20,1125.54,44,HomeOwner,F,54000,130000,,Gold,5,,,,10
0,42,1,15,3,105,90,76.65,11,30,34,5,13,13,3,2,15,955.9,65,HomeOwner,M,69000,73060,17OCT2003,Member,5,,,21,8.1818181818
0,19,1,16,5,150,150,150,11,15,13,5,7,6,1,1,30,1753.65,40,Unknown,F,36000,365690,04JUN1989,Gold,5,,,35,13.636363636
0,56,0,26,5,125,125,125,4,10,9,2,2,5,1,0,,1736.47,50,Unknown,M,43000,126620,,Member,,,,,31.25
1,36,3,18,2,50,71.25,63.55,13,33,55,6,16,23,7,2,13.33,280.64,99,HomeOwner,M,82000,707720,14MAY2006,Platinum,2,,,18,5.4807692308
0,36,1,16,3,75,63.35,49.45,14,33,46,6,14,18,9,2,16,551.58,80,Unknown,F,103000,76310,,Platinum,5,,,,4.525
1,16,3,19,2,85,78.75,68.3,13,35,90,6,17,34,29,3,16,526.02,151,Unknown,F,77000,327080,,Platinum,3,,,,6.0576923077
0,32,1,27,5,100,100,100,4,9,8,2,5,5,1,1,20,1119.71,51,Unknown,M,54000,51480,,Member,5,,,,25
1,37,4,16,2,100,88.75,48.8,14,35,78,6,16,31,17,3,17.75,693.12,151,HomeOwner,M,105000,287690,05JAN2006,Platinum,3,,,19,6.3392857143
0,42,2,4,3,125,100,108.35,10,24,22,4,10,9,3,2,20,1128.16,53,Unknown,M,50000,113100,,Platinum,5,,,,10
1,8,2,16,3,50,30,26.1,15,34,50,6,15,20,9,2,7.5,236.06,90,Unknown,F,181000,456820,,Platinum,2,,,,2
1,27,2,15,3,50,112.5,75,14,32,36,6,15,15,4,2,22.5,738.06,68,HomeOwner,F,70000,120770,,Platinum,3,,,,8.0357142857
0,29,1,15,5,75,75,75,7,9,9,2,3,3,1,1,15,787.94,39,HomeOwner,F,70000,696670,,Member,5,,,,10.714285714
0,23,0,26,5,125,125,77.5,11,31,72,5,5,30,8,2,,1742.52,145,HomeOwner,M,68000,479440,19JUN2005,Platinum,4,,,19,11.363636364
1,27,1,20,5,75,75,75,8,15,13,3,6,5,1,1,15,927.56,44,HomeOwner,M,70000,292760,18JAN1994,Gold,5,,,31,9.375
0,21,6,19,1,100,39.6,43.45,13,34,39,6,16,16,8,3,7.92,224.42,69,HomeOwner,F,116000,101660,24JUN1989,Platinum,3,,,35,3.0461538462
0,34,6,21,1,100,70.85,63.2,13,31,50,5,16,20,11,3,14.17,509.78,92,Unknown,F,82000,763620,,Platinum,3,,,,5.45
0,33,3,15,1,75,75,56.5,14,36,79,6,17,33,23,3,14,592.7,149,HomeOwner,M,91000,59020,30DEC1990,Platinum,3,,,34,5.3571428571
1,36,3,18,2,65,56,45.45,13,33,52,6,15,22,11,2,10.33,349.17,99,HomeOwner,M,111000,281580,06JAN1996,Platinum,2,,,29,4.3076923077
0,3,2,16,2,25,27.5,26.45,13,31,33,6,15,14,7,2,6.5,216.95,64,Unknown,M,179000,56940,,Platinum,2,,,,2.1153846154
0,18,2,15,2,60,61.25,59,13,28,26,6,14,12,5,2,13.5,394.38,53,HomeOwner,M,88000,253890,13APR1994,Platinum,3,,,30,4.7115384615
0,32,0,9,3,50,60,63.1,33,51,79,7,7,19,13,2,,398.67,89,Unknown,M,83000,193440,16JUN2005,Platinum,3,,,19,1.8181818182
1,28,3,19,2,50,57.5,42.65,13,35,63,6,17,27,15,3,10.33,375.78,147,HomeOwner,F,118000,355940,24FEB1999,Platinum,2,,,25,4.4230769231
0,36,1,24,5,75,75,75,8,18,16,3,7,6,1,1,15,773.77,48,HomeOwner,M,70000,205790,25MAR1993,Gold,5,,,31,9.375
1,35,1,17,5,75,75,75,11,16,14,4,6,5,1,1,15,711.56,41,Unknown,F,70000,383110,,Gold,5,,,,6.8181818182
1,45,2,20,3,30,62.5,46.25,13,31,32,6,15,13,4,2,12.5,403.58,57,Unknown,F,110000,66820,,Platinum,2,,,,4.8076923077
1,36,2,16,2,65,63.75,58.15,15,36,70,6,16,29,16,3,13,385.46,149,Unknown,M,89000,212810,15JAN2001,Platinum,2,,,24,4.25
1,40,6,15,1,15,23.65,24.25,14,34,80,6,17,34,33,3,5.33,161.3,153,Unknown,F,192000,69810,,Platinum,1,,,,1.6892857143
0,40,1,19,5,75,75,75,10,15,12,4,6,5,1,1,15,771.08,43,HomeOwner,M,70000,206050,26APR2001,Gold,5,,,23,7.5
0,27,1,20,5,75,75,75,4,7,6,2,4,4,1,1,15,770.52,44,Unknown,U,70000,211250,,Member,5,,,,18.75
0,37,2,18,3,75,75,56.65,12,32,46,6,16,19,6,2,15,709.34,89,HomeOwner,F,91000,204880,23APR1987,Platinum,3,,,37,6.25
0,35,0,20,5,125,125,125,11,17,16,5,5,6,1,0,,1753.73,44,Unknown,F,43000,35750,,Gold,,,,,11.363636364
0,32,0,16,5,75,75,75,11,16,13,4,4,5,1,0,,772.02,40,HomeOwner,F,70000,400790,30MAR1997,Gold,,,,27,6.8181818182
1,0,3,19,2,75,33.75,23.35,13,33,78,6,16,34,36,4,4,198.46,150,HomeOwner,F,198000,98020,16DEC1995,Platinum,3,,,29,2.5961538462
1,37,2,19,2,50,43,40,14,34,37,6,15,14,6,2,10,303.36,65,Unknown,F,125000,235170,,Platinum,3,,,,3.0714285714
0,37,0,20,5,75,75,75,8,14,13,3,3,4,1,0,,773.19,44,Unknown,F,70000,113620,,Gold,,,,,9.375
1,48,4,16,1,50,50,47.2,14,33,40,6,17,17,9,2,10,265.9,69,HomeOwner,M,108000,116870,29MAR2003,Platinum,2,,,21,3.5714285714
0,29,4,16,1,35,30,24.5,16,38,84,6,17,32,21,3,6,204.55,146,Unknown,M,191000,570960,09JUN2005,Platinum,1,,,19,1.875
0,30,1,16,5,90,90,90,11,16,13,4,6,5,1,1,18,1086.22,40,Unknown,M,59000,274820,29NOV1999,Gold,5,,,25,8.1818181818
0,29,0,20,5,100,100,100,10,16,16,4,4,5,1,0,,1107.02,44,HomeOwner,M,54000,64610,31OCT1998,Gold,,,,26,10
0,4,3,15,2,70,67.5,67.5,13,34,33,6,16,14,4,2,16.33,425.18,59,Unknown,F,78000,174720,,Platinum,3,,,,5.1923076923
0,28,2,20,3,100,83.35,57.2,13,32,53,6,15,20,9,2,17.5,712.77,89,Unknown,F,90000,40040,26JUN1990,Platinum,3,,,34,6.4115384615
1,33,1,24,5,75,75,75,7,18,15,3,7,6,1,1,15,711.56,48,HomeOwner,F,70000,312390,16NOV2005,Gold,5,,,19,10.714285714
0,30,0,15,3,75,65,51.65,10,25,28,4,4,10,3,1,,548.25,68,Unknown,F,99000,53560,,Platinum,5,,,,6.5
1,15,1,18,3,45,33.35,36.15,16,35,65,6,15,24,13,2,5,243.33,112,HomeOwner,F,137000,231530,06JUL2005,Platinum,2,,,19,2.084375
1,36,0,22,5,100,100,85,10,22,46,4,4,14,6,2,,1010.51,113,HomeOwner,F,63000,40690,04JUL2006,Platinum,3,,,18,10
0,42,1,24,2,55,55,40.45,11,32,62,6,16,28,11,2,11,379.04,140,Unknown,U,124000,122850,13DEC1998,Platinum,2,,,26,5
0,31,1,17,5,100,100,100,9,14,13,3,5,5,1,1,20,1122.09,41,Unknown,M,54000,90610,,Gold,5,,,,11.111111111
0,29,1,17,5,125,125,125,11,16,14,5,7,6,1,1,25,1751.99,41,HomeOwner,M,43000,196690,21JUN1988,Gold,5,,,36,11.363636364
0,48,3,16,3,85,78.35,78.35,13,27,25,6,13,11,3,2,15.67,709.6,53,HomeOwner,M,67000,192400,,Platinum,5,,,,6.0269230769
0,25,1,17,5,100,100,100,4,6,5,2,3,3,1,1,20,1118.63,41,Unknown,M,54000,37440,,Member,5,,,,25
0,35,1,21,5,75,75,75,8,15,13,3,6,5,1,1,15,777.44,45,Unknown,F,70000,53950,,Gold,5,,,,9.375
0,29,2,24,3,75,62.5,62.5,10,23,22,4,10,9,2,2,12.5,539.66,53,Unknown,F,83000,357500,04AUG1997,Platinum,5,,,27,6.25
0,37,6,11,1,100,85.55,83.75,29,49,107,11,22,38,20,3,17,582.17,102,HomeOwner,F,63000,81120,26NOV2003,Platinum,3,,,21,2.95
0,18,1,26,3,75,75,54,9,28,43,4,12,16,5,2,15,703.84,88,Unknown,M,95000,213720,18DEC2005,Platinum,5,,,19,8.3333333333
0,29,1,17,5,75,75,75,10,15,13,4,6,5,1,1,15,788.81,41,HomeOwner,F,70000,205790,09JUN1998,Gold,5,,,26,7.5
1,23,3,21,3,100,76.65,64.15,13,32,60,6,17,24,23,3,15.33,442.97,100,HomeOwner,F,81000,341250,07DEC1998,Platinum,3,,,26,5.8961538462
0,45,1,21,5,100,100,63.9,15,25,62,6,12,23,9,3,20,1122.99,135,Unknown,F,82000,67990,13NOV2001,Platinum,3,,,23,6.6666666667
0,34,2,23,3,80,65,65,10,23,24,4,10,9,2,2,13,650.25,52,HomeOwner,F,80000,450840,10FEB2003,Platinum,5,,,22,6.5
0,29,1,17,5,75,75,75,10,15,13,4,6,5,1,1,15,784.83,41,Unknown,M,70000,34320,,Gold,5,,,,7.5
0,40,1,18,3,80,65,65,10,23,21,4,10,9,2,1,10,650.63,53,Unknown,F,80000,226850,02FEB2001,Platinum,5,,,24,6.5
1,18,5,15,1,20,36.65,29.75,15,35,61,6,17,25,19,3,7.4,205.6,113,Unknown,M,162000,111410,25MAR2003,Platinum,1,,,21,2.4433333333
0,39,1,15,5,75,75,75,7,9,9,2,3,3,1,1,15,771.77,39,HomeOwner,F,70000,119600,10DEC1975,Member,5,,,49,10.714285714
0,33,2,23,3,80,65,65,10,27,25,4,11,10,2,2,13,651.99,57,Unknown,F,80000,290030,07FEB2003,Platinum,5,,,22,6.5
0,65,1,24,3,50,50,34.7,11,26,73,3,10,20,17,3,10,385.04,114,HomeOwner,M,142000,72150,15FEB2002,Platinum,2,,,23,4.5454545455
0,48,1,16,3,75,65,53.35,9,29,45,4,13,16,6,2,15,545.09,88,HomeOwner,F,96000,328120,01JAN2006,Platinum,5,,,19,7.2222222222
1,27,4,17,1,50,51.65,51.65,13,32,33,6,15,13,6,2,10,266.68,57,HomeOwner,F,99000,134290,22NOV1999,Platinum,2,,,25,3.9730769231
0,37,1,26,3,75,62.5,58.35,10,26,35,4,11,14,3,2,10,544.08,80,Unknown,M,89000,212550,,Platinum,5,,,,6.25
0,27,1,20,5,115,115,115,10,17,15,4,7,6,1,1,23,1116.51,44,Unknown,F,47000,180440,28JUN2002,Gold,5,,,22,11.5
1,20,1,21,5,100,100,100,10,17,15,4,7,6,1,1,20,1508.97,45,HomeOwner,F,54000,276250,03MAY1991,Gold,5,,,33,10
0,29,1,21,5,75,75,75,9,16,15,3,6,5,1,1,15,789.19,45,HomeOwner,F,70000,126230,,Gold,5,,,,8.3333333333
0,25,1,21,3,100,75,75,10,25,25,4,11,10,2,1,20,709.82,56,HomeOwner,F,70000,280280,,Platinum,5,,,,7.5
0,45,3,7,2,50,50,42.25,24,44,64,11,21,26,11,2,10,377.89,86,HomeOwner,M,119000,83200,06MAR2002,Platinum,2,,,22,2.0833333333
1,31,1,17,5,115,115,115,11,16,14,5,7,6,1,1,23,1211.58,41,Unknown,F,47000,456820,,Gold,5,,,,10.454545455
0,28,1,17,5,100,100,100,9,14,13,3,5,5,1,1,20,1124.15,41,HomeOwner,F,54000,63700,03FEB1994,Gold,5,,,31,11.111111111
0,9,1,26,3,250,250,145.7,7,29,45,3,14,19,7,2,50,4258.19,77,HomeOwner,F,37000,127270,19APR2007,Platinum,4,,,17,35.714285714
0,20,1,17,5,75,75,75,6,8,7,2,3,3,1,1,15,782.96,41,Unknown,M,70000,78650,,Member,5,,,,12.5
0,30,1,17,5,75,75,50,10,26,32,4,11,12,3,2,15,789.42,68,HomeOwner,F,102000,204490,14APR2002,Platinum,5,,,22,7.5
0,32,2,15,3,50,50,50,12,20,17,5,8,7,3,2,10,388.38,47,Unknown,F,102000,113100,,Gold,3,,,,4.1666666667
0,41,1,18,3,75,75,51,12,30,51,4,12,18,5,2,15,707.67,99,Unknown,F,100000,254800,,Platinum,5,,,,6.25
0,22,2,18,3,75,75,53.55,13,32,49,6,15,19,7,2,15,704.15,86,HomeOwner,F,96000,104260,22DEC1981,Platinum,3,,,43,5.7692307692
0,24,0,18,10,125,0,78.55,13,13,64,6,6,29,7,2,,673.31,146,HomeOwner,M,67000,180700,17MAY1990,Platinum,5,,,34,0
0,34,1,19,5,150,150,150,11,16,13,5,7,6,1,1,30,1742.94,43,Unknown,F,36000,85670,22JAN1974,Gold,5,,,51,13.636363636
0,34,1,24,5,125,125,125,9,19,17,4,8,7,1,1,25,1738.71,48,HomeOwner,F,43000,131690,23APR2002,Gold,5,,,22,13.888888889
0,43,1,18,3,125,62.5,70,14,27,48,6,11,18,5,2,15,649.64,105,HomeOwner,M,75000,282620,24JAN2006,Platinum,5,,,19,4.4642857143
1,33,1,22,5,100,100,62.5,10,21,19,4,8,7,2,1,20,713.27,59,Unknown,F,83000,70200,,Platinum,5,,,,10
0,31,1,15,3,50,60,45.85,9,20,32,4,9,12,6,2,15,501.19,101,HomeOwner,F,111000,45500,14DEC2001,Platinum,3,,,23,6.6666666667
0,49,4,17,2,240,111.25,83.35,7,16,21,4,11,10,6,2,22.25,1117.3,65,HomeOwner,M,64000,80340,08FEB1996,Platinum,4,,,29,15.892857143
0,16,6,7,1,100,68.35,76.35,28,47,65,11,21,24,11,3,15.17,496.16,69,HomeOwner,M,69000,49140,24APR2006,Platinum,3,,,18,2.4410714286
1,38,1,16,5,75,75,75,11,16,13,4,6,5,1,1,15,711.56,40,Unknown,F,70000,362570,,Gold,5,,,,6.8181818182
0,17,0,26,3,80,65,65,9,22,22,4,4,8,2,0,,638.23,56,HomeOwner,M,80000,36270,03AUG1994,Platinum,,,,30,7.2222222222
0,29,2,18,1,10,12.85,11.65,11,29,30,6,14,13,9,2,3,168.59,67,HomeOwner,M,338000,481520,29MAY2003,Platinum,5,,,21,1.1681818182
0,41,2,7,3,125,250,162.1,29,49,98,7,17,26,12,2,50,4262.95,103,Unknown,M,34000,105430,,Platinum,4,,,,8.6206896552
0,42,2,15,2,75,65,62.5,13,27,37,6,12,14,6,2,12.5,502.28,76,HomeOwner,F,83000,411710,,Platinum,5,,,,5
0,25,0,20,5,75,75,75,8,14,14,3,3,4,1,0,,783.28,44,Unknown,F,70000,27300,10OCT1981,Gold,,,,43,9.375
0,37,3,19,3,150,133.35,125,13,35,38,6,17,16,4,2,26.67,1740.24,65,HomeOwner,F,43000,566280,04JUL2000,Platinum,4,,,24,10.257692308
0,56,3,6,1,75,72.85,69.15,26,44,63,10,19,24,12,2,12,494.48,68,HomeOwner,M,76000,274170,,Platinum,3,,,,2.8019230769
0,22,2,23,3,100,100,100,9,26,24,5,13,11,3,2,20,828.71,56,Unknown,F,54000,182260,,Platinum,5,,,,11.111111111
0,29,0,18,3,60,55,48.85,13,32,57,6,6,22,13,2,,492.14,100,Unknown,F,104000,37180,,Platinum,2,,,,4.2307692308
0,38,1,19,3,50,58.35,43.55,13,33,67,6,16,25,14,3,15,508.51,112,Unknown,F,116000,128830,12MAR1988,Platinum,2,,,36,4.4884615385
0,21,1,18,3,85,55,55,4,11,10,2,6,6,2,1,5,677.45,54,Unknown,M,94000,92690,,Member,5,,,,13.75
0,28,2,16,3,125,137.5,108.35,14,36,38,6,17,16,3,2,27.5,1747.91,64,Unknown,F,50000,89310,26MAR1984,Platinum,5,,,40,9.8214285714
0,18,0,15,3,75,62.5,62.5,12,19,16,5,5,7,2,0,,1032.62,44,HomeOwner,M,83000,23530,26FEB1993,Gold,,,,31,5.2083333333
0,39,3,25,1,50,55,65.75,14,36,53,6,17,22,26,3,11.33,378.12,77,Unknown,M,80000,91650,14APR1999,Platinum,2,,,25,3.9285714286
0,25,3,18,1,125,50,38.25,28,49,88,11,21,33,17,2,10,390.9,86,Unknown,U,130000,95550,11NOV2000,Platinum,4,,,24,1.7857142857
0,33,2,17,3,100,75,47.5,8,25,26,4,12,12,4,2,15,701.77,65,HomeOwner,F,107000,91780,,Platinum,5,,,,9.375
0,18,0,16,3,75,62.5,62.5,12,25,22,6,6,11,2,0,,1045.9,51,Unknown,M,83000,26520,,Gold,,,,,5.2083333333
0,22,1,18,5,75,125,81,13,35,53,6,17,22,5,2,25,1737.02,88,Unknown,M,65000,79170,13MAY1995,Platinum,3,,,29,9.6153846154
0,35,1,6,5,625,625,360.7,16,30,70,6,12,20,7,2,125,26019.55,101,Unknown,M,15000,73840,30MAY1994,Platinum,4,,,30,39.0625
0,47,2,18,2,100,90,77.95,10,29,53,5,15,22,17,3,20,583.52,92,HomeOwner,F,68000,97370,11JAN1991,Platinum,3,,,34,9
0,24,1,17,5,75,75,75,10,15,13,4,6,5,1,1,15,779.64,41,HomeOwner,M,70000,30940,31MAY1996,Gold,5,,,28,7.5
0,49,1,18,3,30,61.65,46.9,13,32,45,6,15,19,8,2,15,393.93,81,Unknown,F,108000,77610,,Platinum,2,,,,4.7423076923
1,39,2,6,2,100,64,59.65,24,43,92,9,18,32,14,3,12.5,397.99,105,Unknown,F,87000,124670,01FEB2005,Platinum,3,,,20,2.6666666667
1,44,3,4,2,50,70,60.5,23,43,60,6,16,20,10,2,15.33,278.62,93,HomeOwner,M,86000,70460,,Platinum,2,,,,3.0434782609
0,37,1,15,3,50,62.5,62.5,14,19,16,5,7,6,2,1,10,544.24,40,Unknown,U,83000,54730,,Gold,3,,,,4.4642857143
0,52,2,17,2,75,50,60,16,36,69,6,15,26,10,3,10,394.07,129,HomeOwner,F,87000,119600,04JAN2000,Platinum,3,,,25,3.125
0,29,1,15,2,25,31.25,28.8,12,34,77,6,17,33,29,3,10,229.63,148,Unknown,F,166000,57590,08FEB1993,Platinum,1,,,32,2.6041666667
0,41,2,24,3,75,76.65,42.95,12,34,76,6,17,34,22,3,13,697.95,154,HomeOwner,U,117000,65000,,Platinum,3,,,,6.3875
0,33,3,17,3,100,116.65,76.9,13,30,54,6,14,20,8,3,23.33,836.15,101,Unknown,M,69000,374660,,Platinum,3,,,,8.9730769231
0,33,1,25,3,100,102.5,62.35,11,32,75,6,16,32,15,3,21,835.64,140,Unknown,F,84000,70460,28NOV1988,Platinum,3,,,36,9.3181818182
0,15,4,21,2,50,50,45,12,32,63,6,17,25,18,3,10,383.45,104,Unknown,F,113000,179140,17FEB1999,Platinum,2,,,25,4.1666666667
0,54,1,15,3,75,70,60,12,33,61,5,15,23,11,2,15,552.09,101,Unknown,F,87000,98670,24JUN2004,Platinum,3,,,20,5.8333333333
0,38,1,17,5,125,125,125,11,16,14,5,7,6,1,1,25,1752.81,41,HomeOwner,F,43000,141180,27FEB1987,Gold,5,,,37,11.363636364
0,61,1,24,3,55,88.35,63.55,12,32,49,6,15,19,7,2,11,697.78,93,Unknown,M,82000,68250,22APR2003,Platinum,2,,,21,7.3625
0,0,1,20,3,60,55,40.4,13,30,66,6,13,28,12,3,12,496.48,154,HomeOwner,M,124000,56030,,Platinum,2,,,,4.2307692308
0,31,4,17,1,55,33.75,25.85,13,35,78,6,17,30,23,3,5.5,231.31,126,HomeOwner,F,182000,83590,04MAR2006,Platinum,2,,,18,2.5961538462
0,35,1,18,5,70,70,41.15,12,31,69,5,13,29,13,3,14,537.5,146,Unknown,M,122000,77480,14APR2001,Platinum,2,,,23,5.8333333333
0,34,2,20,2,75,65,42.25,7,28,73,4,15,30,20,3,11,499.19,146,Unknown,F,119000,43810,01NOV2005,Platinum,3,,,19,9.2857142857
0,27,1,17,5,125,125,110.4,23,43,90,10,19,35,12,2,25,1743.77,103,Unknown,F,49000,83850,20JAN1999,Platinum,5,,,26,5.4347826087
0,36,2,19,2,100,77.5,47.8,13,35,78,6,17,33,16,3,13.5,592.17,153,HomeOwner,F,107000,54730,27DEC1991,Platinum,3,,,33,5.9615384615
0,43,0,16,3,100,75,86.9,32,49,78,6,6,20,8,2,,710.61,100,Unknown,M,61000,122980,,Platinum,5,,,,2.34375
0,31,2,16,3,100,86.65,76.25,15,36,55,6,16,20,8,2,17.5,701.09,88,Unknown,M,69000,124800,20JUN1995,Platinum,3,,,29,5.7766666667
0,15,1,26,3,50,41.65,29.25,9,28,72,4,13,32,20,3,5,345.24,150,Unknown,F,164000,15210,,Platinum,2,,,,4.6277777778
0,19,5,21,2,60,42,33.2,12,29,70,5,15,32,22,3,8.4,321.12,126,HomeOwner,M,147000,64090,08MAY1986,Platinum,2,,,38,3.5
0,29,1,18,5,125,125,125,10,15,13,4,6,5,1,1,25,1742.32,42,HomeOwner,M,43000,436670,17NOV1999,Gold,5,,,25,12.5
0,41,4,19,2,25,45,40.7,12,32,66,6,16,26,14,3,10,295.13,128,HomeOwner,M,123000,60580,27MAR2000,Platinum,1,,,24,3.75
0,31,0,18,5,500,500,186.55,26,47,97,5,5,31,13,3,,8645.18,152,Unknown,M,29000,106600,27JUL1994,Platinum,4,,,30,19.230769231
0,32,1,24,2,84.75,82.45,45,14,35,81,6,16,32,28,3,16.95,591.67,148,Unknown,F,113000,67080,,Platinum,3,,,,5.8892857143
0,26,0,20,5,100,100,100,10,16,15,4,4,5,1,0,,1120.13,44,HomeOwner,F,54000,169780,26FEB2001,Gold,,,,23,10
0,35,1,19,3,100,63.35,38,13,34,64,6,16,26,10,2,8,643.97,129,Unknown,M,131000,53820,06FEB2006,Platinum,3,,,19,4.8730769231
0,26,2,11,2,90,68,61.65,29,50,95,11,21,35,15,3,15,499.53,103,HomeOwner,M,84000,71630,03MAY2002,Platinum,3,,,22,2.3448275862
0,36,4,15,1,50,20,21.1,14,34,50,6,17,22,23,3,4.25,225.33,89,Unknown,F,216000,67080,,Platinum,2,,,,1.4285714286
0,22,0,18,3,100,75,42,13,33,53,6,6,23,10,2,,715.47,116,HomeOwner,F,120000,219700,19JAN1984,Platinum,3,,,41,5.7692307692
0,42,4,22,1,50,55,43,12,31,48,6,15,19,10,2,10,376.86,87,Unknown,F,117000,111150,,Platinum,2,,,,4.5833333333
1,25,3,16,1,30,32.15,29.55,12,34,39,6,17,17,11,2,6.33,252.17,69,Unknown,F,163000,158080,15MAY1996,Platinum,1,,,28,2.6791666667
0,47,1,19,2,50,41.25,29.3,13,34,64,6,16,29,14,3,7,321.05,154,HomeOwner,M,164000,96590,15MAY2003,Platinum,2,,,21,3.1730769231
0,0,2,21,3,100,75,75,10,22,22,4,10,9,2,2,15,712.71,53,HomeOwner,M,70000,115700,28MAR1995,Platinum,5,,,29,7.5
0,51,1,25,3,75,68.35,43.75,12,33,80,6,16,32,30,3,12,546.58,153,Unknown,U,115000,147420,22MAY2003,Platinum,3,,,21,5.6958333333
0,34,2,18,3,50,50,32.3,13,31,66,6,13,28,13,3,10,399.69,150,HomeOwner,F,151000,26650,21MAY2005,Platinum,2,,,19,3.8461538462
0,48,1,18,2,50,40,32.95,13,31,67,6,15,27,17,3,5,321.43,127,HomeOwner,M,148000,89440,09JAN2003,Platinum,2,,,22,3.0769230769
0,16,1,21,5,75,75,75,8,15,14,3,6,5,1,1,15,785.29,45,HomeOwner,F,70000,230620,10NOV1994,Gold,5,,,30,9.375
0,52,4,18,1,100,68.75,64.7,14,34,63,6,16,24,17,3,13.75,502.98,102,Unknown,F,81000,52000,13APR2006,Platinum,3,,,18,4.9107142857
1,30,6,15,1,25,23.55,20.25,14,34,82,5,16,32,43,4,4.67,171.7,150,Unknown,M,223000,53170,,Platinum,1,,,,1.6821428571
1,32,5,17,1,40,28.75,21.85,13,32,76,6,17,34,34,4,6.2,551.25,148,HomeOwner,M,209000,59150,19APR1944,Platinum,2,,,80,2.2115384615
1,30,4,18,1,50,66.65,52,13,31,37,6,15,15,10,2,14,325.68,76,HomeOwner,F,99000,105820,05MAR1989,Platinum,2,,,35,5.1269230769
0,42,1,18,3,75,68.35,47.9,13,34,59,6,16,22,12,3,14,551,112,HomeOwner,F,106000,93600,06FEB2006,Platinum,3,,,19,5.2576923077
0,19,1,19,3,50,62.5,61.9,13,30,61,6,14,20,8,2,15,546.14,89,HomeOwner,M,84000,170820,14MAR1974,Platinum,3,,,50,4.8076923077
0,32,1,16,3,50,50,42.5,13,33,61,6,15,22,10,2,10,392.84,105,Unknown,U,118000,210210,01JAN2004,Platinum,2,,,21,3.8461538462
0,17,1,21,5,75,75,75,9,16,14,3,6,5,1,1,15,777.81,45,Unknown,F,70000,153270,11JUN1976,Gold,5,,,48,8.3333333333
0,33,1,21,5,75,75,42,10,25,44,4,10,15,5,2,15,789.34,93,Unknown,M,120000,168870,27NOV1985,Platinum,5,,,39,7.5
0,39,3,25,2,75,56.25,45,13,35,42,6,17,17,8,2,11.67,386.19,68,Unknown,M,113000,95030,16JAN2004,Platinum,3,,,21,4.3269230769
0,27,1,18,3,75,60,48.35,10,27,28,4,11,11,3,2,9,496.23,65,Unknown,F,105000,181220,,Platinum,5,,,,6
0,34,2,18,3,60,53.35,33.55,13,32,72,6,14,30,14,3,11,485.88,149,Unknown,M,146000,159770,,Platinum,2,,,,4.1038461538
0,30,1,15,3,105,106.65,83.15,8,23,43,4,11,16,8,2,25,1121.13,93,HomeOwner,F,64000,162630,20APR2003,Platinum,5,,,21,13.33125
0,26,3,25,2,95,96.25,83,11,30,31,6,15,13,5,2,21.67,590.85,57,Unknown,M,64000,84240,08JAN1971,Platinum,5,,,54,8.75
0,51,2,19,3,75,71.65,71.65,7,20,18,4,11,9,3,2,14,554.19,53,Unknown,M,73000,119730,02APR2005,Platinum,5,,,19,10.235714286
0,14,0,20,5,100,100,100,10,17,15,4,4,6,1,0,,1107.81,44,Unknown,F,54000,41600,,Gold,,,,,10
0,45,6,17,1,25,25,20.9,13,32,81,6,17,32,33,4,5,164.56,149,Unknown,F,217000,88790,09DEC2005,Platinum,1,,,19,1.9230769231
0,41,3,7,3,0,43.35,27.05,10,31,69,5,15,32,17,3,8.67,319.31,154,HomeOwner,F,176000,228930,01JUL2002,Platinum,4,,,22,4.335
0,35,6,15,1,30,23.15,25,13,33,67,6,17,29,19,3,4.33,169.63,150,HomeOwner,F,188000,81510,,Platinum,1,,,,1.7807692308
0,32,2,18,2,65,58,40,6,25,72,3,13,31,20,3,10,385.57,148,Unknown,U,125000,166920,23FEB2003,Platinum,2,,,21,9.6666666667
0,37,2,16,3,75,45,45,11,26,25,4,10,9,3,2,10,493.55,57,HomeOwner,F,113000,80080,13NOV1986,Platinum,5,,,38,4.0909090909
0,22,2,19,3,50,40,19.6,11,28,71,4,12,28,26,3,8,353.55,152,HomeOwner,F,229000,65390,14JAN1993,Platinum,2,,,32,3.6363636364
0,56,2,4,2,25,35,30.75,13,35,81,6,17,35,27,3,6,278.75,148,HomeOwner,F,157000,53300,,Platinum,1,,,,2.6923076923
0,24,2,15,2,50,44,45.7,15,29,30,6,12,10,7,2,11,312.44,56,Unknown,U,111000,159640,,Platinum,3,,,,2.9333333333
0,39,4,23,2,150,103.75,89.3,13,34,42,6,17,17,7,2,20.75,1115.31,68,HomeOwner,F,60000,85280,,Platinum,4,,,,7.9807692308
1,58,4,18,1,50,38.55,33.9,23,43,80,10,21,32,18,3,7,313.64,101,HomeOwner,M,145000,92430,13JUN2005,Platinum,2,,,19,1.6760869565
0,36,1,18,3,100,55,45,12,32,34,6,15,15,4,2,3,662.28,68,HomeOwner,F,113000,122330,01NOV1985,Platinum,5,,,39,4.5833333333
0,41,1,20,5,100,100,100,10,17,15,4,7,6,1,1,20,1116.39,44,HomeOwner,F,54000,82420,02AUG1989,Gold,5,,,35,10
0,30,2,16,2,125,100,45.7,9,20,56,5,12,26,14,3,25,1112.14,123,HomeOwner,F,111000,88140,10MAR2001,Platinum,4,,,23,11.111111111
0,28,2,17,2,50,82.5,82.5,13,30,29,6,14,12,4,2,18,595.56,57,HomeOwner,F,64000,112060,25JUL2000,Platinum,3,,,24,6.3461538462
0,26,2,24,3,125,125,106.25,11,32,45,6,16,20,4,2,25,1742.65,77,Unknown,M,51000,204360,24JUL2006,Platinum,5,,,18,11.363636364
0,30,1,21,5,75,75,75,8,15,13,3,6,5,1,1,15,779.89,45,HomeOwner,F,70000,265070,08MAR2006,Gold,5,,,18,9.375
0,41,2,20,3,100,62.5,63,13,33,37,6,16,15,5,2,12.5,636.04,65,Unknown,U,83000,71370,,Platinum,5,,,,4.8076923077
0,30,0,12,5,100,75,76,35,55,82,6,6,21,10,2,,771.67,112,HomeOwner,F,69000,62790,11MAR1997,Platinum,5,,,27,2.1428571429
0,32,3,16,3,100,66.65,66.65,13,31,28,6,14,12,3,2,13.33,649.76,57,HomeOwner,U,79000,109980,,Platinum,5,,,,5.1269230769
0,29,0,15,3,80,65,65,8,19,19,2,2,7,2,0,,643.33,52,HomeOwner,F,80000,115830,05JAN1992,Member,,,,33,8.125
0,42,1,27,5,125,125,116.65,11,31,31,5,14,13,3,2,25,1748.94,61,HomeOwner,M,46000,115440,26OCT1983,Platinum,5,,,41,11.363636364
0,45,2,21,2,100,70,55,12,33,37,6,16,16,6,2,15.5,494.87,69,Unknown,F,94000,138450,02DEC1990,Platinum,5,,,34,5.8333333333
0,29,1,25,3,100,108.35,77,12,33,44,6,16,18,5,2,25,825.84,77,Unknown,M,69000,75790,24MAR1993,Platinum,5,,,31,9.0291666667
0,26,0,18,3,95,93.35,54.75,13,34,74,6,6,28,21,3,,702.06,129,HomeOwner,F,94000,115700,17FEB2003,Platinum,3,,,21,7.1807692308
0,35,2,23,3,535,485,349.5,33,55,116,6,17,28,10,2,97,8634.15,116,HomeOwner,M,16000,85540,13MAR2002,Platinum,4,,,22,14.696969697
0,43,1,17,5,75,75,75,3,5,4,1,2,2,1,1,15,778.57,41,Unknown,F,70000,452920,,Member,5,,,,25
0,0,2,4,3,1720,1100,1417.5,32,49,67,6,14,12,4,2,220,82993.36,57,Unknown,M,4000,144430,14APR1994,Platinum,5,,,30,34.375
0,38,2,17,3,65,60,39.7,13,32,56,6,15,22,16,3,12,483.72,99,Unknown,F,126000,47060,01MAY1951,Platinum,2,,,73,4.6153846154
0,31,1,18,2,75,68.75,60,13,34,35,6,16,15,5,2,10,512.67,64,HomeOwner,M,87000,450190,25JUN2004,Platinum,5,,,20,5.2884615385
0,38,0,19,3,75,60,37,12,29,59,5,5,21,10,2,,484.87,127,HomeOwner,F,134000,39390,13JUL2005,Platinum,3,,,19,5
0,0,2,16,3,75,75,75,13,20,18,5,8,7,2,2,15,707.47,44,Unknown,U,70000,172120,,Gold,5,,,,5.7692307692
0,47,3,21,3,75,71.65,58.55,12,31,64,6,17,26,14,3,14.33,550.63,111,Unknown,M,89000,195910,16FEB1951,Platinum,3,,,73,5.9708333333
0,38,2,13,3,0,75,66.65,14,29,27,6,14,12,3,2,15,714.69,53,Unknown,F,79000,67730,,Platinum,5,,,,5.3571428571
0,35,2,15,3,1250,666.65,1100,31,44,44,6,13,11,5,2,175,83005.01,52,HomeOwner,F,5000,771550,,Platinum,5,,,,21.50483871
0,28,1,13,5,0,125,125,13,18,15,5,7,6,1,1,25,1736.55,42,HomeOwner,M,43000,239200,01DEC2002,Gold,5,,,22,9.6153846154
0,23,0,26,5,85,85,125,5,20,38,2,2,15,7,2,,1087.92,116,Unknown,F,43000,131430,,Platinum,3,,,,17
0,20,1,14,5,0,125,54.45,11,29,63,6,14,26,9,3,25,1741,149,Unknown,M,95000,633750,02JUN2003,Platinum,4,,,21,11.363636364
0,40,1,21,5,250,250,150,13,30,30,6,14,13,2,1,50,13991.4,63,Unknown,F,36000,104000,01FEB1977,Platinum,5,,,48,19.230769231
0,29,3,4,2,0,60,52.5,29,48,53,6,17,16,10,2,11.67,278.4,64,HomeOwner,M,98000,179790,,Platinum,5,,,,2.0689655172
0,33,1,21,5,100,100,100,11,18,17,4,7,6,1,1,20,1117.32,45,HomeOwner,F,54000,66950,14MAY1990,Gold,5,,,34,9.0909090909
0,57,2,10,3,0,125,101.65,16,34,70,6,16,28,9,2,25,1737.42,129,Unknown,M,53000,101140,01FEB2006,Platinum,4,,,19,7.8125
0,0,1,21,3,100,100,51.8,13,33,74,6,16,30,14,3,20,836.84,143,Unknown,F,99000,394420,08DEC1992,Platinum,3,,,32,7.6923076923
0,45,1,9,3,100,100,100,21,35,33,7,14,12,3,2,15,827.98,53,HomeOwner,F,54000,120250,21JUL2002,Platinum,5,,,22,4.7619047619
0,44,1,17,5,150,150,150,11,16,14,5,7,6,1,1,30,1744.57,41,HomeOwner,F,36000,95290,26APR1990,Gold,5,,,34,13.636363636
0,28,2,7,3,75,65,70,19,31,31,6,12,11,4,2,13,543.18,53,HomeOwner,M,75000,95680,04APR2007,Platinum,5,,,17,3.4210526316
0,40,2,16,2,125,61.25,27.05,10,26,56,5,13,24,17,3,7,381.75,150,Unknown,F,176000,70200,,Platinum,4,,,,6.125
0,19,1,10,3,125,95,85,20,36,46,7,13,15,5,2,20,949.43,78,HomeOwner,M,63000,51740,07FEB2004,Platinum,5,,,21,4.75
0,22,1,17,5,75,75,75,10,15,13,4,6,5,1,1,15,776.08,41,HomeOwner,F,70000,111540,18OCT1996,Gold,5,,,28,7.5
0,48,1,10,3,100,87.5,87.5,20,38,41,7,15,15,4,2,20,713.34,68,HomeOwner,M,61000,281840,27OCT2002,Platinum,5,,,22,4.375
0,31,0,15,5,125,50,62.8,31,51,91,5,5,27,16,3,,672.3,137,Unknown,M,83000,111020,15NOV2005,Platinum,4,,,19,1.6129032258
0,33,4,5,1,25,32.5,29.7,19,36,57,6,16,21,18,3,6.75,200.02,89,HomeOwner,F,162000,40170,,Platinum,1,,,,1.7105263158
0,26,0,16,5,75,75,75,11,16,13,4,4,5,1,0,,771.27,40,HomeOwner,F,70000,93470,05MAY2006,Gold,,,,18,6.8181818182
0,42,0,8,3,75,58.35,55,18,37,37,7,7,14,5,1,,498.67,64,Unknown,M,94000,458900,,Platinum,5,,,,3.2416666667
0,17,2,15,3,50,30,30,11,23,20,5,10,9,3,2,4,350.75,51,Unknown,F,161000,16250,06MAR1993,Gold,3,,,31,2.7272727273
1,30,1,8,5,75,75,75,11,18,16,4,7,6,2,2,15,711.56,45,Unknown,M,70000,64220,20MAR1971,Gold,5,,,53,6.8181818182
0,29,1,26,3,60,57.5,34.4,9,27,72,4,13,29,17,3,11,501.62,152,HomeOwner,M,143000,73840,02MAR1994,Platinum,2,,,30,6.3888888889
0,42,1,6,3,155,117.5,104.5,19,39,67,7,16,26,10,2,26,1124.9,114,HomeOwner,M,51000,169520,06MAY1955,Member,4,,,69,6.1842105263
0,38,1,19,2,50,40,30,13,34,55,6,17,22,13,2,6,311.57,100,Unknown,F,161000,176410,26JUL1996,Platinum,2,,,28,3.0769230769
0,0,0,7,3,125,260,170.85,17,39,62,7,7,23,6,2,,4252.48,93,HomeOwner,M,32000,433940,22JAN1993,Platinum,5,,,32,15.294117647
0,35,3,19,1,60,34.15,34.15,12,30,28,6,15,13,6,2,5.67,219.34,56,Unknown,F,144000,73710,,Platinum,3,,,,2.8458333333
0,33,3,5,2,125,98.75,83.2,17,33,57,6,16,23,14,3,18,958.67,103,Unknown,F,64000,78000,24JAN2004,Platinum,4,,,21,5.8088235294
0,30,1,15,3,100,90,60.55,25,38,74,5,10,27,9,2,20,712.66,133,Unknown,F,86000,97760,15JUL2006,Platinum,5,,,18,3.6
0,23,1,7,5,75,125,100,18,22,20,7,9,8,2,1,25,1747.09,41,Unknown,M,54000,111930,21MAR1982,Gold,5,,,42,6.9444444444
0,36,0,18,5,30,100,65,11,18,17,4,4,6,2,0,,1106.43,44,Unknown,F,80000,63960,,Gold,,,,,9.0909090909
0,42,2,7,3,250,125,187.5,20,34,33,8,15,13,4,2,25,1737.65,55,HomeOwner,F,29000,765570,13JUL2005,Platinum,5,,,19,6.25
0,56,5,17,1,50,53.35,40,14,34,55,6,17,23,14,3,10.4,393.18,91,HomeOwner,M,125000,165360,15NOV2006,Platinum,2,,,18,3.8107142857
0,17,1,17,5,125,125,125,6,8,7,1,2,2,1,1,25,1755.27,41,Unknown,M,43000,321230,,Member,5,,,,20.833333333
0,36,0,18,5,85,85,80,10,24,24,4,4,9,2,0,,1089.44,58,HomeOwner,M,66000,46020,24JUN1999,Platinum,,,,25,8.5
0,3,1,17,5,100,100,100,6,8,7,2,3,3,1,1,20,1113.54,41,Unknown,U,54000,78390,,Member,5,,,,16.666666667
0,34,1,18,2,25,28,22.2,12,34,58,6,17,25,18,2,7,232.07,102,HomeOwner,F,207000,73190,07APR2002,Platinum,1,,,22,2.3333333333
0,26,1,17,5,75,75,75,6,8,7,1,2,2,1,1,15,774.89,41,Unknown,U,70000,261300,,Member,5,,,,12.5
0,44,0,18,2,75,72.5,61.45,13,33,35,6,6,14,7,0,,496.8,64,HomeOwner,F,85000,67340,09FEB1992,Platinum,,,,33,5.5769230769
0,33,1,20,5,100,100,100,6,9,9,2,4,4,1,1,20,1118.34,44,Unknown,M,54000,134030,,Member,5,,,,16.666666667
0,20,0,15,5,50,50,14.45,10,28,73,3,3,30,38,3,,514.76,154,HomeOwner,F,289000,35880,26OCT1992,Member,2,,,32,5
0,46,1,20,3,85,90,70,13,32,65,6,15,24,12,2,19,702.36,111,HomeOwner,F,75000,102180,01AUG1993,Platinum,3,,,31,6.9230769231
0,34,0,18,3,50,70,56.9,12,32,66,5,5,28,13,2,,551.36,129,HomeOwner,F,91000,69030,29MAR1999,Platinum,2,,,25,5.8333333333
0,30,1,24,5,75,75,75,4,9,8,1,4,4,1,1,15,783.28,48,Unknown,M,70000,90870,,Member,5,,,,18.75
1,21,2,4,3,65,53.35,50.5,27,47,102,5,14,32,20,3,11,356.28,140,Unknown,F,101000,457860,13DEC1995,Platinum,2,,,29,1.9759259259
0,23,2,16,3,75,62.5,62.5,6,12,11,1,4,4,2,2,12.5,1034.19,52,Unknown,F,83000,43810,,Member,5,,,,10.416666667
0,33,1,17,5,55,55,36.1,10,26,59,4,11,22,18,3,11,525.33,116,HomeOwner,F,137000,69550,25APR1992,Platinum,2,,,32,5.5
0,19,2,18,2,30,26,26.65,6,12,12,2,5,5,6,2,4.5,225.98,53,Unknown,U,178000,87750,,Member,2,,,,4.3333333333
0,50,2,18,3,75,75,70,15,36,55,6,16,21,5,2,15,714.71,89,HomeOwner,M,75000,114140,23OCT2003,Platinum,5,,,21,5
0,34,2,19,3,75,75,75,6,12,12,2,5,5,3,2,12.5,711.13,52,Unknown,F,70000,148330,,Member,5,,,,12.5
0,27,0,9,10,0,0,75.65,31,31,72,5,5,18,8,1,,492.94,81,HomeOwner,M,70000,553540,01MAR2003,Platinum,5,,,21,0
0,41,0,27,5,75,75,75,4,10,9,1,1,4,1,0,,770.98,51,Unknown,F,70000,150280,,Member,,,,,18.75
0,28,1,17,5,100,100,100,13,18,16,5,7,6,1,1,20,1117.62,41,HomeOwner,F,54000,42770,27JUL1997,Gold,5,,,27,7.6923076923
0,30,1,18,3,375,250,250,7,14,14,2,6,6,3,1,25,4247.12,57,Unknown,F,22000,76180,,Member,5,,,,35.714285714
0,28,0,18,10,175,0,175,11,11,13,5,5,5,1,0,,666.73,42,HomeOwner,F,31000,45630,04AUG2004,Gold,,,,20,0
0,30,2,19,2,75,58.75,58.75,7,14,14,2,6,6,4,2,10,378.79,57,Unknown,U,88000,243880,,Member,5,,,,8.3928571429
0,15,0,12,10,125,0,97.5,31,31,91,4,4,28,10,2,,669.16,154,HomeOwner,M,55000,197600,16FEB2004,Platinum,4,,,20,0
0,26,2,18,3,125,141.65,141.65,7,14,14,2,6,6,3,2,30,1740.5,56,Unknown,U,38000,63570,,Member,5,,,,20.235714286
0,45,1,21,5,100,100,100,10,17,15,4,7,6,1,1,20,1119.54,45,HomeOwner,M,54000,56030,26JUL1998,Gold,5,,,26,10
0,30,0,19,5,75,75,50,6,12,12,1,1,5,2,1,,778.58,59,Unknown,F,102000,133380,,Member,5,,,,12.5
0,35,1,26,3,85,80,51.8,11,33,60,5,16,23,11,2,15,716.44,101,Unknown,M,99000,91390,08DEC2004,Platinum,3,,,20,7.2727272727
0,0,1,6,5,100,100,100,14,19,16,5,7,6,2,1,20,1121.93,40,HomeOwner,M,54000,0,27FEB1987,Gold,5,,,37,7.1428571429
0,24,3,18,2,50,35,22,13,33,73,6,15,27,30,3,8,310.53,128,Unknown,U,208000,87880,15MAR1953,Platinum,2,,,71,2.6923076923
0,28,0,5,5,50,75,62.5,12,17,15,4,4,5,2,1,,786.35,40,Unknown,F,83000,108420,,Gold,3,,,,6.25
0,45,4,17,2,70,65,56.8,16,33,63,6,16,28,11,3,13.75,420.69,152,HomeOwner,F,91000,101920,05MAY2006,Platinum,2,,,18,4.0625
0,54,1,4,5,75,75,75,7,17,15,3,7,6,2,1,15,781.42,48,Unknown,F,70000,85670,29MAR2005,Gold,5,,,19,10.714285714
0,28,0,20,5,75,75,75,8,15,13,3,3,5,1,0,,778.51,44,Unknown,M,70000,55380,12JAN1987,Gold,,,,38,9.375
0,29,1,4,5,25,100,62.5,7,17,15,3,7,6,2,1,20,1124.97,48,Unknown,U,83000,53040,,Gold,2,,,,14.285714286
1,31,2,18,2,30,42.5,47.65,14,33,72,6,16,33,17,3,7.5,249.81,135,Unknown,M,107000,87750,28DEC1991,Platinum,1,,,33,3.0357142857
0,30,0,18,10,75,0,75,12,12,14,4,4,4,1,0,,497.49,42,Unknown,F,70000,58630,01JUN2006,Gold,,,,18,0
0,39,0,7,3,160,76.65,100.6,24,37,84,5,5,14,17,2,,956.17,116,Unknown,U,53000,24050,,Platinum,5,,,,3.19375
0,32,1,19,3,75,75,75,4,10,9,2,5,5,2,1,15,709.17,53,Unknown,U,70000,466050,,Member,5,,,,18.75
0,25,1,15,5,100,100,100,10,14,12,5,7,6,1,1,20,1106.82,39,HomeOwner,F,54000,96070,25MAR1993,Gold,5,,,31,10
0,40,1,16,5,100,100,100,4,6,5,2,3,3,1,1,20,1125.51,40,Unknown,F,54000,430040,,Member,5,,,,25
0,48,1,18,3,50,50,47.5,13,32,69,6,15,27,16,3,10,396.86,129,HomeOwner,M,107000,116480,11APR2007,Platinum,2,,,17,3.8461538462
0,43,1,16,5,100,100,100,4,6,5,2,3,3,1,1,20,1114.22,40,Unknown,U,54000,681330,,Member,5,,,,25
1,0,2,23,3,50,60,53.55,13,35,82,6,17,26,17,3,10.5,394.72,143,Unknown,F,96000,190450,,Platinum,2,,,,4.6153846154
0,39,1,21,5,125,125,125,4,7,7,2,4,4,1,1,25,1749.23,45,Unknown,U,43000,74490,,Member,5,,,,31.25
0,18,1,24,5,100,100,100,7,17,15,3,7,6,1,1,20,1116.62,48,HomeOwner,F,54000,208130,10JUN1993,Gold,5,,,31,14.285714286
0,15,3,16,1,40,37.5,35.7,4,10,10,2,5,5,7,2,7.33,235.07,53,Unknown,U,138000,58110,,Member,2,,,,9.375
0,41,2,15,3,50,41.65,41.65,6,11,11,2,5,5,3,2,7.5,346,48,Unknown,M,121000,88790,,Member,3,,,,6.9416666667
0,46,2,18,2,55,43.75,37.5,4,11,13,2,5,6,6,2,8,312.38,59,Unknown,F,132000,75920,,Member,2,,,,10.9375
0,54,1,6,3,170,141.65,99.2,22,41,99,8,18,35,31,3,33,1744.38,145,Unknown,F,54000,118690,02FEB1955,Platinum,4,,,70,6.4386363636
0,41,1,23,5,100,100,100,8,15,14,3,6,5,1,1,20,1120.34,47,Unknown,M,54000,745680,18JUL2004,Gold,5,,,20,12.5
0,46,2,17,2,40,43.75,32.35,13,32,77,6,15,32,30,3,9.5,286.48,150,Unknown,F,151000,168220,12MAY1997,Platinum,2,,,27,3.3653846154
0,0,1,21,5,75,75,62.5,10,27,28,4,11,11,2,1,15,784.52,63,Unknown,U,83000,720980,28APR1989,Platinum,5,,,35,7.5
0,5,1,24,5,100,100,100,8,18,17,3,7,6,1,1,20,1110.99,48,Unknown,F,54000,113750,,Gold,5,,,,12.5
0,25,0,15,5,75,75,75,7,9,9,2,2,3,1,0,,789.68,39,HomeOwner,F,70000,138580,19MAR1993,Member,,,,31,10.714285714
1,31,1,6,3,500,275,346.9,23,41,89,8,16,21,8,2,60,3946.8,88,HomeOwner,M,16000,185770,01JAN1998,Platinum,5,,,27,11.956521739
0,31,0,16,5,75,75,75,12,17,14,4,4,5,1,0,,774.31,40,Unknown,U,70000,115050,,Gold,,,,,6.25
0,24,0,18,5,125,125,104.15,14,33,62,6,6,22,6,2,,1744.12,92,Unknown,M,52000,354120,13NOV1992,Platinum,5,,,32,8.9285714286
0,63,2,21,3,55,48.35,39.1,12,31,52,6,15,21,11,3,10,388,100,Unknown,F,128000,114270,14JAN2005,Platinum,2,,,20,4.0291666667
0,21,2,16,2,75,70,49.65,12,28,47,6,16,22,15,2,12.5,499.77,85,HomeOwner,F,103000,69680,23MAR1996,Platinum,3,,,28,5.8333333333
0,26,1,7,3,1750,1375,738.15,33,55,109,6,17,26,8,2,300,82998.18,99,HomeOwner,M,8000,190450,17FEB1994,Platinum,5,,,30,41.666666667
0,39,1,18,3,80,76.65,56.9,13,31,50,6,14,20,8,2,16,716.53,89,HomeOwner,M,91000,110240,24MAR1951,Platinum,5,,,73,5.8961538462
0,17,1,17,5,75,75,75,10,15,13,4,6,5,1,1,15,788.22,41,HomeOwner,M,70000,52520,15DEC1998,Gold,5,,,26,7.5
0,0,6,20,1,60,53.5,46.1,24,45,111,10,21,43,55,4,10.17,382.56,149,Unknown,F,110000,174070,,Platinum,2,,,,2.2291666667
0,48,3,24,3,125,125,86,11,30,36,6,16,16,5,2,25,1748.49,69,HomeOwner,M,62000,55900,,Platinum,4,,,,11.363636364
0,22,0,6,10,50,0,62.95,40,40,126,8,8,27,27,3,,343.2,137,HomeOwner,F,83000,443690,23FEB2002,Platinum,2,,,22,0
0,37,1,21,5,75,75,75,8,15,13,3,6,5,1,1,15,779.99,45,Unknown,M,70000,58110,20OCT1991,Gold,5,,,33,9.375
0,34,3,23,2,100,87.5,50.75,13,32,66,6,16,24,26,3,16.67,596.71,105,Unknown,M,101000,47840,,Platinum,3,,,,6.7307692308
0,0,1,7,5,1095,500,919,29,35,38,5,8,7,5,1,100,8637.8,43,Unknown,F,6000,0,06FEB2000,Gold,5,,,25,17.24137931
0,35,0,15,5,155,155,82.5,29,46,96,6,6,31,22,3,,1744.4,152,HomeOwner,F,64000,61490,18NOV1992,Platinum,4,,,32,5.3448275862
0,47,2,18,2,100,85,79.15,13,29,29,6,15,13,6,2,10,587.95,57,HomeOwner,M,67000,70980,31JAN2004,Platinum,5,,,21,6.5384615385
0,33,3,9,2,1000,375,437.5,30,52,55,6,17,16,6,2,66.67,8635.76,65,Unknown,F,13000,90870,,Platinum,4,,,,12.5
0,30,1,17,5,100,100,100,11,16,14,5,7,6,1,1,20,1115.26,41,HomeOwner,M,54000,41340,15JUN1991,Gold,5,,,33,9.0909090909
0,51,1,18,3,125,92.5,72.5,15,37,75,6,17,31,14,3,21,955.19,140,HomeOwner,M,73000,85150,17JUN2004,Platinum,4,,,20,6.1666666667
0,21,2,14,3,500,325,154.5,31,53,79,6,17,23,20,3,47.5,8641.11,88,Unknown,M,35000,41860,21OCT2001,Platinum,4,,,23,10.483870968
0,24,6,21,1,25,24.3,26.4,13,34,67,6,17,26,32,3,4.83,166.85,113,Unknown,M,179000,92430,25MAY2004,Platinum,1,,,20,1.8692307692
0,30,1,17,5,100,100,100,10,15,13,4,6,5,1,1,20,1115.32,41,Unknown,F,54000,66950,24FEB2004,Gold,5,,,20,10
0,27,2,16,3,75,56.65,55,14,32,30,6,15,13,4,2,11.5,494.78,56,Unknown,F,94000,161200,,Platinum,5,,,,4.0464285714
1,36,4,23,2,100,71.25,60.45,12,27,77,6,15,23,11,3,14.25,481.12,117,HomeOwner,F,86000,332280,13JUN2003,Platinum,3,,,21,5.9375
0,31,3,17,3,125,111.65,100.85,19,41,99,7,18,37,18,3,22.33,1115.72,137,Unknown,F,53000,121940,,Platinum,4,,,,5.8763157895
0,26,0,6,3,75,83.35,60.25,37,59,116,9,9,29,19,2,,697.27,117,HomeOwner,F,86000,161460,03JUL2005,Platinum,5,,,19,2.2527027027
0,60,1,21,5,100,100,87,13,32,52,6,15,18,5,2,20,1120.95,87,HomeOwner,M,61000,159380,30JUL2001,Platinum,5,,,23,7.6923076923
0,53,1,18,3,105,105,76.9,13,32,51,6,15,19,8,2,25,1116.82,88,HomeOwner,M,69000,123240,,Platinum,5,,,,8.0769230769
0,40,1,16,5,75,75,75,11,16,13,4,6,5,1,1,15,770.53,40,HomeOwner,M,70000,187070,04DEC2002,Gold,5,,,22,6.8181818182
0,44,0,26,5,125,125,111.1,17,35,92,4,4,22,9,2,,1749.82,111,Unknown,F,48000,64870,,Platinum,5,,,,7.3529411765
0,34,1,8,5,135,205,142.65,30,50,101,7,17,26,15,2,41,1754.7,116,Unknown,F,38000,67600,18APR2004,Platinum,4,,,20,6.8333333333
0,24,1,17,5,75,75,75,10,15,13,4,6,5,1,1,15,773.86,41,HomeOwner,F,70000,121160,12JAN1989,Gold,5,,,36,7.5
0,42,3,18,2,80,75,46.45,15,34,85,6,15,31,34,3,14.67,588.83,154,HomeOwner,F,109000,71500,10JAN2005,Platinum,3,,,20,5
0,36,0,19,3,75,45,45,10,19,18,4,4,6,2,0,,490.15,56,Unknown,M,113000,64610,,Platinum,,,,,4.5
0,22,1,17,5,140,140,85.7,16,35,86,6,16,33,14,3,28,1743.11,153,HomeOwner,M,62000,125710,01DEC2001,Platinum,4,,,23,8.75
0,22,1,24,5,75,75,75,7,17,16,3,7,6,1,1,15,777.41,48,HomeOwner,F,70000,97760,21MAY1992,Gold,5,,,32,10.714285714
0,32,4,17,2,100,95,58.45,13,30,45,6,16,19,13,3,19,581.67,77,Unknown,F,89000,188370,27MAY2006,Platinum,3,,,18,7.3076923077
0,56,3,17,2,75,67,67,14,33,32,6,15,13,5,2,13.33,503.25,57,HomeOwner,M,78000,108420,22DEC2004,Platinum,5,,,20,4.7857142857
0,43,1,18,3,150,125,112.5,13,32,32,6,15,13,4,1,25,1738.06,57,HomeOwner,M,48000,75010,11APR2000,Platinum,5,,,24,9.6153846154
0,44,0,23,10,100,0,100,8,8,13,3,3,5,1,0,,674.13,47,Unknown,F,54000,108030,15DEC2003,Gold,,,,21,0
1,53,1,6,3,75,108.35,92.15,30,50,105,11,20,36,23,3,24,1059.73,127,HomeOwner,F,58000,126100,21OCT2000,Platinum,3,,,24,3.6116666667
0,26,0,20,5,100,100,100,11,17,16,4,4,5,1,0,,1120.34,44,HomeOwner,M,54000,62010,23FEB1989,Gold,,,,35,9.0909090909
0,37,3,17,1,100,67.85,44.25,10,24,58,4,13,19,27,3,13.33,509.97,149,Unknown,F,114000,442520,,Platinum,3,,,,6.785
0,44,2,24,3,125,125,90,11,33,50,6,17,21,5,2,25,1745.26,89,HomeOwner,F,59000,144430,11DEC2004,Platinum,5,,,20,11.363636364
0,37,3,19,2,100,73,45,13,35,70,6,17,30,16,3,12.67,503.99,146,Unknown,F,113000,96720,01NOV2002,Platinum,3,,,22,5.6153846154
0,22,1,17,5,140,140,140,13,18,16,5,7,6,1,1,28,1751.86,41,HomeOwner,M,39000,106340,05JUL1951,Gold,5,,,73,10.769230769
0,29,0,15,10,25,0,67.5,34,34,73,4,4,16,6,1,,504.3,92,HomeOwner,M,78000,153530,10JUL2005,Platinum,2,,,19,0
0,48,1,16,5,75,75,75,11,16,13,4,6,5,1,1,15,780.79,40,Unknown,F,70000,120250,11JUN1988,Gold,5,,,36,6.8181818182
0,54,1,16,3,60,56.65,65,14,34,74,6,15,29,18,3,12,495.49,128,Unknown,U,80000,143130,29APR2004,Platinum,2,,,20,4.0464285714
0,0,1,19,3,125,91.65,85,26,40,58,6,13,12,5,1,10,949.65,75,Unknown,M,63000,102830,,Platinum,5,,,,3.525
0,37,5,17,2,125,187,239.1,30,51,109,6,17,27,22,3,37.4,1739.89,104,Unknown,F,23000,189670,,Platinum,4,,,,6.2333333333
0,37,3,17,3,100,100,87.5,12,32,35,6,15,14,4,2,20,839.75,65,HomeOwner,F,61000,32370,04DEC1954,Platinum,3,,,70,8.3333333333
0,22,2,18,3,125,133.35,106.35,20,29,43,2,6,14,11,2,25,1740.31,93,Unknown,F,51000,205790,15JAN1986,Member,4,,,39,6.6675
0,41,0,18,10,100,0,100,10,10,12,4,4,4,1,0,,665.02,42,Unknown,U,54000,73320,03FEB1993,Gold,,,,32,0
0,59,4,16,1,50,49.5,33.5,14,35,74,6,16,30,30,3,11,278.55,144,HomeOwner,M,146000,48230,26JAN2006,Platinum,2,,,19,3.5357142857
0,19,4,16,2,100,66,52.85,13,33,35,6,15,14,7,2,13.25,508.88,65,Unknown,M,97000,36530,17NOV1991,Platinum,3,,,33,5.0769230769
0,31,3,6,1,75,52.15,46.45,29,51,83,10,21,30,17,2,11,385.63,84,HomeOwner,F,109000,83590,20JAN1992,Platinum,3,,,33,1.7982758621
0,36,2,23,3,125,112.5,112.5,13,28,25,6,13,11,2,2,22.5,1123.55,54,Unknown,M,48000,75270,14JUN1993,Platinum,5,,,31,8.6538461538
0,46,2,18,3,75,60,50,12,30,39,6,15,16,5,2,10.5,487.72,80,HomeOwner,F,102000,122590,21NOV1997,Platinum,5,,,27,5
0,38,1,17,5,125,125,125,11,16,14,5,7,6,1,1,25,1747.34,41,HomeOwner,M,43000,109070,08DEC2000,Gold,5,,,24,11.363636364
0,41,2,18,2,100,93,70.4,23,45,73,10,21,28,12,2,20,579.56,69,HomeOwner,U,75000,241280,20OCT1988,Platinum,3,,,36,4.0434782609
0,25,1,21,5,100,100,100,8,15,13,3,6,5,1,1,20,1114.43,45,Unknown,M,54000,97760,,Gold,5,,,,12.5
0,43,0,17,10,75,0,79,31,31,66,4,4,15,5,1,,485.52,77,HomeOwner,F,67000,38220,04DEC1996,Platinum,5,,,28,0
1,43,2,19,2,70,65,44.35,13,35,65,6,17,26,15,3,13,442.44,113,HomeOwner,F,114000,81120,23FEB2006,Platinum,2,,,18,5
0,30,2,18,3,35,38.35,38.35,14,24,22,6,11,9,3,2,8,315.33,48,HomeOwner,F,130000,54990,29JUN2002,Gold,2,,,22,2.7392857143
0,28,0,15,5,100,100,100,11,15,13,5,5,6,1,0,,1122.34,39,Unknown,F,54000,85670,,Gold,,,,,9.0909090909
0,42,2,15,3,75,75,70,12,32,39,6,15,15,5,2,15,707.4,68,Unknown,M,75000,145210,,Platinum,5,,,,6.25
0,55,1,22,2,50,48.75,30.4,12,31,63,6,15,28,14,3,10,326.88,135,Unknown,F,159000,99320,06APR2004,Platinum,2,,,20,4.0625
0,12,1,17,5,100,100,100,11,15,13,4,6,5,1,1,20,1110.75,41,Unknown,F,54000,48880,01MAY2003,Gold,5,,,21,9.0909090909
0,19,3,16,2,85,78.75,69,16,34,32,6,15,13,5,2,16,590.28,56,Unknown,M,76000,91000,,Platinum,5,,,,4.921875
0,43,2,18,3,150,125,131.25,16,36,46,6,16,19,4,2,25,1748.74,80,HomeOwner,M,41000,151970,10JAN2003,Platinum,5,,,22,7.8125
0,24,1,21,5,100,100,100,10,17,15,4,7,6,1,1,20,1122.23,45,HomeOwner,M,54000,73190,22JUL1982,Gold,5,,,42,10
0,0,3,4,1,80,88.35,67.9,25,47,89,11,22,33,19,2,17,587.51,115,Unknown,F,77000,169260,,Platinum,3,,,,3.534
0,34,0,19,5,100,100,100,10,14,13,4,4,4,1,0,,1109.56,43,HomeOwner,F,54000,71370,20DEC2003,Gold,,,,21,10
0,25,2,18,3,75,61.65,58.75,11,29,33,5,13,13,4,2,11,488.8,65,HomeOwner,M,88000,83590,16DEC1988,Platinum,5,,,36,5.6045454545
0,41,1,20,3,125,125,77.5,17,35,64,6,14,24,6,2,25,1749.7,128,HomeOwner,M,68000,93990,27FEB2005,Platinum,4,,,19,7.3529411765
0,29,4,17,2,75,62.5,62.5,13,27,27,6,13,11,4,2,12.5,507.37,53,Unknown,F,83000,65520,26JUL2006,Platinum,3,,,18,4.8076923077
0,39,0,20,5,100,100,100,11,17,16,4,4,5,1,0,,1115.92,44,Unknown,M,54000,48750,24OCT1999,Gold,,,,25,9.0909090909
0,27,3,15,2,155,172,128.5,14,35,53,6,16,19,10,2,35.33,1745.43,80,HomeOwner,F,42000,75010,26NOV2002,Platinum,4,,,22,12.285714286
0,45,5,21,1,50,38.55,31.45,12,31,49,6,17,22,14,3,7.4,230.54,89,HomeOwner,M,154000,64870,15JUN2004,Platinum,2,,,20,3.2125
0,29,2,15,3,50,50,39,8,27,44,4,13,17,10,2,10,395.01,89,Unknown,M,128000,65520,17APR2003,Platinum,2,,,21,6.25
0,48,2,18,3,75,100,91.65,16,27,29,7,12,13,3,2,20,838.02,53,HomeOwner,F,58000,116090,18JUL2001,Gold,5,,,23,6.25
1,45,5,15,1,50,46.05,43.45,13,34,36,6,16,15,8,2,7.9,262.66,65,HomeOwner,F,116000,83850,10JUN2005,Platinum,2,,,19,3.5423076923
0,30,0,13,3,100,83.35,74.1,36,57,98,6,6,28,17,2,,703.89,129,HomeOwner,F,71000,63570,,Platinum,3,,,,2.3152777778
0,45,0,18,3,60,60,55.3,6,24,66,3,3,27,17,2,,483.09,154,Unknown,F,93000,79300,,Platinum,2,,,,10
0,32,1,17,5,125,125,125,11,16,14,5,7,6,1,1,25,1751.24,41,HomeOwner,M,43000,138710,15OCT2003,Gold,5,,,21,11.363636364
1,28,2,8,3,125,125,177.5,23,42,64,9,20,27,10,2,25,1103.42,100,Unknown,M,31000,440960,04AUG1997,Platinum,4,,,27,5.4347826087
0,23,2,17,3,150,137.5,137.5,13,20,18,6,10,8,2,2,27.5,1740.03,45,HomeOwner,F,39000,60580,30DEC1992,Gold,5,,,32,10.576923077
0,24,1,16,3,75,65,47.5,11,27,38,5,11,14,4,2,15,550.39,77,Unknown,F,107000,76700,,Platinum,5,,,,5.9090909091
0,61,5,18,1,75,70,53.35,16,36,62,6,17,23,18,3,14,502.91,98,Unknown,M,96000,67730,13NOV2004,Platinum,3,,,20,4.375
0,60,1,18,3,120,121.65,88.75,13,35,67,6,17,29,12,2,25,1755.2,136,HomeOwner,M,60000,106470,21JUN2006,Platinum,3,,,18,9.3576923077
0,30,1,18,3,110,90,65.55,13,35,50,6,17,21,9,2,22,963.56,81,HomeOwner,F,80000,110890,25DEC1988,Platinum,5,,,36,6.9230769231
0,38,2,16,3,100,100,58,13,30,61,6,16,30,10,3,20,824.29,149,HomeOwner,F,89000,67080,28DEC2005,Platinum,3,,,19,7.6923076923
0,52,2,17,3,100,75,75,12,23,21,6,11,9,2,2,15,711.49,48,HomeOwner,F,70000,91520,02NOV2003,Gold,5,,,21,6.25
0,27,1,21,5,100,100,77.2,13,31,77,6,14,20,9,2,20,1109.62,116,Unknown,M,68000,215020,,Platinum,3,,,,7.6923076923
0,32,2,16,3,135,133.35,131.25,16,38,65,6,17,24,8,2,26,1745.91,111,HomeOwner,F,41000,344500,23OCT2001,Platinum,4,,,23,8.334375
0,28,0,5,10,50,0,63.25,38,38,95,7,7,27,17,2,,341.07,129,HomeOwner,F,82000,170690,26MAY1996,Platinum,2,,,28,0
0,28,1,17,5,75,75,75,10,15,13,4,6,5,1,1,15,773.66,41,HomeOwner,F,70000,72280,29JAN2000,Gold,5,,,25,7.5
0,33,6,17,1,75,86.1,61.25,14,33,75,6,17,32,28,3,17.5,593.33,146,Unknown,F,85000,64740,,Platinum,3,,,,6.15
0,12,3,17,3,125,100,100,15,29,28,6,13,11,3,2,20,1112.61,53,Unknown,F,54000,59410,,Platinum,5,,,,6.6666666667
0,42,3,17,2,85,83.75,57.9,25,47,77,9,20,30,12,3,19,581.34,104,HomeOwner,F,89000,192790,26JUN2005,Platinum,3,,,19,3.35
0,23,0,19,3,85,80,73,11,29,47,5,5,19,5,1,,709.21,97,Unknown,F,72000,75660,01APR2001,Platinum,5,,,23,7.2727272727
0,36,0,25,5,50,50,50,27,44,62,6,6,17,7,1,,518.71,81,HomeOwner,M,102000,48880,25JAN2001,Platinum,3,,,24,1.8518518519
0,33,1,17,5,75,75,75,10,15,13,4,6,5,1,1,15,783.33,41,Unknown,F,70000,38220,,Gold,5,,,,7.5
0,32,2,20,3,75,62.5,62.5,10,24,23,4,10,9,2,2,12.5,546.13,55,Unknown,M,83000,138320,,Platinum,5,,,,6.25
0,36,1,17,5,110,110,67.5,14,21,19,6,9,7,2,1,22,1114.39,43,HomeOwner,F,78000,112970,14DEC2005,Gold,5,,,19,7.8571428571
0,36,1,21,3,100,95,72.25,13,34,58,6,17,23,11,2,20,714.8,93,Unknown,F,73000,112970,,Platinum,3,,,,7.3076923077
0,43,2,24,3,60,78.35,60,11,31,52,6,17,24,9,2,16,710.02,103,HomeOwner,M,87000,123110,05JAN1999,Platinum,2,,,26,7.1227272727
0,0,2,18,2,50,53.75,41.5,14,34,58,6,15,24,10,2,10.5,387.44,134,Unknown,F,121000,0,,Platinum,2,,,,3.8392857143
0,12,1,23,5,100,100,100,8,15,14,3,6,5,1,1,20,1119.1,47,HomeOwner,F,54000,63700,14JAN2006,Gold,5,,,19,12.5
0,29,0,18,3,100,90,82.9,14,36,60,6,6,25,12,2,,697.12,110,HomeOwner,F,64000,94380,11OCT1997,Platinum,5,,,27,6.4285714286
0,26,1,20,5,75,75,75,8,15,14,3,6,5,1,1,15,777.61,44,HomeOwner,M,70000,139750,19APR2001,Gold,5,,,23,9.375
0,32,2,18,2,300,275,245,13,31,32,5,14,13,5,2,50,4248.37,56,Unknown,M,23000,79170,18NOV2005,Platinum,5,,,19,21.153846154
0,28,1,24,3,80,65,65,5,12,13,3,7,6,2,1,16,1041.79,56,HomeOwner,F,80000,66040,01MAY1993,Platinum,5,,,31,13
0,39,0,10,10,125,0,89.5,32,32,83,5,5,22,10,2,,677.84,105,HomeOwner,F,60000,78650,17MAY2000,Platinum,4,,,24,0
0,21,1,22,5,75,75,75,8,15,13,3,6,5,1,1,15,773.58,46,HomeOwner,F,70000,83460,22JUN1986,Gold,5,,,38,9.375
0,32,2,17,2,40,40,25.55,10,30,73,5,14,32,21,3,7.5,290.07,149,Unknown,M,184000,95420,04APR2004,Platinum,2,,,20,4
0,46,3,15,1,45,52.2,39.15,15,37,66,6,17,25,23,3,10,235.99,105,Unknown,F,127000,119470,,Platinum,2,,,,3.48
0,29,1,17,3,125,166.65,82.5,19,41,94,7,18,34,18,3,50,1753.14,129,Unknown,F,64000,61750,,Platinum,4,,,,8.7710526316
1,26,1,17,5,100,100,100,10,15,13,4,6,5,1,1,20,708.97,41,Unknown,F,54000,63830,06APR1995,Gold,5,,,29,10
0,31,3,18,1,75,83.35,75,13,32,31,6,15,13,8,2,18.33,582.21,56,HomeOwner,M,70000,112450,,Platinum,5,,,,6.4115384615
0,30,1,17,5,100,100,100,10,15,13,4,6,5,1,1,20,1106.13,41,HomeOwner,F,54000,37570,01AUG1992,Gold,5,,,32,10
0,44,0,26,5,50,50,33.35,6,22,75,2,2,20,21,3,,509.34,152,Unknown,M,147000,58760,07JUL2006,Platinum,2,,,18,8.3333333333
0,29,0,18,10,125,0,105,13,13,63,6,6,26,9,2,,660.69,110,HomeOwner,M,51000,90480,29OCT1997,Platinum,4,,,27,0
0,24,1,26,5,100,100,74,9,25,51,4,10,19,5,2,20,1121.18,112,HomeOwner,M,71000,244530,05JUL2005,Platinum,3,,,19,11.111111111
0,28,0,18,5,100,100,112.5,11,24,27,6,6,12,2,1,,1118.7,65,HomeOwner,F,48000,140010,03APR1988,Platinum,5,,,36,9.0909090909
0,24,1,18,3,125,75,76.65,13,34,38,6,16,16,6,2,15,964.46,68,HomeOwner,M,69000,74490,05NOV1990,Platinum,5,,,34,5.7692307692
0,29,1,17,5,75,75,75,10,15,14,4,6,5,1,1,15,784.05,41,HomeOwner,M,70000,62660,30NOV1998,Gold,5,,,26,7.5
0,0,1,20,5,500,500,500,28,36,34,6,10,8,2,1,100,8640.62,45,Unknown,M,11000,54600,,Gold,5,,,,17.857142857
0,47,1,18,3,100,75,65,14,36,77,6,17,34,15,3,15,708.04,151,Unknown,M,80000,93860,17JUN2003,Platinum,3,,,21,5.3571428571
0,17,1,20,3,90,83.35,63.35,13,35,40,6,17,17,6,2,18,698.52,68,HomeOwner,F,82000,60970,20OCT1992,Platinum,5,,,32,6.4115384615
0,32,0,18,5,200,200,39.4,13,32,74,6,6,31,24,3,,1745.85,154,HomeOwner,F,127000,36400,29MAY2004,Platinum,4,,,20,15.384615385
0,44,3,4,1,30,42.85,25.75,24,44,107,6,16,29,52,3,7.67,235.9,126,HomeOwner,F,183000,94640,19JUL1955,Platinum,1,,,69,1.7854166667
0,30,1,16,3,15,65,65,10,14,13,4,6,5,2,1,23,1034.76,41,Unknown,F,80000,82030,,Gold,2,,,,6.5
0,38,3,19,2,40,50,41.65,12,31,44,6,17,19,12,2,10.67,281.04,76,HomeOwner,F,121000,83460,11MAR1993,Platinum,2,,,31,4.1666666667
0,27,0,23,10,100,0,100,8,8,14,3,3,5,1,0,,666.34,47,HomeOwner,F,54000,51740,17JUN1998,Gold,,,,26,0
1,29,6,15,1,15,45.65,38.85,16,37,49,6,17,18,13,3,9.5,227.25,77,HomeOwner,F,128000,128830,10APR1999,Platinum,1,,,25,2.853125
0,34,1,17,5,125,125,125,11,16,14,5,7,6,1,1,25,1739.9,41,HomeOwner,F,43000,44200,15JUL1994,Gold,5,,,30,11.363636364
0,49,1,17,5,75,75,41.05,11,27,65,4,11,24,14,3,15,781.21,137,HomeOwner,M,122000,71500,16OCT2005,Platinum,3,,,19,6.8181818182
0,30,3,15,3,75,61.65,46.55,14,26,83,3,8,23,26,3,12.33,485.85,154,Unknown,F,109000,76310,31JUL1986,Platinum,3,,,38,4.4035714286
0,42,1,24,5,100,100,100,7,17,15,3,7,6,1,1,20,1114.24,48,HomeOwner,F,54000,216060,17MAY1989,Gold,5,,,35,14.285714286
0,30,2,15,3,75,62.5,62.5,12,19,17,5,8,7,2,2,12.5,555.68,44,Unknown,F,83000,101270,,Gold,5,,,,5.2083333333
0,0,0,26,10,125,0,118.75,26,26,62,5,5,17,4,0,,680.19,76,HomeOwner,M,45000,56420,,Platinum,,,,,0
1,42,2,16,1,50,45.85,45.85,12,28,27,6,14,12,6,2,7.5,262.02,57,HomeOwner,F,111000,75920,21NOV2002,Platinum,3,,,22,3.8208333333
0,22,1,17,5,125,125,125,11,16,14,5,7,6,1,1,25,1747.27,41,HomeOwner,M,43000,176930,26OCT1996,Gold,5,,,28,11.363636364
0,47,0,18,3,100,62.5,45,13,24,22,6,6,9,3,0,,646.19,64,Unknown,F,113000,70460,06JUL1987,Platinum,,,,37,4.8076923077
0,47,1,18,3,50,36.65,29.4,13,32,43,6,14,17,8,2,7,355.29,77,HomeOwner,M,164000,70460,05MAR2006,Platinum,2,,,18,2.8192307692
1,27,2,17,3,60,53.35,49,13,31,34,6,15,14,5,2,11,444.57,64,HomeOwner,M,104000,57590,,Platinum,3,,,,4.1038461538
0,32,1,18,3,100,62.5,62.5,11,23,21,4,9,8,2,1,5,651.98,53,Unknown,M,83000,101140,,Platinum,5,,,,5.6818181818
0,28,0,19,3,100,85,70,12,27,43,6,6,17,4,2,,704.68,100,HomeOwner,F,75000,83070,04APR1991,Platinum,5,,,33,7.0833333333
0,39,2,19,2,120,101.25,76.5,13,35,46,6,17,19,10,2,18.5,1117.11,76,HomeOwner,F,69000,102180,15MAY2002,Platinum,3,,,22,7.7884615385
0,55,1,21,3,90,85,65,13,33,49,6,16,20,7,2,18,697.86,87,HomeOwner,F,80000,95420,,Platinum,3,,,,6.5384615385
0,39,1,18,2,50,45,33.55,12,25,42,6,12,16,7,2,10,310.95,93,HomeOwner,M,146000,74490,09APR2003,Platinum,3,,,21,3.75
0,42,1,23,5,125,125,125,12,29,28,6,14,12,2,1,25,1744.77,59,HomeOwner,M,43000,131820,24MAR1999,Platinum,5,,,25,10.416666667
0,58,7,16,1,40,32.5,30.85,8,23,24,4,13,12,12,3,6.29,209.96,65,HomeOwner,F,157000,88270,12DEC2001,Platinum,2,,,23,4.0625
0,40,1,15,3,125,125,88.9,12,32,59,5,15,22,9,2,25,1737.5,100,HomeOwner,M,60000,88790,23JUN1994,Member,5,,,30,10.416666667
0,42,3,23,2,35,38.75,32.9,12,34,57,5,16,24,12,2,7,296.21,104,Unknown,F,148000,89830,06MAY1989,Platinum,1,,,35,3.2291666667
0,19,0,26,5,50,50,37.75,12,31,90,5,5,29,20,3,,510.08,143,Unknown,F,132000,52260,,Platinum,2,,,,4.1666666667
0,15,2,22,3,75,75,43.15,12,30,51,5,13,21,8,2,15,709.12,100,HomeOwner,U,117000,160550,,Platinum,3,,,,6.25
0,31,2,17,3,105,90,90,14,27,25,5,11,10,2,2,18,959.8,53,HomeOwner,F,59000,30420,,Platinum,5,,,,6.4285714286
0,38,2,21,3,100,100,100,9,25,25,4,11,10,2,2,20,839.86,56,HomeOwner,M,54000,167700,29JUN1996,Platinum,5,,,28,11.111111111
1,38,2,15,3,140,85,52.1,16,33,78,7,16,35,24,3,17,514.03,149,Unknown,F,99000,75140,03AUG2001,Platinum,4,,,23,5.3125
0,36,7,6,1,50,42,38.35,25,46,103,11,22,43,27,3,8.86,284.75,146,Unknown,F,130000,151970,,Platinum,2,,,,1.68
0,42,1,26,3,100,112.5,82.85,12,34,57,5,16,24,7,2,20,832.6,102,Unknown,F,64000,76700,18NOV2001,Platinum,5,,,23,9.375
0,32,0,14,5,250,250,170,26,37,55,7,7,17,4,2,,4266.3,101,HomeOwner,F,32000,282490,07MAY2003,Platinum,5,,,21,9.6153846154
0,25,0,26,5,75,75,51.25,9,27,44,4,4,16,4,2,,774.14,89,Unknown,M,100000,126230,11JAN1993,Platinum,5,,,32,8.3333333333
0,59,0,19,3,50,62.5,62.5,10,22,21,5,5,9,2,0,,537.75,50,HomeOwner,F,83000,128570,17JUN2005,Platinum,,,,19,6.25
0,24,0,25,5,85,85,53.35,9,28,53,4,4,19,6,2,,1085.43,105,HomeOwner,M,96000,74620,09DEC1992,Platinum,5,,,32,9.4444444444
0,31,4,16,1,35,43.55,40.55,23,38,45,9,16,19,9,2,10,229.21,56,HomeOwner,F,123000,720980,19FEB2004,Platinum,1,,,20,1.8934782609
0,58,3,8,2,0,43.75,34,12,32,54,6,15,22,10,2,9.33,277.63,107,HomeOwner,M,144000,80080,05JUN2003,Platinum,4,,,21,3.6458333333
0,58,0,18,2,80,62.5,45,14,34,65,6,6,25,13,2,,511.77,128,HomeOwner,M,113000,80080,24JUL2005,Platinum,3,,,19,4.4642857143
0,33,4,21,2,50,46,40.7,12,29,35,6,15,15,7,2,9,324.55,69,HomeOwner,M,123000,86450,05NOV2001,Platinum,2,,,23,3.8333333333
0,29,2,17,3,30,80,63.35,12,24,24,5,11,10,3,2,16,700.1,53,HomeOwner,M,82000,213590,18DEC1987,Platinum,2,,,37,6.6666666667
0,35,0,19,3,125,112.5,64.15,16,33,41,6,6,16,6,2,,1113.53,79,HomeOwner,M,81000,194610,27JAN1990,Platinum,5,,,35,7.03125
0,18,3,16,1,85,80.7,62,34,55,152,13,24,62,30,3,15.33,593.03,149,Unknown,F,84000,94380,17MAR1955,Platinum,3,,,69,2.3735294118
0,27,0,19,3,130,110,76.9,13,35,46,6,6,19,8,2,,1119.33,77,Unknown,F,69000,69810,,Platinum,5,,,,8.4615384615
1,14,5,17,2,45,48,48.85,15,34,86,6,17,30,22,3,9.6,275.52,129,HomeOwner,M,104000,486460,12NOV2005,Platinum,2,,,19,3.2
0,30,0,6,10,0,0,52.5,28,28,91,4,4,27,14,3,,495.21,137,HomeOwner,M,98000,84500,16DEC1994,Platinum,4,,,30,0
0,48,0,14,5,75,125,66.65,23,42,50,7,7,16,6,2,,1745.53,78,HomeOwner,M,79000,95030,20JAN1992,Platinum,5,,,33,5.4347826087
0,31,3,17,1,125,146.45,120.35,14,34,60,6,17,25,15,3,28.33,1739.01,101,HomeOwner,M,45000,80210,22APR1995,Platinum,4,,,29,10.460714286
0,36,2,21,3,100,100,100,5,11,11,1,4,4,2,2,20,825.75,53,Unknown,M,54000,142480,,Member,5,,,,20
0,45,0,25,5,125,125,80,11,32,51,6,6,21,8,2,,1748.07,88,Unknown,F,66000,81770,26MAY1992,Platinum,5,,,32,11.363636364
0,53,1,21,5,75,75,40,11,27,44,5,11,16,6,2,15,790.36,88,Unknown,F,125000,73580,30JUN1985,Platinum,5,,,39,6.8181818182
0,52,1,19,3,125,112.5,69.5,13,32,65,6,15,28,10,3,20,1122.9,124,HomeOwner,M,76000,121420,18OCT2005,Platinum,4,,,19,8.6538461538
0,45,2,7,1,60,53.15,53.5,25,43,61,11,20,22,10,2,10.5,386.24,83,HomeOwner,F,96000,102050,,Platinum,3,,,,2.126
0,24,0,18,5,125,125,68.2,13,32,68,6,6,25,11,2,,1738.36,123,Unknown,F,77000,61490,,Platinum,4,,,,9.6153846154
0,51,1,16,5,70,80,57.7,27,43,103,4,10,30,13,3,16,1077.68,144,Unknown,F,90000,66300,28JUN2001,Platinum,2,,,23,2.962962963
0,17,0,25,3,100,125,85,14,34,40,6,6,16,5,1,,1742.36,68,HomeOwner,M,63000,115440,08JUN2001,Platinum,5,,,23,8.9285714286
0,28,1,4,5,175,215,463.8,43,57,103,6,12,16,21,2,43,1754.07,88,HomeOwner,M,12000,155740,12OCT1993,Platinum,4,,,31,5
0,47,0,15,2,60,62,59.15,13,34,64,6,6,23,18,2,,381.55,101,HomeOwner,M,88000,180050,24MAR2006,Platinum,2,,,18,4.7692307692
0,43,0,19,3,75,75,53.15,16,35,59,6,6,21,8,2,,707.24,100,HomeOwner,F,97000,60840,15JUL2003,Platinum,5,,,21,4.6875
0,23,0,18,3,75,75,51.1,13,34,53,6,6,22,9,2,,714.6,90,Unknown,F,100000,122590,17FEB2006,Platinum,5,,,18,5.7692307692
0,20,3,16,3,100,100,71.25,13,28,64,5,12,25,8,3,20,831.22,137,Unknown,F,74000,235170,,Platinum,3,,,,7.6923076923
0,26,0,20,5,105,105,65,12,31,44,6,6,17,4,1,,1106.34,81,Unknown,F,80000,113230,12JUL1987,Platinum,5,,,37,8.75
0,37,3,15,2,75,100,81,26,48,94,10,21,37,15,3,25,840.49,137,HomeOwner,F,65000,123760,23NOV2003,Platinum,3,,,21,3.8461538462
0,30,1,22,3,150,137.5,71.55,15,36,73,6,16,27,13,3,30,1736.97,124,HomeOwner,M,73000,61750,25NOV1998,Platinum,4,,,26,9.1666666667
0,21,1,9,2,125,89,106.95,39,61,109,6,17,33,23,3,25,952.19,119,Unknown,M,50000,33670,,Platinum,4,,,,2.2820512821
0,36,0,18,3,125,112.5,63.75,13,35,52,6,6,21,8,2,,1111.33,87,Unknown,M,82000,48230,,Platinum,5,,,,8.6538461538
0,27,2,19,2,75,112.5,132.65,26,48,94,11,22,34,19,2,22.5,828.1,100,HomeOwner,M,41000,141960,13DEC1978,Platinum,3,,,46,4.3269230769
0,24,0,18,5,125,75,63.75,13,34,63,6,6,27,8,2,,785.92,126,Unknown,M,82000,104260,,Platinum,5,,,,5.7692307692
1,29,2,15,2,20,31.25,26.65,5,11,11,1,4,4,6,2,6,208.4,53,Unknown,F,178000,56680,,Member,2,,,,6.25
0,46,2,18,2,125,111,90,13,35,57,6,17,22,13,2,20,1115.54,93,HomeOwner,F,59000,119470,08MAR2006,Platinum,4,,,18,8.5384615385
0,40,2,26,3,100,83.35,37,10,28,54,5,14,22,10,2,15,711.78,113,HomeOwner,M,134000,118300,23JAN1992,Platinum,3,,,33,8.335
0,37,7,19,1,165,177.2,116.3,12,33,93,5,16,33,54,4,37.29,1748.83,153,HomeOwner,F,46000,108940,17OCT1997,Platinum,4,,,27,14.766666667
0,61,1,18,2,95,62.5,37.6,15,37,76,6,17,32,21,3,9,509.38,148,HomeOwner,M,132000,224900,30OCT2004,Platinum,3,,,20,4.1666666667
1,38,3,17,2,55,49,43,8,29,59,4,14,24,10,3,9.67,314.7,126,HomeOwner,F,117000,114010,11OCT2000,Platinum,2,,,24,6.125
0,46,0,19,3,75,75,30.95,12,27,69,5,5,30,16,3,,711.16,152,Unknown,F,156000,91650,02DEC2004,Platinum,3,,,20,6.25
0,37,2,22,3,75,63.35,49.15,12,32,41,6,15,16,6,2,13,542.24,80,HomeOwner,F,104000,116610,13DEC1995,Platinum,5,,,29,5.2791666667
1,12,4,19,1,50,50.65,41.35,28,50,97,11,22,36,22,3,10,267.69,91,Unknown,F,121000,122720,08FEB2006,Platinum,2,,,19,1.8089285714
0,35,0,26,5,75,75,67.5,9,29,41,4,4,16,4,1,,773.01,79,HomeOwner,F,78000,157820,28JUN1981,Platinum,5,,,43,8.3333333333
0,22,4,19,1,45,37.5,34,12,31,56,5,15,23,15,3,7,241.14,99,HomeOwner,F,144000,71500,07DEC2004,Platinum,2,,,20,3.125
0,57,1,24,5,125,125,55,11,29,40,6,13,15,4,2,25,1748.24,100,Unknown,F,94000,105040,16FEB2005,Platinum,5,,,19,11.363636364
0,14,1,10,5,500,500,500,27,34,35,5,8,7,2,1,100,8633.08,44,HomeOwner,M,11000,419250,15NOV1996,Gold,5,,,28,18.518518519
0,32,0,25,5,150,150,90,12,33,56,6,6,22,5,1,,1755.22,99,Unknown,F,59000,71500,,Platinum,5,,,,12.5
0,30,1,25,3,65,60,34.7,12,32,82,5,14,28,16,3,11,490.98,155,Unknown,F,142000,0,,Platinum,2,,,,5
0,38,0,16,3,100,75,58.35,13,26,33,6,6,13,3,1,,712.57,75,HomeOwner,M,89000,109850,27JUN1993,Platinum,5,,,31,5.7692307692
0,24,4,7,1,90,92.8,81.75,27,47,101,11,21,39,26,3,18.5,590.68,102,Unknown,F,65000,320060,,Platinum,3,,,,3.437037037
0,39,0,19,5,125,125,41.45,13,31,45,6,6,18,7,2,,1755.83,80,HomeOwner,M,121000,114790,23NOV1993,Platinum,5,,,31,9.6153846154
0,46,0,18,3,75,75,48.6,13,31,75,4,4,29,18,3,,716.06,151,HomeOwner,M,105000,61880,29MAY2006,Platinum,3,,,18,5.7692307692
0,33,2,18,1,100,63.35,52.5,13,34,35,6,16,15,8,2,15,504.75,65,Unknown,U,98000,245050,,Platinum,5,,,,4.8730769231
0,30,5,24,1,70,76.65,68.25,10,31,65,5,16,25,46,3,16.2,585.79,112,HomeOwner,F,77000,84370,31JUL2004,Platinum,2,,,20,7.665
0,35,0,15,3,100,87.5,71,12,31,52,5,5,20,5,1,,703.07,102,Unknown,M,74000,89700,14DEC2004,Member,5,,,20,7.2916666667
1,31,1,23,3,100,81.65,63.35,11,29,45,6,14,17,6,2,20,887.09,88,Unknown,F,82000,106860,23FEB1987,Platinum,5,,,37,7.4227272727
0,35,0,19,3,100,100,75,13,33,49,6,6,19,5,1,,833.45,91,HomeOwner,F,70000,129350,22OCT1991,Platinum,5,,,33,7.6923076923
0,44,2,18,2,75,58.75,36.8,17,39,64,6,17,24,14,2,10,380.87,105,Unknown,M,135000,173940,22OCT2001,Platinum,3,,,23,3.4558823529
0,18,0,19,5,100,100,75,10,21,40,4,4,15,4,2,,1114.1,97,HomeOwner,F,70000,81900,10JUL1988,Platinum,5,,,36,10
0,40,2,18,2,50,36.25,29.4,16,35,99,5,14,32,26,3,6.5,315.09,146,Unknown,F,164000,102180,14MAY2006,Platinum,2,,,18,2.265625
0,51,0,15,3,100,96.65,71.9,14,35,59,6,6,23,8,2,,710.32,99,HomeOwner,M,73000,82160,08APR1993,Platinum,5,,,31,6.9035714286
0,29,1,10,5,75,75,83.35,20,28,25,8,12,10,3,1,15,778.46,43,HomeOwner,M,64000,77870,03MAR1999,Gold,5,,,25,3.75
0,19,0,18,5,100,100,76,13,32,46,6,6,20,5,2,,1110.71,80,Unknown,F,69000,216450,14MAY1973,Platinum,5,,,51,7.6923076923
0,33,1,4,3,0,68.35,53.35,20,34,35,6,12,12,6,2,11,536.54,69,Unknown,M,96000,158730,,Platinum,5,,,,3.4175
0,25,2,23,3,100,100,100,10,20,19,4,9,8,2,2,20,828.92,53,HomeOwner,M,54000,52650,25JUL2002,Platinum,5,,,22,10
0,31,1,17,2,200,187.5,132.15,13,34,45,6,16,18,7,2,40,1740.4,77,Unknown,M,41000,52260,,Platinum,5,,,,14.423076923
0,37,0,26,5,100,100,100,10,31,50,5,5,22,4,2,,1116.11,107,Unknown,M,54000,51350,15NOV1996,Platinum,5,,,28,10
1,47,3,21,2,125,75,47.95,13,34,67,6,17,27,17,3,18.33,665.71,137,Unknown,M,106000,91780,,Platinum,4,,,,5.7692307692
0,36,3,16,1,125,117.5,115.5,15,37,51,6,17,20,10,2,22.67,1111.44,80,Unknown,F,47000,67340,02JUL1993,Platinum,4,,,31,7.8333333333
0,48,1,9,5,0,125,125,12,17,14,5,7,6,1,1,25,1739.08,40,HomeOwner,F,43000,350870,,Gold,5,,,,10.416666667
0,36,0,15,3,150,125,58.25,12,29,71,5,5,28,17,3,,1751.15,151,HomeOwner,F,89000,142480,28JUL1993,Platinum,4,,,31,10.416666667
0,22,0,15,3,75,62.5,40,9,25,41,2,2,12,5,1,,544.15,89,Unknown,F,125000,67990,,Member,5,,,,6.9444444444
0,30,0,27,5,75,50,50,9,28,29,4,4,12,3,1,,501.65,62,Unknown,M,102000,51220,,Platinum,5,,,,5.5555555556
0,29,5,17,1,55,46.25,37,20,40,92,9,20,36,20,3,10.2,285.92,149,Unknown,M,134000,117260,,Platinum,2,,,,2.3125
0,27,1,19,2,75,67,40.6,13,35,54,6,17,22,17,2,17,494.83,89,Unknown,U,123000,109070,,Platinum,3,,,,5.1538461538
0,39,2,21,3,100,83.35,78.55,20,42,57,8,19,22,7,2,20,701.06,65,HomeOwner,M,67000,161850,20JUL1989,Platinum,5,,,35,4.1675
0,25,3,18,1,15,15.7,17.5,11,32,34,6,16,15,10,2,3.33,173.97,65,Unknown,M,250000,83460,,Platinum,1,,,,1.4272727273
0,32,2,21,3,75,67.5,58.75,11,27,34,5,13,14,4,2,13.5,546.9,69,Unknown,F,88000,68770,22JUN1977,Platinum,3,,,47,6.1363636364
0,32,2,21,3,100,77.5,60,13,28,34,6,13,13,3,2,15.5,713.72,69,HomeOwner,F,87000,77480,16JUN1987,Platinum,5,,,37,5.9615384615
0,35,0,6,5,100,125,78.1,42,62,111,8,8,33,21,3,,1745.92,153,HomeOwner,F,68000,272740,23DEC2002,Platinum,3,,,22,2.9761904762
0,25,2,17,3,125,112.5,84.4,16,34,66,6,15,24,8,2,22.5,1112.26,129,Unknown,F,63000,75270,30NOV1993,Platinum,4,,,31,7.03125
0,39,3,15,2,100,106.25,105,7,13,12,2,5,5,5,2,20,823.57,53,Unknown,F,51000,93470,,Member,3,,,,15.178571429
0,40,0,26,5,100,100,58.35,10,26,38,5,5,15,3,1,,1124.74,81,Unknown,F,89000,65910,04JUL1993,Platinum,5,,,31,10
0,28,3,22,1,25,34.3,30.25,18,40,103,6,17,38,42,4,8.33,232.63,146,Unknown,F,160000,80600,,Platinum,1,,,,1.9055555556
1,27,2,16,3,55,48.35,40,14,33,42,6,15,16,7,2,10,343.41,76,HomeOwner,M,125000,63180,07MAR2005,Platinum,2,,,19,3.4535714286
0,49,9,15,1,85,91.9,71.95,12,31,82,5,16,32,51,4,18.44,577.99,154,Unknown,U,73000,86190,,Platinum,3,,,,7.6583333333
0,0,2,19,3,50,60,56,12,31,39,6,14,16,5,2,10,398.27,99,Unknown,F,92000,44720,,Platinum,3,,,,5
0,31,2,26,2,80,49,30,21,42,100,8,18,37,25,3,8.5,310.1,124,Unknown,F,161000,190450,07JUN1955,Platinum,3,,,69,2.3333333333
1,34,1,20,3,60,60,48,12,31,40,6,14,15,5,1,9,464.71,76,Unknown,F,106000,48100,10JAN1987,Platinum,3,,,38,5
0,27,1,18,3,125,125,125,13,27,27,6,12,10,3,1,25,1743.47,56,Unknown,F,43000,82160,,Platinum,5,,,,9.6153846154
0,42,4,16,1,40,30.85,30.7,13,29,29,6,14,12,7,2,6.25,211.77,56,Unknown,M,158000,55770,,Platinum,2,,,,2.3730769231
0,24,1,18,3,125,112.5,77.2,15,34,59,6,15,22,9,2,20,1108.56,100,HomeOwner,M,68000,81120,24JAN2002,Platinum,4,,,23,7.5
0,31,0,18,5,50,50,53.2,12,30,61,5,5,28,11,2,,518.49,151,Unknown,F,97000,41860,13FEB2003,Platinum,2,,,22,4.1666666667
0,32,1,15,5,100,100,100,3,4,4,2,3,3,1,1,20,1121.44,39,Unknown,M,54000,81770,,Member,5,,,,33.333333333
0,30,0,26,5,90,50,70,9,22,21,4,4,9,2,0,,666.51,52,HomeOwner,F,75000,62140,03APR1993,Platinum,,,,31,5.5555555556
0,37,1,19,3,75,66.65,46.9,13,34,38,6,17,17,8,2,10,552.47,65,Unknown,F,108000,122590,20JAN1986,Platinum,5,,,39,5.1269230769
0,24,0,25,5,100,100,62.5,11,32,68,6,6,28,14,3,,1120.2,129,Unknown,M,83000,57850,14FEB2006,Platinum,3,,,19,9.0909090909
0,25,0,26,10,90,0,86.25,26,26,86,5,5,27,8,2,,663.93,146,HomeOwner,F,62000,186420,14JUL1988,Platinum,3,,,36,0
0,37,2,15,3,100,108.35,66.75,12,32,77,5,15,31,17,3,22.5,827.59,148,HomeOwner,F,78000,122590,25JUL1994,Platinum,3,,,30,9.0291666667
0,49,1,16,3,85,80,80,14,21,19,6,9,7,2,1,17,710.45,44,HomeOwner,M,66000,112580,02MAR2004,Gold,5,,,20,5.7142857143
1,28,5,17,1,30,31.45,30.55,13,34,58,6,17,24,18,3,6.4,187.15,98,Unknown,U,158000,31980,,Platinum,1,,,,2.4192307692
0,20,3,4,1,100,89.15,73.5,39,60,104,16,26,38,10,2,15.67,592.28,77,HomeOwner,F,72000,97240,,Platinum,3,,,,2.2858974359
0,24,2,15,1,50,45.85,46.45,13,26,26,6,12,10,7,2,10,290.78,56,Unknown,M,109000,52780,,Platinum,3,,,,3.5269230769
0,37,0,18,3,50,31.65,29,13,32,33,6,6,13,5,1,,347.28,64,HomeOwner,F,165000,61100,15JUN2002,Platinum,3,,,22,2.4346153846
0,23,1,21,5,75,75,45,10,26,53,4,10,24,6,2,15,771.69,145,HomeOwner,F,113000,87880,05FEB1992,Platinum,3,,,33,7.5
0,37,2,16,3,75,66.65,45.9,24,44,67,9,18,26,11,2,15,555.92,98,Unknown,F,111000,85410,28JUN1987,Platinum,3,,,37,2.7770833333
0,49,2,19,2,50,52.5,50.25,8,23,67,4,11,24,20,3,10,381.91,137,HomeOwner,M,102000,87230,,Platinum,2,,,,6.5625
0,38,1,18,3,145,101.65,101.65,13,33,32,6,15,13,3,1,5,1111.46,60,HomeOwner,M,53000,93600,,Platinum,5,,,,7.8192307692
0,29,2,21,3,50,50,66.65,12,27,28,6,13,11,3,2,10,399.34,56,Unknown,F,79000,68120,,Platinum,3,,,,4.1666666667
0,57,1,22,2,75,57.5,40,12,33,44,6,16,18,9,2,15,396.24,77,Unknown,M,125000,154180,03FEB1993,Platinum,3,,,32,4.7916666667
0,24,2,15,3,95,90,53.1,7,21,47,3,10,21,13,3,18,708.15,149,Unknown,F,97000,24180,27JAN2006,Member,3,,,19,12.857142857
0,45,0,21,3,80,65,65,10,24,22,4,4,9,2,0,,638.69,55,HomeOwner,M,80000,91000,19MAR2005,Platinum,,,,19,6.5
0,26,1,16,3,60,60,35,12,28,62,5,11,26,11,3,12,488.61,142,HomeOwner,M,141000,43550,11JUL2005,Platinum,2,,,19,5
0,50,6,12,1,100,121.45,107.35,26,47,122,9,20,44,30,3,24.17,1755.34,153,Unknown,U,50000,123240,07NOV2003,Platinum,3,,,21,4.6711538462
0,39,0,17,10,50,0,88.5,34,34,99,6,6,29,10,2,,352.43,116,HomeOwner,M,60000,57980,27JUL2001,Platinum,3,,,23,0
0,36,1,18,5,125,75,59.3,15,35,50,6,15,18,7,2,15,782.18,81,Unknown,M,87000,78910,11FEB2002,Platinum,5,,,23,5
0,26,2,20,3,50,33.35,27.6,12,32,74,5,14,35,21,3,7.5,340.4,145,Unknown,F,173000,39260,19DEC2003,Platinum,2,,,21,2.7791666667
0,25,0,15,3,75,70,54.4,18,38,60,6,6,22,8,2,,554.85,129,HomeOwner,F,95000,51610,16JUN2003,Platinum,5,,,21,3.8888888889
0,25,4,17,1,50,35.7,28.2,14,35,44,6,16,17,11,3,6.5,219.36,75,Unknown,F,169000,44070,,Platinum,2,,,,2.55
0,31,1,25,3,50,67.5,55,11,33,57,6,17,26,11,2,10,538.5,110,HomeOwner,M,94000,59800,28MAR1999,Platinum,3,,,25,6.1363636364
0,39,0,15,3,50,56.65,46.35,12,29,64,5,5,26,11,3,,396.15,128,HomeOwner,F,110000,69550,05NOV2005,Platinum,2,,,19,4.7208333333
0,46,4,6,1,50,46.45,44.55,28,49,107,11,21,40,32,3,8.75,279.03,144,HomeOwner,F,114000,60060,24OCT2005,Platinum,2,,,19,1.6589285714
0,35,2,16,2,50,42.5,35,13,32,42,6,14,16,7,2,7,314.52,80,HomeOwner,F,141000,65260,01AUG1998,Platinum,3,,,26,3.2692307692
0,36,3,17,2,100,43.75,43.75,12,33,31,6,16,14,4,2,10,327.54,60,HomeOwner,M,115000,71760,27JUL1996,Platinum,5,,,28,3.6458333333
0,48,2,16,2,75,66.25,47.7,13,33,56,6,17,22,13,3,11.5,496.14,93,Unknown,F,107000,76440,03JUN2007,Platinum,3,,,17,5.0961538462
0,36,2,4,2,75,49,42.3,28,47,112,10,19,45,26,3,10,323.03,149,Unknown,F,119000,96720,05MAY2005,Platinum,3,,,19,1.75
0,17,0,23,10,75,0,47.85,10,10,58,4,4,23,7,2,,500.26,128,Unknown,F,106000,82940,21MAY1997,Platinum,3,,,27,0
0,52,2,24,3,100,75,66.65,13,32,34,6,14,13,3,2,15,709.16,65,Unknown,M,79000,74750,16DEC1992,Platinum,5,,,32,5.7692307692
0,32,0,24,5,70,70,30.3,9,21,62,4,4,24,16,3,,555.19,151,Unknown,U,159000,54210,,Platinum,2,,,,7.7777777778
0,19,0,6,5,75,35,44.7,28,48,71,5,5,19,16,2,,490.13,86,Unknown,M,113000,46410,18JUN2006,Platinum,3,,,18,1.25
0,29,2,26,3,65,58.35,49.15,9,28,68,4,13,28,12,3,11,493.13,143,HomeOwner,M,104000,25350,17JUL1951,Platinum,2,,,73,6.4833333333
0,22,5,18,1,50,55.7,33.9,12,32,83,5,16,32,45,4,11.4,383.45,149,Unknown,U,145000,88530,,Platinum,2,,,,4.6416666667
1,19,1,25,5,90,90,50.85,9,25,58,4,10,22,6,2,18,665.23,135,Unknown,F,101000,63570,02DEC2003,Platinum,3,,,21,10
0,0,2,4,3,75,75,75,21,28,26,8,12,10,5,2,15,710.83,45,Unknown,M,70000,79820,06DEC2003,Gold,5,,,21,3.5714285714
1,29,4,17,1,30,37.85,34.3,11,30,81,5,16,33,29,3,7.5,325.56,143,Unknown,F,143000,71890,,Platinum,1,,,,3.4409090909
0,47,1,17,3,125,112.5,82,13,30,50,6,13,19,5,2,25,1120.54,101,Unknown,F,65000,85280,,Platinum,5,,,,8.6538461538
0,26,2,16,3,55,40,36.65,12,19,18,5,8,7,3,2,8,342.78,44,HomeOwner,F,135000,55640,22JUL1989,Gold,3,,,35,3.3333333333
0,11,0,26,10,80,0,77.15,26,26,74,5,5,19,7,2,,680.09,92,HomeOwner,F,68000,202410,18NOV1999,Platinum,5,,,25,0
0,25,1,18,3,75,75,26.75,14,32,74,6,14,31,20,3,15,708.63,154,Unknown,M,177000,35750,19APR2004,Platinum,3,,,20,5.3571428571
0,45,0,18,3,75,62.5,62.5,11,24,23,4,4,8,2,0,,553.41,56,HomeOwner,M,83000,201760,19DEC2005,Platinum,,,,19,5.6818181818
1,25,2,19,2,30,32,30.85,12,31,30,6,14,13,6,2,7,187.64,62,Unknown,F,157000,85800,08JUN2001,Platinum,2,,,23,2.6666666667
0,26,5,19,1,30,25,26.25,24,45,110,11,21,43,40,3,5,170.16,149,Unknown,F,180000,99320,07JAN2005,Platinum,1,,,20,1.0416666667
0,24,3,15,2,55,79,67.85,16,27,26,6,11,9,7,2,17.33,582.47,47,Unknown,F,77000,82680,,Gold,3,,,,4.9375
0,0,5,21,1,45,39.15,35,12,33,45,6,17,20,11,3,7.6,236.16,99,HomeOwner,F,141000,110370,,Platinum,2,,,,3.2625
0,35,2,18,3,100,80,57,13,31,52,6,13,19,5,2,16,699.48,103,Unknown,M,91000,70460,23JAN1998,Platinum,3,,,27,6.1538461538
0,31,0,5,10,25,0,76.9,44,44,82,6,6,18,13,2,,488.47,81,HomeOwner,F,69000,523770,02APR1993,Platinum,2,,,31,0
0,34,2,21,2,50,43.75,43.75,12,25,25,6,12,10,4,2,10,319.5,56,HomeOwner,M,115000,47320,16JUL2001,Platinum,3,,,23,3.6458333333
0,32,2,15,2,50,33.75,32,13,32,33,5,13,13,5,2,5,320.85,65,HomeOwner,M,152000,89570,23APR2001,Platinum,3,,,23,2.5961538462
0,31,2,15,3,50,50,50,11,23,21,5,10,10,3,2,10,400.71,50,HomeOwner,M,102000,60840,20JUL2004,Gold,3,,,20,4.5454545455
0,38,2,17,3,75,62.5,55.65,13,33,43,6,16,19,8,2,12.5,544.81,76,Unknown,F,93000,58630,,Platinum,3,,,,4.8076923077
0,19,0,15,3,80,80,51.3,12,30,74,6,6,30,23,3,,716.54,149,HomeOwner,F,100000,41340,13JUN2004,Platinum,3,,,20,6.6666666667
0,31,2,18,2,125,105,83,13,34,55,6,17,21,10,2,19.5,1122.04,91,HomeOwner,F,64000,106340,25MAR2000,Platinum,4,,,24,8.0769230769
0,34,1,17,3,50,41.65,31.35,12,31,49,6,14,19,11,2,5,354.9,92,HomeOwner,F,155000,99840,08FEB2005,Platinum,3,,,20,3.4708333333
1,40,0,26,10,100,0,80.85,26,26,71,5,5,19,6,0,,135.97,138,HomeOwner,F,66000,205270,15OCT1996,Platinum,,,,28,0
0,18,0,18,3,100,100,83.35,12,28,38,6,6,16,3,0,,827.77,80,HomeOwner,F,64000,91390,04JUN2004,Platinum,,,,20,8.3333333333
0,44,2,25,2,85,78.75,68,12,33,36,6,16,15,5,2,14,578.79,65,Unknown,F,77000,95940,22MAR1988,Platinum,5,,,36,6.5625
0,29,2,17,3,60,50,53.35,12,19,18,6,10,8,3,2,10,498.51,45,Unknown,M,96000,51740,,Gold,3,,,,4.1666666667
0,31,2,20,3,100,75,75,6,12,12,2,5,5,2,2,15,710.86,52,Unknown,F,70000,51480,,Member,5,,,,12.5
0,37,0,18,3,125,112.5,85,14,33,57,6,6,22,5,2,,1120.95,110,Unknown,F,63000,60190,,Platinum,5,,,,8.0357142857
0,38,2,25,3,100,106.65,94,11,31,35,6,17,16,5,2,20.5,826.8,64,Unknown,M,57000,117910,,Platinum,5,,,,9.6954545455
0,45,0,18,3,75,61.65,61.65,11,29,27,5,5,11,3,0,,502.2,56,HomeOwner,M,84000,51350,24NOV1999,Platinum,,,,25,5.6045454545
0,30,2,6,2,50,51.25,40.35,27,49,113,11,22,46,27,3,10,383.43,143,Unknown,F,124000,53170,,Platinum,2,,,,1.8981481481
0,28,2,18,3,100,80,80,14,28,26,6,13,11,3,2,14,697.41,52,Unknown,M,66000,77610,22JUN1998,Platinum,5,,,26,5.7142857143
0,28,1,19,2,90,35,28.75,13,34,36,6,16,15,8,2,5,316.94,64,Unknown,M,167000,88920,,Platinum,5,,,,2.6923076923
0,29,0,26,5,75,75,48.05,10,31,66,5,5,25,18,3,,774.59,115,Unknown,M,106000,65000,,Platinum,3,,,,7.5
0,41,1,22,5,75,75,75,7,13,12,3,6,5,1,1,15,782.1,46,HomeOwner,F,70000,88530,08MAY1994,Gold,5,,,30,10.714285714
0,30,0,18,5,75,70,60,13,34,68,6,6,25,13,3,,538.85,116,HomeOwner,F,87000,93210,,Platinum,3,,,,5.3846153846
0,27,3,17,1,50,34.15,35,12,32,35,5,14,14,8,2,7.33,230.9,64,HomeOwner,M,141000,152880,28MAY1994,Platinum,2,,,30,2.8458333333
0,38,3,19,2,50,30,27.5,12,30,31,6,15,14,6,2,5,315.43,65,Unknown,F,173000,69810,13APR1992,Platinum,2,,,32,2.5
1,27,2,17,2,125,93.75,64.4,15,36,47,6,16,19,8,2,17.5,925.52,111,HomeOwner,F,81000,144430,03APR2005,Platinum,4,,,19,6.25
0,40,1,17,3,50,50,43.95,15,34,72,5,13,30,14,3,10,400.65,147,Unknown,F,115000,89050,16JUL2004,Platinum,2,,,20,3.3333333333
0,30,2,17,3,130,122.5,99.15,15,35,40,6,16,16,6,2,24.5,1744.37,69,Unknown,F,54000,142350,27DEC2005,Platinum,4,,,19,8.1666666667
0,36,0,27,3,100,70,70,9,24,24,4,4,9,2,0,,643.16,56,HomeOwner,M,75000,100620,01APR1979,Platinum,,,,45,7.7777777778
0,34,0,26,10,100,0,77,26,26,92,5,5,32,20,3,,672.47,149,Unknown,M,69000,391300,,Platinum,3,,,,0
0,30,0,16,2,50,42.5,38.35,12,31,37,6,6,16,6,0,,318.4,75,HomeOwner,F,130000,163930,29JUN2001,Platinum,,,,23,3.5416666667
0,49,1,18,3,75,50,50,12,23,20,6,11,9,2,1,5,490.98,47,HomeOwner,F,102000,186680,12MAR1982,Gold,5,,,42,4.1666666667
0,10,2,24,3,75,67.5,43.15,9,26,54,4,10,25,8,3,13.5,537.77,151,HomeOwner,F,117000,85150,20JAN1990,Platinum,3,,,35,7.5
0,25,2,17,3,200,150,68.75,9,25,48,5,14,19,12,2,30,1743.16,92,HomeOwner,F,76000,116350,,Platinum,4,,,,16.666666667
0,44,4,16,1,50,68.35,68.35,14,29,29,6,13,11,6,2,13,407.68,56,Unknown,F,77000,87490,13NOV1990,Platinum,2,,,34,4.8821428571
0,0,4,4,1,0,101.65,76.9,29,51,117,8,19,40,29,3,20.25,839.04,123,Unknown,M,69000,110760,,Platinum,4,,,,3.5051724138
0,21,1,19,2,30,25,24.15,12,28,29,6,13,13,6,2,6,224.71,62,Unknown,M,193000,48750,,Platinum,2,,,,2.0833333333
0,43,2,18,2,55,41.25,70,13,32,63,6,16,24,11,2,6,322.6,99,Unknown,F,75000,98020,,Platinum,2,,,,3.1730769231
0,37,3,16,2,75,68.75,52.2,7,18,47,4,11,21,9,2,13.33,511.96,125,HomeOwner,F,98000,121030,22JUL2005,Platinum,3,,,19,9.8214285714
0,41,0,26,10,125,0,95.55,31,31,99,5,5,26,19,3,,666.35,139,Unknown,M,56000,67860,14JAN2001,Platinum,4,,,24,0
0,33,2,17,2,125,85,82.15,13,31,32,6,16,15,7,2,16,967.09,63,HomeOwner,F,65000,250900,03JUL2003,Platinum,5,,,21,6.5384615385
0,26,1,18,3,125,125,90,13,33,56,6,16,27,5,2,25,1746.5,129,HomeOwner,F,59000,70850,22JUN1992,Platinum,5,,,32,9.6153846154
0,37,0,16,5,75,70,45,12,31,66,5,5,29,13,3,,542.84,146,HomeOwner,F,113000,61100,12OCT2004,Platinum,3,,,20,5.8333333333
0,38,2,18,1,75,69.15,65.65,15,36,39,6,16,15,8,2,10,496.31,66,Unknown,F,80000,81510,,Platinum,5,,,,4.61
0,41,1,17,5,80,80,45.9,11,24,67,4,9,26,17,3,16,1076,152,Unknown,U,111000,58630,,Platinum,3,,,,7.2727272727
0,18,4,4,2,60,55,60,26,44,90,10,18,36,15,3,11.25,384.4,155,HomeOwner,F,87000,97500,26OCT1989,Platinum,2,,,35,2.1153846154
0,32,0,18,3,25,41.65,38.75,12,26,24,5,5,10,4,0,,300.48,51,HomeOwner,F,129000,62010,09FEB1988,Platinum,,,,37,3.4708333333
0,44,3,19,1,50,51.45,35.55,13,34,59,6,17,24,18,3,10,384.84,116,Unknown,M,139000,120120,,Platinum,2,,,,3.9576923077
0,35,0,18,3,125,112.5,71.25,13,27,42,6,6,16,4,1,,1115.12,90,HomeOwner,M,74000,57460,15JAN1990,Platinum,5,,,35,8.6538461538
0,48,3,18,3,125,106.65,77,25,47,73,11,22,29,10,3,21.33,1111.49,81,HomeOwner,F,69000,121940,28MAR2005,Platinum,4,,,19,4.266
0,42,3,18,2,45,42.5,40,12,23,23,6,12,10,5,2,8.33,283.84,53,Unknown,F,125000,116090,08JUN1994,Platinum,3,,,30,3.5416666667
0,13,1,27,3,175,162.5,108.35,11,31,58,5,15,24,6,2,30,1744.95,116,Unknown,F,50000,91650,17NOV1990,Platinum,5,,,34,14.772727273
0,27,3,16,3,55,55,48.75,14,28,27,6,13,11,4,2,11,387.08,53,Unknown,F,105000,216060,,Platinum,3,,,,3.9285714286
0,18,1,20,5,500,500,312.5,30,47,54,6,14,14,2,1,100,8637.67,68,HomeOwner,F,18000,105560,05JUN1992,Platinum,5,,,32,16.666666667
0,26,0,18,3,125,125,93.75,13,30,47,6,6,18,4,1,,1753.82,91,Unknown,M,57000,170950,26MAR1994,Platinum,5,,,30,9.6153846154
0,36,3,19,2,125,107.5,41.1,13,35,77,6,17,33,27,3,20.33,1124.99,146,HomeOwner,M,122000,119340,16NOV2002,Platinum,4,,,22,8.2692307692
0,0,4,17,2,50,85,69.35,7,20,36,4,13,16,15,3,15,590.93,97,Unknown,F,76000,190840,,Platinum,2,,,,12.142857143
0,39,1,20,2,80,70,74.5,24,45,104,11,21,40,20,3,10,505.99,145,HomeOwner,M,71000,120640,16FEB2004,Platinum,3,,,20,2.9166666667
0,28,0,19,3,65,60,34.05,12,30,70,5,5,27,16,3,,485.61,137,HomeOwner,F,144000,177710,06NOV2005,Platinum,2,,,19,5
0,20,1,17,5,125,125,79.3,13,35,41,6,17,17,7,2,25,1742.8,69,HomeOwner,M,67000,209300,23MAY2001,Platinum,5,,,23,9.6153846154
0,30,1,15,3,75,75,76,13,28,65,6,13,27,10,3,15,711.71,147,Unknown,M,69000,231790,14FEB1970,Platinum,3,,,55,5.7692307692
0,48,1,10,5,150,125,137.5,18,25,23,5,8,7,2,1,25,1743.87,47,Unknown,M,39000,85930,13MAY1997,Gold,5,,,27,6.9444444444
0,35,2,19,3,125,133.35,125,14,33,37,6,17,16,4,2,27.5,1748.21,66,Unknown,U,43000,193440,,Platinum,5,,,,9.525
0,38,2,18,3,50,36.65,40,12,26,25,6,13,11,4,2,6,344.37,53,HomeOwner,M,125000,78130,09JUN1979,Platinum,3,,,45,3.0541666667
0,32,4,17,1,60,52.5,47.25,13,34,38,6,17,16,11,2,10.5,387.18,65,HomeOwner,F,108000,179400,18MAY2003,Platinum,2,,,21,4.0384615385
0,39,2,11,2,75,71,66.75,27,49,93,11,22,35,17,2,12.5,494,93,HomeOwner,M,78000,72150,18JUL2005,Platinum,3,,,19,2.6296296296
1,24,0,26,5,75,75,52.5,9,27,43,4,4,15,4,2,,930.93,88,HomeOwner,M,98000,121030,31DEC2000,Platinum,5,,,24,8.3333333333
1,11,5,16,2,75,45,45.55,21,41,78,9,19,29,18,3,9,431.17,93,HomeOwner,F,111000,761930,,Platinum,3,,,,2.1428571429
0,0,2,23,3,125,110,88.5,13,31,73,6,15,31,10,3,22,1122.9,152,HomeOwner,M,60000,66560,13JAN2003,Platinum,4,,,22,8.4615384615
0,24,1,5,5,175,75,88.75,21,26,24,5,7,6,4,2,15,774.74,41,Unknown,U,60000,180050,,Gold,5,,,,3.5714285714
0,27,0,25,5,75,75,55,11,32,44,6,6,19,6,2,,787.65,80,HomeOwner,M,94000,156520,20MAY1989,Platinum,5,,,35,6.8181818182
0,30,1,6,5,750,500,625,28,35,34,5,8,7,2,1,100,8651.49,44,HomeOwner,M,9000,90220,18MAR1990,Gold,5,,,34,17.857142857
0,36,2,16,3,50,33.35,33.35,12,19,18,5,8,7,3,2,5,336.03,44,HomeOwner,F,147000,56940,15JUL2000,Gold,3,,,24,2.7791666667
0,27,1,16,5,100,100,100,12,17,14,5,7,6,1,1,20,1106.73,40,Unknown,F,54000,75270,12JUL2006,Gold,5,,,18,8.3333333333
0,33,0,20,5,100,100,58.35,12,27,37,6,6,14,3,1,,1111.7,80,Unknown,U,89000,196560,11OCT1943,Platinum,5,,,81,8.3333333333
0,0,3,13,1,50,57.15,49.25,25,45,76,11,20,28,13,2,8.33,377.91,104,Unknown,U,104000,72280,,Platinum,2,,,,2.286
0,24,0,19,3,100,65,43,13,31,45,6,6,16,5,1,,637.13,104,HomeOwner,M,117000,142870,08MAR1991,Platinum,5,,,33,5
0,34,6,17,1,55,43.55,35,13,33,57,6,16,21,13,3,8.67,277.48,99,Unknown,M,141000,107640,22MAY1988,Platinum,2,,,36,3.35
0,46,1,16,3,50,43.35,34.15,12,32,66,5,14,28,12,3,8,351.84,143,HomeOwner,F,144000,106340,15FEB2006,Platinum,2,,,19,3.6125
0,63,2,17,3,50,53.35,46.25,6,12,12,2,5,5,4,2,11,392.67,52,Unknown,U,110000,248040,,Member,3,,,,8.8916666667
0,29,0,27,5,75,75,49.15,11,30,48,4,4,17,6,2,,771.23,88,HomeOwner,F,104000,84630,16MAY2002,Platinum,5,,,22,6.8181818182
0,27,1,17,5,100,100,100,6,8,7,2,3,3,1,1,20,1114.59,41,Unknown,M,54000,177190,,Member,5,,,,16.666666667
0,24,0,26,5,125,125,68.35,10,21,22,5,5,12,3,2,,1739.11,75,HomeOwner,M,77000,218920,07MAY1991,Platinum,5,,,33,12.5
0,23,6,17,1,75,80,63.4,27,47,112,11,22,45,20,3,15.83,597.39,153,HomeOwner,M,82000,150670,,Platinum,3,,,,2.962962963
0,43,0,11,10,75,0,24,26,26,88,4,4,25,20,3,,492.1,150,HomeOwner,F,194000,58370,01AUG2006,Platinum,3,,,18,0
0,31,1,16,5,100,100,100,14,19,16,5,7,6,1,1,20,1117.16,40,HomeOwner,F,54000,88920,28NOV1995,Gold,5,,,29,7.1428571429
0,40,0,18,5,50,75,69.15,32,51,62,6,6,14,6,0,,784.36,68,HomeOwner,F,76000,119340,28APR1992,Platinum,,,,32,2.34375
0,29,4,18,2,125,81,66.85,14,35,60,6,17,22,19,3,16.5,958.46,88,HomeOwner,F,78000,60320,,Platinum,4,,,,5.7857142857
0,22,1,18,5,75,75,75,10,15,12,4,6,5,1,1,15,779.06,42,HomeOwner,F,70000,280800,23NOV1985,Gold,5,,,39,7.5
0,0,2,24,2,50,51.25,31.65,12,34,73,6,17,29,24,3,10,395.11,129,Unknown,M,153000,0,,Platinum,2,,,,4.2708333333
0,17,1,20,3,100,87.5,58,13,34,41,6,16,17,5,2,20,707.97,77,HomeOwner,M,89000,120120,02DEC1985,Platinum,3,,,39,6.7307692308
0,37,4,6,1,30,23.35,22.25,23,43,86,8,17,31,20,3,4.75,180.64,137,HomeOwner,F,206000,40820,18MAR1994,Platinum,1,,,30,1.0152173913
0,0,1,18,3,85,78.35,63.25,13,32,73,6,15,29,20,3,15,701.03,144,HomeOwner,M,82000,60450,25APR1994,Platinum,3,,,30,6.0269230769
0,32,0,25,10,50,0,29.45,9,9,69,4,4,29,18,3,,351.24,154,Unknown,F,163000,79040,,Platinum,2,,,,0
0,17,0,4,10,100,0,112.9,30,30,94,5,5,29,12,2,,672.03,119,Unknown,F,48000,83720,12OCT2004,Platinum,3,,,20,0
0,32,2,17,2,200,175,175,14,30,29,6,14,12,4,2,37.5,1736.77,56,HomeOwner,M,31000,45630,24MAY2002,Platinum,5,,,22,12.5
0,26,2,18,2,50,42.5,39,12,31,32,6,15,14,5,2,7.5,317.52,65,HomeOwner,M,128000,140660,01JAN1989,Platinum,3,,,36,3.5416666667
0,0,1,17,5,125,125,125,7,9,8,2,3,3,1,1,25,1753.12,41,Unknown,F,43000,276640,,Member,5,,,,17.857142857
0,25,0,8,10,125,0,87.25,30,30,81,4,4,20,11,2,,677.63,110,HomeOwner,M,61000,455000,18MAY1996,Platinum,5,,,28,0
0,29,0,27,5,100,100,43.2,5,19,42,3,3,18,11,2,,1121.78,110,Unknown,F,117000,107770,,Platinum,3,,,,20
0,20,0,15,3,150,102.5,70,12,31,35,5,5,14,4,1,,1120.2,68,Unknown,M,75000,106210,24JAN1992,Platinum,5,,,33,8.5416666667
0,41,7,16,1,40,33,31.1,15,35,79,6,17,32,27,3,7,233.72,149,Unknown,F,156000,0,,Platinum,2,,,,2.2
0,37,2,15,1,60,62.15,46.9,14,36,53,6,17,21,16,2,13,387.22,89,HomeOwner,F,108000,80080,27DEC1992,Platinum,2,,,32,4.4392857143
0,31,3,18,2,65,60,50.65,13,30,43,6,15,18,8,2,11.33,395.46,99,Unknown,M,101000,63570,18DEC1983,Platinum,2,,,41,4.6153846154
0,34,0,18,5,100,100,67.5,12,31,36,6,6,14,4,2,,1120.81,68,Unknown,M,78000,64740,22NOV2000,Platinum,5,,,24,8.3333333333
1,44,1,4,5,125,125,125,17,22,20,6,8,7,4,1,25,1356.69,40,HomeOwner,F,43000,124800,26MAY1988,Gold,5,,,36,7.3529411765
0,31,1,24,5,90,90,71.45,11,29,52,6,13,19,7,2,18,1077.91,93,Unknown,M,74000,53820,24DEC1995,Platinum,3,,,29,8.1818181818
0,38,0,24,3,150,130,92.5,12,31,56,6,6,22,6,2,,1754.14,105,HomeOwner,M,58000,101920,14MAY2002,Platinum,5,,,22,10.833333333
0,24,0,24,5,100,100,87.5,9,27,27,4,4,11,2,1,,1108.55,62,HomeOwner,U,61000,45110,29MAY2002,Platinum,5,,,22,11.111111111
0,30,1,7,3,125,112.5,91.65,18,39,55,7,17,22,6,2,20,1112.22,101,Unknown,M,58000,111930,30MAY2005,Platinum,5,,,19,6.25
0,31,0,19,3,75,75,67.85,13,34,58,6,6,23,7,2,,697.69,122,HomeOwner,M,77000,204880,21JUL1985,Platinum,5,,,39,5.7692307692
0,23,1,18,3,60,67.5,64.15,25,44,75,10,18,25,6,2,15,552.45,88,Unknown,F,81000,749710,15JUL1982,Platinum,3,,,42,2.7
0,20,0,18,3,125,112.5,67.3,13,35,62,6,6,24,13,2,,1124.83,99,HomeOwner,F,78000,134940,24DEC1973,Platinum,4,,,51,8.6538461538
0,27,0,7,3,75,125,76.65,18,40,66,7,7,28,9,2,,1741.36,129,HomeOwner,F,69000,170170,13MAY2005,Platinum,5,,,19,6.9444444444
0,33,2,20,3,50,50,42.75,13,32,68,6,15,29,11,3,10,392.8,152,Unknown,U,118000,56290,09NOV2004,Platinum,2,,,20,3.8461538462
0,0,0,15,5,250,250,159.4,13,33,79,5,5,27,8,1,,4259.58,127,HomeOwner,M,34000,286130,10JAN2007,Member,5,,,18,19.230769231
0,27,0,25,5,50,50,33.7,26,46,91,6,6,31,23,3,,511.07,154,HomeOwner,F,145000,82680,09MAR1988,Platinum,2,,,36,1.9230769231
0,38,4,25,2,50,50,50.25,12,30,78,5,15,34,22,3,10,380.18,153,HomeOwner,M,102000,95940,23JAN1974,Platinum,2,,,51,4.1666666667
0,56,0,18,5,260,260,171.25,13,32,49,6,6,19,4,1,,4260.42,86,HomeOwner,M,32000,272220,20APR1994,Platinum,5,,,30,20
0,29,2,23,3,100,66.65,66.65,12,30,28,6,14,12,3,2,15,639.12,57,Unknown,M,79000,95940,05MAR1997,Platinum,5,,,27,5.5541666667
0,11,0,4,10,0,0,53.1,25,25,84,4,4,23,13,2,,494.27,117,HomeOwner,F,97000,200850,16JUN1992,Platinum,4,,,32,0
0,53,2,15,3,75,45,37,12,29,30,5,12,12,5,2,6,498.81,66,HomeOwner,M,134000,96070,14JUL1993,Platinum,5,,,31,3.75
0,23,1,17,3,75,61.65,49.3,13,31,57,6,14,22,7,2,10,499.2,136,HomeOwner,F,104000,81510,19JUL1986,Platinum,5,,,38,4.7423076923
0,34,0,26,5,75,75,50,10,20,21,4,4,10,3,1,,788.68,69,HomeOwner,F,102000,200850,12FEB1989,Platinum,5,,,36,7.5
0,46,0,26,5,75,75,68.55,10,31,54,5,5,21,7,2,,783.93,92,HomeOwner,M,76000,181350,14FEB1986,Platinum,5,,,39,7.5
0,46,1,18,2,95,88.75,71.15,13,35,65,6,17,24,13,2,17,590.51,117,HomeOwner,F,74000,109460,16OCT1997,Platinum,3,,,27,6.8269230769
0,21,0,26,5,75,75,60,10,31,64,5,5,28,8,1,,772.42,137,Unknown,M,87000,302510,05JAN1997,Platinum,5,,,28,7.5
0,34,0,18,5,100,125,86.45,13,34,63,6,6,24,7,2,,1752.52,124,Unknown,F,62000,58240,29MAR1993,Platinum,5,,,31,9.6153846154
0,17,0,17,3,200,187.5,109.15,13,35,57,6,6,24,6,1,,1744.57,103,Unknown,M,49000,608920,13DEC2001,Platinum,5,,,23,14.423076923
0,49,3,20,2,55,47,41.1,21,41,94,10,20,37,18,3,8.33,320.98,115,Unknown,F,122000,74750,25JAN2007,Platinum,2,,,18,2.2380952381
0,18,0,16,5,85,85,62,10,25,50,4,4,19,5,2,,1083.55,109,Unknown,F,84000,515970,01MAY2000,Platinum,5,,,24,8.5
0,24,0,18,5,110,110,57.5,16,32,70,6,6,30,10,3,,1110.11,148,Unknown,U,90000,73970,21MAR2003,Platinum,3,,,21,6.875
0,6,0,23,5,80,80,60,10,26,41,4,4,14,4,1,,1091.42,92,HomeOwner,M,87000,136110,23JUN1976,Platinum,5,,,48,8
0,31,4,18,1,35,26.25,25,12,33,48,6,16,21,13,3,5,177.13,88,Unknown,F,188000,120640,20OCT2001,Platinum,1,,,23,2.1875
0,15,0,19,5,85,85,60,13,34,54,6,6,22,6,1,,1085.24,101,HomeOwner,F,87000,60450,18JUN2003,Platinum,5,,,21,6.5384615385
0,32,3,18,2,50,35,31.65,13,25,24,6,12,10,6,2,6.67,310.04,53,HomeOwner,F,153000,56550,03DEC1981,Platinum,3,,,43,2.6923076923
0,32,0,18,5,75,75,57.5,10,27,45,4,4,16,4,1,,779.41,91,HomeOwner,M,90000,141180,17NOV1994,Platinum,5,,,30,7.5
0,42,1,18,3,100,65,65,6,13,13,2,6,6,2,1,6,1038.94,57,Unknown,F,80000,205010,,Member,5,,,,10.833333333
0,20,1,16,3,50,75,68.75,14,34,35,6,15,14,4,2,10,705.33,65,Unknown,F,76000,114660,,Platinum,3,,,,5.3571428571
0,17,0,18,5,75,75,45,11,27,38,5,5,15,4,1,,788.76,80,HomeOwner,M,113000,86580,02APR2000,Platinum,5,,,24,6.8181818182
0,44,0,26,5,135,135,80,11,31,33,5,5,13,2,1,,1743.41,65,HomeOwner,F,66000,75530,14NOV2000,Platinum,5,,,24,12.272727273
1,25,5,16,2,60,57,42.8,14,34,66,6,17,31,18,3,11.4,351.78,146,HomeOwner,F,118000,130390,15MAY2002,Platinum,2,,,22,4.0714285714
0,33,0,26,5,80,80,54.6,10,30,62,4,4,26,12,2,,1089.53,129,Unknown,M,94000,78520,,Platinum,5,,,,8
0,23,3,17,2,50,50,57.25,13,32,70,5,15,27,11,3,10,396.48,129,HomeOwner,M,90000,79690,16OCT2001,Platinum,2,,,23,3.8461538462
0,33,0,15,3,100,77.5,53.75,12,23,38,5,5,12,4,1,,710.1,92,Unknown,M,96000,69030,08APR1994,Platinum,5,,,30,6.4583333333
0,0,3,6,2,60,74,66.35,29,50,79,10,20,28,15,3,15.67,409.13,100,Unknown,F,79000,145080,06JUN2005,Platinum,2,,,19,2.5517241379
1,18,3,17,2,25,37.5,29.35,13,32,60,6,17,25,15,3,6.67,295.08,113,HomeOwner,F,164000,24960,04AUG1996,Platinum,1,,,28,2.8846153846
0,17,0,15,2,25,28.75,28.75,12,23,22,5,5,9,4,0,,225.8,52,HomeOwner,M,167000,123500,02MAR1971,Platinum,,,,53,2.3958333333
0,31,0,18,3,75,68.35,55,13,34,47,6,6,20,7,2,,550.52,80,HomeOwner,M,94000,156390,15APR1994,Platinum,5,,,30,5.2576923077
0,44,2,18,3,100,93.35,58.65,11,32,67,5,15,27,15,3,18,700.91,126,Unknown,F,88000,71630,02JUL2006,Platinum,3,,,18,8.4863636364
0,23,0,21,5,125,125,29.7,13,25,67,6,6,30,17,3,,1740.08,151,Unknown,F,162000,70980,,Platinum,4,,,,9.6153846154
0,35,0,7,10,50,0,52.65,32,32,90,5,5,26,17,2,,347.32,129,Unknown,F,98000,173680,27NOV1992,Platinum,2,,,32,0
0,41,0,19,3,125,125,67.95,13,35,77,6,6,33,17,3,,1748.76,148,HomeOwner,M,77000,26780,23MAR2005,Platinum,4,,,19,9.6153846154
0,37,2,20,3,50,62.5,91.65,23,34,40,11,16,15,3,2,12.5,3036.75,48,HomeOwner,F,58000,112190,,Gold,3,,,,2.7173913043
0,46,0,18,3,75,62.5,63.5,13,35,62,6,6,25,10,2,,552.08,105,HomeOwner,F,82000,84630,17FEB1982,Platinum,5,,,42,4.8076923077
0,41,1,18,5,100,100,60,13,31,52,6,14,21,7,2,20,1119.13,102,HomeOwner,F,87000,75790,26MAY2006,Platinum,3,,,18,7.6923076923
0,34,0,26,5,100,100,60,10,29,38,5,5,15,3,1,,1125.08,77,HomeOwner,F,87000,95160,15MAR1997,Platinum,5,,,27,10
0,41,3,13,2,75,71,57.35,25,45,86,11,20,32,15,2,14.33,510.02,98,HomeOwner,F,90000,77480,16JUN2006,Platinum,3,,,18,2.84
0,39,0,21,5,125,125,64.45,10,32,64,5,5,27,9,2,,1752.35,128,HomeOwner,F,81000,40040,19JUN1974,Platinum,4,,,50,12.5
0,28,0,18,5,250,250,108.55,15,37,57,6,6,21,7,2,,4259.41,88,Unknown,M,50000,60970,07DEC2002,Platinum,5,,,22,16.666666667
0,25,0,26,5,75,75,52.5,10,28,29,4,4,11,2,1,,775.8,65,HomeOwner,M,98000,39910,24MAR1992,Platinum,5,,,32,7.5
0,22,0,4,10,50,0,56.5,32,32,93,6,6,26,20,3,,342.48,128,HomeOwner,M,91000,398710,28MAR1997,Platinum,2,,,27,0
0,28,0,19,3,75,75,50,11,30,36,5,5,16,4,1,,714.02,75,Unknown,F,102000,17030,29JAN2004,Platinum,5,,,21,6.8181818182
0,30,0,18,3,75,62.5,50,11,30,30,5,5,12,3,0,,549.72,64,HomeOwner,M,102000,124410,13NOV2003,Platinum,,,,21,5.6818181818
0,32,0,17,5,150,150,100,13,29,28,6,6,12,2,1,,1746.93,62,Unknown,M,54000,115050,,Platinum,5,,,,11.538461538
0,52,2,24,2,100,85,42.6,13,35,88,6,17,33,33,3,20,589.11,153,Unknown,F,118000,60840,,Platinum,3,,,,6.5384615385
0,34,0,18,3,75,75,51,12,32,49,6,6,18,5,2,,712.27,88,HomeOwner,M,100000,58110,,Platinum,5,,,,6.25
0,31,1,19,3,90,83.35,55.3,9,20,49,4,9,20,17,3,16,699.63,149,Unknown,U,93000,28600,,Platinum,3,,,,9.2611111111
0,32,0,26,5,75,75,55,9,26,47,4,4,18,4,1,,783.43,97,Unknown,F,94000,30550,23FEB1988,Platinum,5,,,36,8.3333333333
0,0,4,6,1,30,24.15,20.5,19,39,70,9,20,27,29,3,5,168.2,92,Unknown,F,221000,82810,,Platinum,1,,,,1.2710526316
0,27,1,21,5,75,75,75,8,15,13,3,6,5,1,1,15,789.64,45,HomeOwner,F,70000,39520,,Gold,5,,,,9.375
1,25,1,17,3,75,75,73.75,11,27,62,4,11,27,8,2,15,561.7,150,HomeOwner,U,71000,0,20FEB1991,Platinum,3,,,33,6.8181818182
0,31,0,18,2,75,68.75,53.5,13,31,61,6,6,24,10,2,,495.76,120,Unknown,F,96000,34840,06APR2003,Platinum,5,,,21,5.2884615385
0,33,1,7,3,0,83.35,46,24,39,68,11,17,25,10,2,10,702.52,105,Unknown,U,110000,95940,09JUL2005,Platinum,4,,,19,3.4729166667
0,30,0,18,3,85,80,61.65,10,29,31,5,5,13,3,1,,702.99,65,Unknown,F,84000,73190,30JAN2006,Platinum,5,,,19,8
0,21,4,22,2,55,42,43.35,12,29,28,6,14,12,6,2,8.75,322.12,57,HomeOwner,F,116000,118950,13JUL2002,Platinum,2,,,22,3.5
0,30,0,19,5,125,125,59.45,13,35,78,6,6,35,18,3,,1744.94,150,Unknown,M,87000,32760,14DEC2000,Platinum,4,,,24,9.6153846154
0,35,0,23,10,75,0,75,8,8,13,3,3,5,1,0,,487.67,47,Unknown,U,70000,159640,12JUL2002,Gold,,,,22,0
0,41,0,26,5,80,80,65,9,27,44,4,4,15,4,2,,1088.49,93,HomeOwner,F,80000,54210,21MAY2005,Platinum,5,,,19,8.8888888889
0,25,0,18,5,90,90,56.8,35,54,90,6,6,26,11,2,,1088.65,137,HomeOwner,M,91000,49400,11OCT1986,Platinum,3,,,38,2.5714285714
0,35,0,25,3,125,125,125,14,36,58,6,6,23,5,2,,1748.59,99,Unknown,F,43000,79560,29DEC2004,Platinum,5,,,20,8.9285714286
0,24,4,16,2,55,31,30,5,12,13,1,5,5,7,2,6.25,308.91,56,Unknown,M,161000,99840,,Member,2,,,,6.2
1,28,3,19,2,50,42,40.7,12,32,41,6,15,16,7,2,8.33,301.2,73,HomeOwner,M,123000,43160,08JUN2002,Platinum,2,,,22,3.5
0,21,1,22,3,50,66.65,52.25,7,28,55,4,14,19,11,2,10,545.98,98,HomeOwner,U,98000,82680,20JUL1998,Platinum,3,,,26,9.5214285714
0,22,0,18,5,105,105,92,13,32,50,6,6,20,5,2,,1105.91,92,Unknown,M,58000,93730,16APR2005,Platinum,5,,,19,8.0769230769
0,42,4,11,1,85,99.3,84.45,26,48,103,10,21,36,18,3,19.5,596.64,92,HomeOwner,F,63000,87620,20DEC1996,Platinum,3,,,28,3.8192307692
0,26,0,23,5,75,75,75,10,28,30,4,4,12,2,1,,785.5,65,HomeOwner,F,70000,69290,16MAR1993,Platinum,5,,,31,7.5
0,14,3,18,1,70,46.65,39.55,13,32,34,6,15,13,11,2,8.67,290.26,72,Unknown,F,126000,55770,,Platinum,3,,,,3.5884615385
0,38,0,17,3,250,250,225,13,35,55,6,6,22,5,1,,4262.13,89,Unknown,U,24000,255450,,Platinum,5,,,,19.230769231
0,17,2,16,1,25,22.5,19.5,23,44,86,11,22,38,21,3,4.5,180.02,146,Unknown,F,230000,42250,,Platinum,1,,,,0.9782608696
0,22,0,19,5,75,75,46.25,11,29,37,5,5,14,4,2,,782.34,68,Unknown,F,110000,142480,16NOV2002,Platinum,5,,,22,6.8181818182
0,0,0,19,3,60,55,22.05,13,31,70,6,6,27,17,3,,487.18,154,Unknown,F,208000,53690,,Platinum,2,,,,4.2307692308
0,29,0,23,5,75,75,66.45,12,32,52,6,6,19,7,2,,772.46,89,HomeOwner,F,79000,164970,27APR1994,Platinum,5,,,30,6.25
0,30,0,19,3,75,62.5,50,11,29,30,4,4,11,3,1,,549.08,65,HomeOwner,F,102000,56030,16NOV1994,Platinum,5,,,30,5.6818181818
0,27,0,18,5,100,100,73,14,32,54,6,6,23,5,2,,1107.01,115,Unknown,F,72000,126750,09JAN1976,Platinum,5,,,49,7.1428571429
0,29,0,18,3,70,75,44.6,13,32,65,6,6,30,13,2,,709.13,119,Unknown,F,113000,0,,Platinum,2,,,,5.7692307692
0,29,0,18,5,75,75,62.5,10,20,20,4,4,8,2,1,,782.6,64,HomeOwner,M,83000,90480,21JAN1978,Platinum,5,,,47,7.5
0,5,0,10,10,125,0,80.7,29,29,111,6,6,34,22,3,,673.03,150,Unknown,F,66000,125970,19MAY1955,Platinum,4,,,69,0
0,21,0,18,5,125,125,75,13,31,34,6,6,14,3,1,,1755.15,69,HomeOwner,M,70000,89180,30APR2005,Platinum,5,,,19,9.6153846154
0,23,2,18,3,50,31.65,28.75,12,25,23,6,12,10,4,2,4.5,340.17,53,Unknown,F,167000,46020,11DEC1988,Platinum,3,,,36,2.6375
0,52,0,18,5,125,175,135,13,34,52,6,6,21,5,2,,1736.84,93,HomeOwner,M,40000,89570,14MAR1989,Platinum,5,,,35,13.461538462
0,24,4,5,2,30,54,46.35,25,46,95,11,22,39,26,3,12.75,294.21,150,HomeOwner,F,110000,55120,19APR2003,Platinum,1,,,21,2.16
0,31,0,18,5,75,75,62.5,10,24,25,4,4,9,2,1,,784.93,64,HomeOwner,F,83000,111670,17JAN1986,Platinum,5,,,39,7.5
0,26,3,16,2,35,31,31,14,26,25,6,12,10,5,2,6.33,234.15,52,HomeOwner,M,156000,67470,11JUN1998,Platinum,2,,,26,2.2142857143
0,40,0,26,5,135,135,93.75,10,30,48,5,5,20,4,2,,1754.17,104,Unknown,F,57000,140790,01APR1998,Platinum,5,,,26,13.5
0,49,0,15,5,90,90,48.55,26,43,63,5,5,16,7,2,,1092.67,89,HomeOwner,F,105000,316420,07NOV1994,Platinum,3,,,30,3.4615384615
0,23,0,18,3,75,58.35,56.25,12,28,36,6,6,15,4,1,,501.65,80,Unknown,F,92000,66170,16NOV2004,Platinum,5,,,20,4.8625
1,25,1,18,3,65,66.65,62.5,12,26,25,6,12,10,4,1,15,482.22,55,Unknown,F,83000,66560,,Platinum,3,,,,5.5541666667
0,33,0,18,3,125,87.5,49,13,32,42,6,6,17,5,2,,951.27,80,HomeOwner,F,104000,124930,12NOV1982,Platinum,5,,,42,6.7307692308
1,61,7,7,1,25,22.5,21,21,42,93,10,21,39,50,4,4.29,161.33,152,Unknown,F,216000,63440,25MAY1986,Platinum,1,,,38,1.0714285714
0,25,0,26,5,100,100,60,10,30,60,5,5,25,7,2,,1122.29,127,HomeOwner,F,87000,45890,19MAY1982,Platinum,5,,,42,10
0,27,1,15,3,50,46.65,33.75,12,31,63,5,13,24,12,3,8,349.79,128,Unknown,M,145000,77740,21JAN1995,Platinum,2,,,30,3.8875
0,25,6,15,1,30,33.35,31.9,15,36,41,6,17,17,16,3,7,228.46,68,Unknown,M,152000,120120,,Platinum,1,,,,2.2233333333
0,43,1,8,3,100,100,100,17,23,22,7,10,8,3,1,20,824.37,44,HomeOwner,F,54000,131820,,Gold,5,,,,5.8823529412
0,32,0,18,3,90,70,55.85,13,35,44,6,6,18,6,1,,648.57,81,HomeOwner,M,92000,43810,28MAY1994,Platinum,5,,,30,5.3846153846
0,41,4,5,1,65,66.1,60,26,45,65,11,21,24,18,2,12,409.42,98,Unknown,M,87000,399620,24JUN1998,Gold,2,,,26,2.5423076923
0,41,0,17,3,100,75,48,13,32,44,6,6,20,5,2,,710.73,137,Unknown,F,106000,38870,23MAR2006,Platinum,5,,,18,5.7692307692
0,33,0,18,3,250,187.5,131.25,13,32,50,6,6,21,4,2,,1747.96,102,Unknown,U,41000,63570,,Platinum,5,,,,14.423076923
0,38,0,18,3,125,36.65,39.45,13,33,46,6,6,18,9,1,,670.07,80,HomeOwner,F,127000,49920,09JUL1993,Platinum,5,,,31,2.8192307692
0,19,0,27,5,125,125,125,12,26,24,5,5,10,2,0,,1741.91,51,HomeOwner,M,43000,59930,21MAR1984,Platinum,,,,40,10.416666667
1,33,5,17,1,50,40.85,39.3,14,31,32,6,15,13,7,2,7.8,258.37,57,HomeOwner,M,127000,113230,26OCT2003,Platinum,2,,,21,2.9178571429
0,40,3,10,1,50,92.85,86.75,27,45,63,9,18,20,17,3,21.67,586.08,77,HomeOwner,F,61000,262340,,Gold,2,,,,3.4388888889
0,0,0,6,5,100,60,73.35,24,43,62,5,5,15,6,1,,665.46,92,Unknown,F,72000,63440,,Platinum,5,,,,2.5
0,35,0,26,5,75,75,40.7,9,29,52,4,4,22,7,2,,784.8,117,Unknown,M,123000,38740,,Platinum,3,,,,8.3333333333
0,29,0,26,5,95,95,67.5,9,29,58,4,4,23,6,2,,1085.27,129,HomeOwner,M,78000,40040,21JAN2004,Platinum,5,,,21,10.555555556
0,20,0,26,10,60,0,43.15,19,19,66,2,2,16,19,3,,500.49,110,HomeOwner,M,117000,86840,14DEC1980,Platinum,2,,,44,0
0,28,0,25,3,75,56.65,45,11,31,52,6,6,20,7,1,,493.6,101,Unknown,F,113000,0,,Platinum,5,,,,5.15
0,37,1,21,5,75,75,55,10,26,49,4,10,17,5,2,15,781.84,101,HomeOwner,M,94000,62400,25NOV1999,Platinum,3,,,25,7.5
0,26,0,26,3,125,112.5,70.45,11,30,66,5,5,28,11,3,,1111.09,142,Unknown,U,75000,102960,,Platinum,4,,,,10.227272727
0,22,0,27,10,100,0,62.15,11,11,51,4,4,17,7,2,,671.12,96,HomeOwner,F,84000,57850,08DEC1986,Platinum,5,,,38,0
0,16,0,27,5,125,125,120.9,13,35,76,5,5,32,17,3,,1750.15,149,HomeOwner,F,45000,101920,,Platinum,4,,,,9.6153846154
0,32,3,21,3,60,63.35,63.35,12,25,24,6,13,11,3,2,12.67,537.28,53,Unknown,M,82000,121290,02MAR1984,Platinum,3,,,40,5.2791666667
0,35,0,19,3,150,137.5,106.25,13,31,50,6,6,20,4,1,,1753.69,99,Unknown,U,51000,100750,,Platinum,5,,,,10.576923077
0,32,0,18,5,100,100,71.65,12,31,35,6,6,15,3,1,,1124.99,68,HomeOwner,M,73000,119470,23APR1997,Platinum,5,,,27,8.3333333333
0,31,0,19,3,75,62.5,54.15,10,27,41,4,4,18,6,2,,544.31,137,Unknown,M,95000,50570,09NOV1989,Platinum,5,,,35,6.25
0,17,0,26,10,90,0,52.5,27,27,71,5,5,19,12,2,,673.89,88,Unknown,M,98000,443040,08FEB1991,Platinum,3,,,34,0
0,30,0,17,3,195,137.5,40.5,13,33,62,6,6,24,10,2,,1755.93,117,Unknown,F,124000,57460,17JUN1999,Platinum,4,,,25,10.576923077
0,22,2,22,3,225,208.35,170.85,17,39,73,7,18,29,6,2,37.5,1746.79,81,HomeOwner,M,32000,93990,21JAN2006,Platinum,5,,,19,12.255882353
0,23,0,18,5,100,100,75,12,30,38,6,6,16,3,1,,1105.91,78,HomeOwner,F,70000,35230,08JUN1997,Platinum,5,,,27,8.3333333333
0,40,0,25,3,100,75,26.45,11,32,54,6,6,23,14,3,,713.77,101,Unknown,F,179000,107380,,Platinum,3,,,,6.8181818182
0,47,0,17,5,100,100,57.15,7,19,38,4,4,16,7,2,,1120.03,110,Unknown,M,91000,52260,16NOV2003,Platinum,5,,,21,14.285714286
1,45,1,16,3,75,65,55,10,20,35,4,7,13,4,2,15,465.76,129,HomeOwner,M,94000,317330,30JUL2005,Platinum,5,,,19,6.5
0,33,0,18,5,75,75,52,14,31,47,6,6,17,5,2,,781.42,81,Unknown,F,99000,62270,30MAR1998,Platinum,5,,,26,5.3571428571
0,48,0,19,5,100,100,46.25,12,29,39,6,6,16,4,0,,1107.06,80,Unknown,M,110000,147160,03FEB1977,Platinum,,,,48,8.3333333333
1,36,0,18,3,100,91.65,75,12,32,30,6,6,14,4,1,,486.51,65,Unknown,F,70000,48360,,Platinum,5,,,,7.6375
0,44,2,23,3,105,102.5,63,12,34,51,6,17,23,10,2,20.5,1121.79,100,HomeOwner,M,83000,124670,03JUL1985,Platinum,3,,,39,8.5416666667
0,44,5,17,2,25,17,12.5,10,25,55,5,13,24,20,3,3.4,178.73,129,Unknown,F,321000,59670,,Platinum,1,,,,1.7
0,36,1,16,5,100,100,53.35,6,14,15,1,5,6,3,2,20,1115.96,64,Unknown,F,96000,104910,,Member,5,,,,16.666666667
0,35,2,15,2,15,17,15.15,9,29,77,4,13,32,37,3,3,184.34,151,Unknown,F,279000,62530,07FEB2004,Platinum,1,,,21,1.8888888889
0,37,3,19,1,60,65,57.85,15,34,59,6,17,23,14,2,13,412.92,100,Unknown,U,89000,101530,14JUL2001,Platinum,2,,,23,4.3333333333
0,21,1,26,3,60,53.35,30.2,9,29,77,4,13,30,26,3,10,499.34,153,HomeOwner,F,160000,86970,07JUL1992,Platinum,2,,,32,5.9277777778
1,27,2,15,3,95,71.65,60,12,28,35,3,10,12,4,2,12,769.69,68,HomeOwner,F,87000,67210,13NOV2002,Member,5,,,22,5.9708333333
0,42,0,27,5,125,125,125,11,25,25,5,5,10,3,0,,1738.61,54,Unknown,F,43000,44460,19FEB2005,Platinum,,,,19,11.363636364
1,53,6,17,1,30,27.15,24.5,13,32,35,6,16,15,10,3,5.83,173.75,65,HomeOwner,F,191000,104130,07JUN2004,Platinum,1,,,20,2.0884615385
0,26,0,19,5,75,75,50,11,23,41,4,4,14,5,2,,780.64,92,Unknown,F,102000,22880,19JAN1991,Platinum,3,,,34,6.8181818182
0,31,2,16,1,50,45,38.75,14,34,34,6,16,15,8,2,10,272.1,65,HomeOwner,F,129000,94250,06JUN2001,Platinum,3,,,23,3.2142857143
1,39,1,23,5,100,100,100,9,16,13,3,6,5,1,1,20,1233.97,47,Unknown,F,54000,228670,,Gold,5,,,,11.111111111
0,31,1,27,5,80,50,52.5,6,14,16,1,5,6,4,2,10,666.47,64,Unknown,F,98000,89310,,Member,5,,,,8.3333333333
0,47,1,18,2,60,52.5,40.7,12,32,35,6,15,15,7,2,10,393.29,68,Unknown,F,123000,68250,22JUL1994,Platinum,3,,,30,4.375
0,29,1,20,5,75,75,51.8,11,29,73,4,12,31,11,2,15,785.8,147,Unknown,F,99000,43940,21OCT1999,Platinum,3,,,25,6.8181818182
0,33,2,18,2,50,50,45.85,13,33,35,6,15,14,6,2,10,383.83,65,Unknown,M,111000,49660,,Platinum,3,,,,3.8461538462
0,30,1,15,3,80,65,45.85,10,25,48,3,9,16,6,2,10,645.39,105,Unknown,F,111000,162630,30DEC2002,Member,5,,,22,6.5
0,40,3,19,1,50,48.35,41.9,13,33,33,6,16,15,8,2,9.67,280.74,64,Unknown,M,120000,52910,24MAR1997,Platinum,2,,,27,3.7192307692
0,27,2,11,1,50,60,44.7,46,65,117,7,16,26,34,2,12,383.2,105,Unknown,F,113000,102960,06APR2005,Platinum,2,,,19,1.3043478261
0,27,2,15,3,50,80,67,13,33,37,6,16,15,5,2,16,703.18,64,Unknown,F,78000,53950,28JAN1994,Platinum,3,,,31,6.1538461538
1,41,4,18,1,25,36.45,36.65,14,33,63,6,16,27,18,3,8.25,179.58,128,HomeOwner,M,135000,92170,07JUL2002,Platinum,1,,,22,2.6035714286
1,26,2,7,2,25,38.75,32.85,15,35,38,7,16,15,7,2,8.5,221.62,65,Unknown,F,149000,88790,,Platinum,1,,,,2.5833333333
0,32,2,4,3,75,50,41.5,22,32,76,4,9,17,27,3,10,485.5,151,Unknown,M,121000,113750,13OCT1997,Platinum,3,,,27,2.2727272727
0,32,0,16,5,100,100,100,12,17,14,5,5,6,1,0,,1115.07,40,Unknown,M,54000,21710,,Gold,,,,,8.3333333333
0,18,1,18,3,200,200,145.6,8,25,60,4,13,28,17,3,50,1748.85,151,Unknown,M,37000,194220,,Platinum,4,,,,25
0,30,4,18,1,75,70,60,15,35,47,6,15,17,10,2,14.25,495.55,81,HomeOwner,F,87000,65910,07JAN1992,Platinum,3,,,33,4.6666666667
0,40,1,19,3,25,56.65,55,12,33,42,5,15,17,6,2,14,397.54,76,Unknown,F,94000,89960,,Platinum,2,,,,4.7208333333
1,48,0,16,5,75,75,75,10,15,12,4,4,5,1,0,,927.56,40,HomeOwner,F,70000,0,16OCT1993,Gold,,,,31,7.5
0,39,1,18,3,100,75,75,10,24,22,4,10,9,2,1,10,698.89,53,Unknown,M,70000,202280,,Platinum,5,,,,7.5
1,36,1,17,5,75,75,75,11,16,14,4,6,5,1,1,15,511.56,41,Unknown,F,70000,51740,12DEC1987,Gold,5,,,37,6.8181818182
0,42,2,5,3,50,61.65,47.3,32,50,62,7,17,22,13,2,12,505.17,116,HomeOwner,M,108000,588380,03JAN2005,Platinum,2,,,20,1.9265625
0,29,0,20,5,125,125,125,11,17,16,5,5,6,1,0,,1737.49,44,Unknown,M,43000,49530,,Gold,,,,,11.363636364
1,35,1,23,5,125,125,125,9,18,17,4,8,7,1,1,25,1356.69,47,HomeOwner,F,43000,341250,20JUN1995,Gold,5,,,29,13.888888889
0,31,1,24,5,100,100,100,7,17,16,3,7,6,1,1,20,1122.86,48,Unknown,F,54000,87750,22OCT1991,Gold,5,,,33,14.285714286
0,25,0,4,10,0,0,15.2,27,27,82,5,5,26,23,3,,183.73,149,Unknown,F,278000,65650,06MAY2003,Platinum,4,,,21,0
0,40,3,22,3,65,46.65,59.3,13,34,42,6,16,17,7,2,9.33,490.26,76,HomeOwner,M,87000,64870,20MAR2006,Platinum,2,,,18,3.5884615385
0,36,2,18,2,50,50,46.9,13,32,36,6,15,15,8,2,10,389.85,68,HomeOwner,F,108000,179270,31JAN1993,Platinum,3,,,32,3.8461538462
0,14,0,15,3,50,50,41.65,12,18,17,5,5,6,3,0,,399.96,44,HomeOwner,F,121000,71890,10FEB1998,Gold,,,,27,4.1666666667
1,41,1,10,5,50,80,54,27,47,69,6,15,23,10,2,16,914.62,103,HomeOwner,F,95000,114140,29MAY2006,Platinum,2,,,18,2.962962963
1,30,1,17,5,75,75,75,10,15,13,4,6,5,1,1,15,927.56,41,Unknown,F,70000,112190,21JAN1992,Gold,5,,,33,7.5
0,27,2,21,3,80,80,51.65,10,25,49,4,11,21,6,2,16,706.21,129,Unknown,M,99000,89050,06MAR2003,Platinum,5,,,21,8
0,31,1,17,5,75,75,75,10,15,13,4,6,5,1,1,15,772.3,41,HomeOwner,M,70000,77220,25JUL1989,Gold,5,,,35,7.5
0,18,1,19,3,250,212.5,126.65,23,43,69,10,21,29,9,2,35,1744.19,97,HomeOwner,F,43000,87360,19JUL1994,Platinum,5,,,30,9.2391304348
0,19,1,17,5,75,75,75,12,17,15,4,6,5,1,1,15,772.11,41,Unknown,F,70000,94380,,Gold,5,,,,6.25
0,40,1,15,5,75,75,75,7,9,9,2,3,3,1,1,15,782.61,39,HomeOwner,F,70000,40560,11MAY2004,Member,5,,,20,10.714285714
1,30,1,23,5,100,100,100,8,15,13,3,6,5,1,1,20,708.97,47,HomeOwner,F,54000,55900,18MAY2000,Gold,5,,,24,12.5
0,33,7,4,1,55,62.85,57.2,40,62,113,16,27,43,32,3,12.86,937.09,80,Unknown,M,90000,173810,14NOV1988,Gold,2,,,36,1.57125
1,38,2,17,2,25,29,27.6,13,32,80,6,16,33,27,3,6,203.61,154,HomeOwner,M,173000,71500,10DEC2004,Platinum,1,,,20,2.2307692308
1,49,6,17,1,25,26.25,21.3,12,30,70,6,17,30,31,3,5.33,173.99,127,HomeOwner,F,214000,110890,13APR2006,Platinum,1,,,18,2.1875
1,38,5,18,1,30,39.15,27.8,11,30,83,5,16,32,41,4,7.8,208.64,155,Unknown,M,171000,80990,27FEB2006,Platinum,1,,,18,3.5590909091
0,25,2,13,3,70,68.35,61.35,31,47,91,7,14,27,15,3,15.5,555.21,128,HomeOwner,F,85000,109330,18JAN1974,Platinum,2,,,51,2.2048387097
1,28,1,16,5,125,125,125,12,17,14,5,7,6,1,1,25,1631.69,40,HomeOwner,M,43000,47970,11MAY1996,Gold,5,,,28,10.416666667
0,47,1,18,3,125,125,91,8,25,42,4,13,16,10,2,20,1750.19,134,HomeOwner,M,59000,245050,05APR1997,Platinum,5,,,27,15.625
0,25,1,22,5,100,100,100,8,15,12,3,6,5,1,1,20,1109.4,46,Unknown,F,54000,74100,28MAR2003,Gold,5,,,21,12.5
0,35,2,16,3,50,37.5,30.7,14,33,98,4,13,31,21,3,7.5,342.6,152,HomeOwner,M,158000,115050,23DEC2000,Platinum,2,,,24,2.6785714286
0,43,1,16,5,75,75,75,10,15,13,4,6,5,1,1,15,782.94,40,HomeOwner,F,70000,113230,10OCT1980,Gold,5,,,44,7.5
0,46,1,18,5,125,125,62.5,9,23,29,4,10,11,4,1,25,1745.22,76,Unknown,M,83000,78130,18JAN2006,Platinum,5,,,19,13.888888889
0,40,1,15,3,50,37.5,41.65,13,17,16,5,7,6,3,1,5,338.91,41,Unknown,M,121000,131170,04AUG2002,Gold,3,,,22,2.8846153846
0,42,2,25,3,100,100,67.2,12,34,67,6,17,29,9,3,20,831.7,149,HomeOwner,F,78000,114530,23FEB1997,Platinum,3,,,27,8.3333333333
0,61,4,19,1,50,43.35,38.75,15,35,39,6,16,15,8,2,9.25,289.4,65,HomeOwner,M,129000,84630,30MAR1986,Platinum,2,,,38,2.89
0,30,0,25,5,60,60,49.05,10,30,71,5,5,30,16,3,,492.93,153,HomeOwner,M,104000,195260,17JAN2001,Platinum,2,,,24,6
0,36,1,15,5,30,75,52.5,11,16,14,4,6,5,2,1,15,783.57,41,HomeOwner,F,98000,73840,11MAR1988,Gold,2,,,36,6.8181818182
0,29,2,4,1,25,25,22.75,16,35,48,8,17,19,11,2,5,167.87,87,Unknown,M,203000,48230,11NOV2004,Platinum,1,,,20,1.5625
1,28,1,16,5,125,125,125,11,16,13,5,7,6,1,1,25,1631.69,40,HomeOwner,F,43000,108030,18JUL1973,Gold,5,,,51,11.363636364
0,15,2,18,1,60,58.35,54.6,28,49,78,11,21,29,12,2,10,387.92,85,Unknown,F,94000,71630,,Platinum,3,,,,2.0839285714
1,32,1,23,5,100,100,100,8,18,16,3,7,6,1,1,20,1008.97,47,HomeOwner,F,54000,112060,09FEB2003,Gold,5,,,22,12.5
1,32,3,26,2,100,93.75,95,10,32,35,5,16,15,5,2,18.33,696.83,65,HomeOwner,F,56000,76440,26JUN1994,Platinum,3,,,30,9.375
1,38,3,15,2,75,71.25,55,13,33,38,6,16,16,7,2,14,786.01,67,Unknown,M,94000,174850,27MAR2004,Platinum,3,,,20,5.4807692308
0,52,9,17,1,35,36.55,30.55,13,33,60,6,17,23,35,3,6.89,228.66,93,Unknown,F,158000,77220,,Platinum,1,,,,2.8115384615
1,25,3,19,2,40,27,25,12,31,32,6,15,14,6,2,3,224.44,64,Unknown,F,188000,124410,29JUN2004,Platinum,3,,,20,2.25
0,7,3,4,2,25,93.75,53.35,12,31,48,6,16,21,12,3,22.33,581.34,85,Unknown,F,96000,547040,30NOV1997,Platinum,1,,,27,7.8125
1,35,1,20,5,75,75,75,8,15,13,3,6,5,1,1,15,586.56,44,Unknown,F,70000,58630,,Gold,5,,,,9.375
1,21,5,4,1,25,31.35,31.7,45,66,137,14,25,50,50,3,5.4,439.73,137,Unknown,F,153000,58760,,Platinum,1,,,,0.6966666667
1,22,1,18,5,250,250,250,11,16,13,5,7,6,1,1,50,3849.99,42,Unknown,M,22000,95550,13JAN1993,Gold,5,,,32,22.727272727
0,32,3,16,1,50,45.85,35,21,42,85,10,20,36,20,3,10.67,278.48,81,HomeOwner,F,141000,67210,28FEB1993,Platinum,2,,,31,2.1833333333
1,36,1,24,3,100,85,60.7,11,31,57,6,15,26,7,2,14,993.62,129,HomeOwner,F,86000,151450,17JUN2000,Platinum,3,,,24,7.7272727273
0,35,0,19,5,100,100,87.5,13,25,65,4,4,17,6,2,,1118.87,99,HomeOwner,F,61000,261430,03FEB2001,Platinum,5,,,24,7.6923076923
0,24,4,16,2,85,80,56.65,14,33,68,6,17,30,12,3,16,581.85,129,Unknown,U,91000,160940,,Platinum,3,,,,5.7142857143
0,27,5,21,2,75,60,64.3,14,31,38,6,14,14,7,2,12,377.53,69,HomeOwner,F,81000,75530,04FEB2001,Platinum,3,,,24,4.2857142857
0,25,3,18,2,50,55,49.15,13,31,33,6,15,14,6,2,11,383.69,66,Unknown,F,104000,60450,16FEB1997,Platinum,2,,,27,4.2307692308
0,30,2,18,3,100,75,75,10,25,23,4,10,9,2,2,15,702.22,56,Unknown,M,70000,131560,08MAY1992,Platinum,5,,,32,7.5
0,27,0,16,5,75,75,75,12,17,14,4,4,5,1,0,,772.82,40,Unknown,M,70000,110370,,Gold,,,,,6.25
0,34,0,18,3,90,85,50,15,35,84,5,5,28,21,3,,716.46,128,Unknown,M,102000,83200,30MAR2005,Platinum,3,,,19,5.6666666667
1,55,2,17,2,50,50,45.45,12,32,60,6,15,23,11,3,10,316.17,113,HomeOwner,M,111000,105300,13JUL2003,Platinum,2,,,21,4.1666666667
0,49,9,16,1,70,61.25,48.15,12,30,80,5,16,33,41,4,12.11,384.85,154,Unknown,F,106000,78780,,Platinum,2,,,,5.1041666667
0,39,1,15,5,125,125,125,10,14,12,5,7,6,1,1,25,1736.69,39,HomeOwner,F,43000,280540,19FEB1968,Gold,5,,,56,12.5
0,37,2,20,3,100,75,75,12,25,25,4,10,9,2,2,15,713.72,53,HomeOwner,M,70000,56810,16MAR1968,Platinum,5,,,56,6.25
0,37,1,17,5,100,100,100,10,15,13,4,6,5,1,1,20,1111.05,41,HomeOwner,F,54000,82290,10JUN1998,Gold,5,,,26,10
0,37,4,18,2,100,60,62.5,27,48,57,6,17,18,12,2,11.25,385.18,69,HomeOwner,F,83000,460720,22APR2002,Platinum,3,,,22,2.2222222222
0,47,1,19,5,50,85,58.5,13,32,70,6,15,28,10,3,17,1077.96,128,Unknown,M,89000,75660,18JUL2004,Platinum,2,,,20,6.5384615385
0,50,1,21,3,80,75,41.25,12,29,63,6,14,29,12,3,16,708.36,152,HomeOwner,F,122000,216060,09JAN1996,Platinum,3,,,29,6.25
1,31,6,17,1,40,33.15,25.5,13,31,66,6,16,29,20,3,6.67,275.38,154,HomeOwner,M,184000,151970,12FEB2006,Platinum,2,,,19,2.55
0,23,3,18,3,125,70,48.2,30,51,90,6,17,34,14,3,14,642.93,140,HomeOwner,M,106000,193050,12MAR2002,Platinum,4,,,22,2.3333333333
0,0,3,18,1,45,43.35,37.75,13,33,52,6,16,23,11,2,6.67,235.29,120,HomeOwner,M,132000,85930,07JAN2002,Platinum,2,,,23,3.3346153846
0,23,7,4,1,25,31.45,27.4,42,62,149,17,28,59,66,3,6.14,216.25,125,Unknown,F,174000,73450,,Platinum,1,,,,0.7488095238
1,34,2,20,3,50,75,61,13,34,58,6,16,23,10,3,15,738.5,116,HomeOwner,M,85000,88920,26FEB2004,Platinum,2,,,20,5.7692307692
0,42,0,17,5,250,250,250,13,17,15,5,5,5,1,0,,4257.04,41,Unknown,U,22000,78520,,Gold,,,,,19.230769231
1,28,3,17,2,100,58.75,54,13,32,50,6,16,20,10,2,11.67,457.12,87,HomeOwner,U,95000,132210,,Platinum,3,,,,4.5192307692
1,20,6,16,1,45,50,46.15,19,37,57,6,17,17,13,3,9.83,266.08,69,Unknown,M,110000,77870,12MAY1968,Platinum,2,,,56,2.6315789474
0,36,5,23,1,50,52.85,47.8,12,31,31,6,15,13,9,2,11.2,390.27,57,Unknown,M,107000,194870,26APR1988,Platinum,2,,,36,4.4041666667
0,35,1,19,5,100,100,100,10,15,12,4,6,5,1,1,20,1114.64,43,Unknown,M,54000,46670,22APR2003,Gold,5,,,21,10
1,40,3,20,2,75,101.25,85.45,15,36,70,6,17,30,11,3,22,937.85,134,Unknown,F,62000,169520,,Platinum,3,,,,6.75
0,47,1,16,5,75,75,75,10,16,14,4,7,6,1,1,15,786.68,40,HomeOwner,M,70000,45110,18NOV2002,Gold,5,,,22,7.5
0,24,1,18,3,100,175.9,78.8,13,35,61,6,17,24,19,3,20,1739.06,98,HomeOwner,M,67000,37440,24JUL1987,Platinum,3,,,37,13.530769231
0,0,1,24,5,100,100,70,12,34,40,6,17,17,4,1,20,1122.16,68,Unknown,M,75000,0,25JAN1994,Platinum,5,,,31,8.3333333333
0,39,5,17,1,40,33.15,33.15,13,28,29,6,14,12,8,2,6.4,225.71,57,HomeOwner,U,147000,113750,09MAR2002,Platinum,2,,,22,2.55
0,35,8,17,1,30,32.5,30.4,25,45,101,11,22,39,38,4,6.63,213.56,126,HomeOwner,M,159000,41600,27DEC1993,Platinum,1,,,31,1.3
0,43,0,20,5,250,250,206.25,17,36,82,6,6,29,8,2,,4256.15,121,HomeOwner,M,27000,225290,01AUG2006,Platinum,4,,,18,14.705882353
0,38,1,21,5,100,100,100,6,9,9,1,3,3,1,1,20,1122.02,45,Unknown,U,54000,103480,,Member,5,,,,16.666666667
1,26,4,18,1,45,36.9,34,12,33,66,5,15,25,25,3,7,219.68,113,Unknown,F,144000,70850,04APR1993,Platinum,2,,,31,3.075
0,22,1,21,5,100,100,100,4,7,7,1,3,3,1,1,20,1117.45,45,Unknown,M,54000,432120,,Member,5,,,,25
1,33,1,20,3,25,50,44.15,16,34,55,7,15,19,6,2,10,410.44,101,HomeOwner,M,114000,165100,,Platinum,2,,,,3.125
0,40,3,18,3,125,173.35,161.25,13,32,31,6,15,13,4,2,34.67,1739.47,57,HomeOwner,M,34000,105170,,Platinum,5,,,,13.334615385
1,29,3,15,2,50,45,41.65,12,32,32,6,15,14,6,2,10,307.04,63,HomeOwner,F,121000,154440,21JUL2004,Platinum,3,,,20,3.75
0,28,3,21,2,30,34,31.8,13,35,65,6,17,24,14,3,6.67,281.83,104,Unknown,F,153000,20410,17JUL1992,Platinum,1,,,32,2.6153846154
0,33,1,22,5,75,75,75,7,13,13,3,6,5,1,1,15,786.82,46,Unknown,M,70000,235690,,Gold,5,,,,10.714285714
1,39,3,19,2,40,33,27.5,12,31,38,6,16,16,10,2,6.67,355.61,68,Unknown,F,173000,189540,09NOV2000,Platinum,2,,,24,2.75
0,24,6,18,1,30,30.7,29.3,12,31,37,6,17,17,14,3,6.33,211.46,69,Unknown,M,164000,140140,08APR1995,Platinum,1,,,29,2.5583333333
0,55,6,11,1,40,38.9,38.45,28,42,54,6,14,15,16,2,8.17,230.48,53,HomeOwner,F,129000,113880,10DEC1999,Platinum,2,,,25,1.3892857143
0,16,3,17,2,50,58.75,64.15,12,31,38,6,16,16,6,2,12.33,386.24,69,HomeOwner,F,81000,486330,08MAY2004,Platinum,2,,,20,4.8958333333
0,22,1,15,3,30,50,43.35,11,15,14,5,7,6,3,1,10,380.57,41,HomeOwner,F,116000,37180,16NOV1998,Gold,2,,,26,4.5454545455
0,20,2,16,2,40,34,30.9,13,33,48,6,15,19,11,2,8,283.72,88,HomeOwner,F,157000,485680,27FEB1994,Platinum,2,,,30,2.6153846154
0,0,1,22,3,50,76.65,46,24,45,81,4,14,22,20,3,20,701.91,99,HomeOwner,F,110000,84630,,Platinum,2,,,,3.19375
1,19,1,16,5,125,125,125,12,17,14,5,7,6,1,1,25,1356.69,40,HomeOwner,M,43000,350740,28JAN1990,Gold,5,,,35,10.416666667
1,41,4,17,1,60,53.55,50,14,31,37,6,16,15,8,2,11.25,457.88,65,Unknown,M,102000,433290,,Platinum,2,,,,3.825
0,25,3,21,2,95,93,81.25,12,33,56,6,17,24,12,2,20,596.56,100,HomeOwner,F,65000,294970,20FEB2001,Platinum,3,,,23,7.75
0,31,0,18,5,135,135,121.25,14,34,81,5,5,33,8,2,,1736.75,137,Unknown,M,45000,487370,22MAR2006,Platinum,4,,,18,9.6428571429
0,25,2,15,2,50,68,63.05,12,32,74,6,17,31,18,3,16,406.56,149,Unknown,M,83000,766090,08JAN1984,Platinum,2,,,41,5.6666666667
0,26,3,16,1,50,40,36,14,35,41,6,16,16,10,2,8.33,216.03,76,HomeOwner,M,137000,166920,21MAY1951,Platinum,2,,,73,2.8571428571
1,21,7,18,1,25,31,25.65,10,31,78,5,16,32,47,4,5.29,252.23,154,HomeOwner,F,184000,354900,28DEC1985,Platinum,1,,,39,3.1
0,40,0,15,5,75,75,45.3,19,37,91,4,4,28,16,3,,774.64,151,HomeOwner,F,112000,72930,15JUL2006,Platinum,3,,,18,3.9473684211
0,20,0,22,10,75,0,75,8,8,13,3,3,5,1,0,,498.67,46,Unknown,F,70000,0,,Gold,,,,,0
0,21,1,17,3,35,67.5,53.35,11,24,23,6,11,9,3,1,20,556.05,54,HomeOwner,F,96000,38090,27JUN2004,Platinum,2,,,20,6.1363636364
0,24,1,17,5,75,75,75,10,15,13,4,6,5,1,1,15,776.12,41,HomeOwner,F,70000,258050,19NOV1994,Gold,5,,,30,7.5
0,0,0,5,5,75,75,51.45,23,43,103,5,5,28,21,2,,787.16,137,HomeOwner,M,100000,113750,,Platinum,5,,,,3.2608695652
1,40,1,16,5,100,100,100,12,17,14,5,7,6,1,1,20,1008.97,40,HomeOwner,F,54000,508170,27OCT1988,Gold,5,,,36,8.3333333333
0,29,0,23,10,125,0,125,10,10,15,4,4,6,1,0,,669.5,47,HomeOwner,F,43000,101140,10DEC2005,Gold,,,,19,0
0,25,4,18,2,40,38,35.85,13,34,33,6,16,14,6,2,7.5,293.39,60,HomeOwner,F,138000,406120,06JUN2004,Platinum,2,,,20,2.9230769231
0,46,2,6,3,65,66.65,56.45,19,34,49,6,14,12,10,2,15,555.05,57,HomeOwner,F,92000,86970,10NOV2005,Platinum,3,,,19,3.5078947368
0,8,1,19,5,75,75,75,10,16,14,4,7,6,1,1,15,787.95,43,Unknown,F,70000,184990,,Gold,5,,,,7.5
0,32,0,19,3,115,96.65,88.35,17,39,99,6,6,33,15,3,,963.94,151,HomeOwner,F,60000,64740,14JAN1986,Platinum,3,,,39,5.6852941176
0,27,3,26,3,100,86.65,86.65,10,32,35,5,16,15,6,2,17.33,713.02,66,HomeOwner,M,61000,424580,07DEC2005,Platinum,3,,,19,8.665
1,27,3,22,1,50,35,31.25,12,33,34,6,16,15,8,2,7.67,218.51,65,Unknown,F,155000,24180,,Platinum,2,,,,2.9166666667
1,26,2,18,2,75,81.25,68,13,34,64,6,17,29,10,3,20,375.02,124,Unknown,F,77000,557180,24MAY1998,Platinum,3,,,26,6.25
0,45,1,20,3,75,62.5,43.75,11,26,36,5,11,13,4,2,15,550.4,77,HomeOwner,F,115000,128700,11MAR2002,Platinum,5,,,22,5.6818181818
1,37,1,18,3,75,65,51.9,13,34,51,6,16,21,8,2,11,535.03,91,HomeOwner,F,99000,415220,09JAN1992,Platinum,3,,,33,5
0,24,1,19,2,50,41.25,32.8,12,33,38,6,16,16,9,2,10,319.82,69,HomeOwner,F,149000,50180,01JUL1997,Platinum,3,,,27,3.4375
0,36,2,17,3,50,58.35,63.1,12,33,81,5,15,31,21,3,12.5,508.96,154,HomeOwner,M,83000,587730,08DEC1990,Platinum,2,,,34,4.8625
0,28,1,19,2,50,56.25,48.65,13,34,72,6,16,31,15,3,15,390.1,150,Unknown,M,105000,58500,,Platinum,2,,,,4.3269230769
1,20,4,21,1,50,39.15,27.4,13,33,72,6,17,33,33,3,8.25,259.82,134,HomeOwner,F,174000,296400,22MAY2006,Platinum,2,,,18,3.0115384615
0,21,2,17,1,35,34.15,29.4,14,35,37,6,16,15,8,2,6,230.53,65,HomeOwner,F,164000,51220,20JUL2002,Platinum,2,,,22,2.4392857143
0,32,4,22,1,45,51.65,44.6,13,33,46,6,17,20,13,2,10,239.49,81,Unknown,M,113000,93340,,Platinum,2,,,,3.9730769231
0,45,3,15,1,100,100,78.35,26,47,88,11,21,34,12,2,20,825.7,80,HomeOwner,F,67000,146640,17MAR1994,Platinum,3,,,30,3.8461538462
1,28,1,24,5,100,100,100,7,17,16,3,7,6,1,1,20,1008.97,48,HomeOwner,M,54000,453830,27JUN2001,Gold,5,,,23,14.285714286
0,35,2,16,1,25,23.35,22.5,13,33,36,6,15,15,8,2,5,181.67,68,Unknown,M,205000,66040,,Platinum,2,,,,1.7961538462
0,23,2,16,3,50,37.5,33.35,14,22,19,6,10,8,3,2,7.5,339.41,44,HomeOwner,M,147000,265720,04JAN2005,Gold,3,,,20,2.6785714286
0,35,2,18,2,50,50,45,12,31,36,6,15,15,7,2,10,396.41,76,Unknown,M,113000,56550,,Platinum,3,,,,4.1666666667
0,46,4,17,2,50,39,37.5,12,29,29,6,14,12,6,2,7.25,313.91,57,HomeOwner,M,132000,250640,30APR1990,Platinum,2,,,34,3.25
1,33,5,19,1,50,45,38.5,12,30,35,6,15,15,10,2,8.6,262.68,68,HomeOwner,F,129000,46020,24MAR1995,Platinum,2,,,29,3.75
1,25,1,24,5,100,100,100,7,17,15,3,7,6,1,1,20,1008.97,48,Unknown,F,54000,252590,,Gold,5,,,,14.285714286
0,35,1,17,5,75,75,75,4,6,5,2,3,3,1,1,15,781.08,41,Unknown,M,70000,164710,,Member,5,,,,18.75
1,22,1,23,5,100,100,100,8,18,16,3,7,6,1,1,20,1008.97,47,Unknown,F,54000,240630,05JAN1995,Gold,5,,,30,12.5
0,23,1,23,5,75,75,75,8,15,13,3,6,5,1,1,15,774.61,47,Unknown,F,70000,47190,26MAY1992,Gold,5,,,32,9.375
0,20,1,17,3,80,75,49,13,33,65,6,15,27,10,3,14,702.9,127,HomeOwner,F,104000,229450,07NOV2003,Platinum,3,,,21,5.7692307692
0,51,2,16,1,50,50,46.5,14,33,55,6,15,21,10,2,10,382.36,93,Unknown,U,109000,134680,11NOV2003,Platinum,2,,,21,3.5714285714
0,33,3,22,2,60,41.25,29.45,13,34,58,5,15,23,19,3,9,317.11,99,HomeOwner,F,163000,210210,09NOV1993,Platinum,2,,,31,3.1730769231
0,29,1,23,5,125,125,125,10,17,15,4,7,6,1,1,25,1739.32,47,Unknown,M,43000,129480,12MAR1996,Gold,5,,,28,12.5
1,33,4,16,2,50,39,35,12,33,39,6,16,16,7,2,7.25,296.57,69,HomeOwner,F,141000,200980,03JAN1992,Platinum,2,,,33,3.25
0,37,2,6,2,125,83,49.5,25,47,102,10,21,39,20,3,12.5,965.39,117,HomeOwner,F,103000,141050,07JAN2003,Platinum,4,,,22,3.32
0,27,1,19,3,70.3,73.45,49.1,13,34,82,6,16,33,24,3,15,549.73,153,HomeOwner,U,104000,119340,,Platinum,2,,,,5.65
0,28,1,16,5,115,115,115,12,17,14,5,7,6,1,1,23,1114.94,40,Unknown,F,47000,57720,,Gold,5,,,,9.5833333333
1,42,1,17,5,75,75,75,10,15,13,4,6,5,1,1,15,886.56,41,HomeOwner,F,70000,208780,19NOV1996,Gold,5,,,28,7.5
0,30,0,26,5,125,125,67.65,29,51,129,5,5,35,40,3,,1748.45,154,Unknown,F,77000,170690,14MAY2006,Platinum,4,,,18,4.3103448276
0,31,4,21,2,105,98,70,12,33,68,6,17,31,15,3,20,967.99,152,HomeOwner,U,75000,213850,02NOV1989,Platinum,3,,,35,8.1666666667
0,40,1,21,5,75,75,75,8,15,13,3,6,5,1,1,15,775.26,45,HomeOwner,F,70000,49140,04MAY1993,Gold,5,,,31,9.375
0,40,3,16,3,55,51.65,37.2,13,34,71,5,15,30,16,3,10.33,392.71,147,HomeOwner,F,133000,250250,21JAN2002,Platinum,2,,,23,3.9730769231
0,45,3,19,2,50,228.75,156.75,13,32,62,6,17,26,20,3,44.33,4257.6,116,HomeOwner,U,35000,128700,14JAN1998,Platinum,2,,,27,17.596153846
0,24,5,16,1,70,59.15,59.15,15,32,31,6,15,13,6,2,11.2,379.1,57,HomeOwner,M,88000,531050,10MAY2004,Platinum,2,,,20,3.9433333333
0,15,0,20,5,100,100,100,10,16,15,4,4,5,1,0,,1113.21,44,HomeOwner,F,54000,76050,24JUL2003,Gold,,,,21,10
1,45,1,17,3,80,76.65,42.9,14,33,73,6,15,27,19,3,16,571.65,129,Unknown,M,117000,446940,,Platinum,3,,,,5.475
0,30,0,16,5,125,125,78.55,22,41,75,5,5,20,7,2,,1743,99,HomeOwner,M,67000,711750,15JUL2006,Platinum,5,,,18,5.6818181818
1,15,1,16,5,75,75,75,11,16,13,4,6,5,1,1,15,927.56,40,Unknown,F,70000,182780,,Gold,5,,,,6.8181818182
0,37,1,16,5,125,125,125,12,17,14,5,7,6,1,1,25,1743.62,40,Unknown,F,43000,56680,16JUN1997,Gold,5,,,27,10.416666667
0,32,2,15,2,30,42.5,38.15,24,43,75,10,19,33,15,3,8.5,294.23,151,Unknown,M,130000,259090,26MAR2004,Gold,1,,,20,1.7708333333
0,21,1,16,5,125,125,125,12,17,14,5,7,6,1,1,25,1743.99,40,Unknown,F,43000,115310,29JUN2004,Gold,5,,,20,10.416666667
1,45,1,17,3,85,80,39.7,13,34,81,6,17,33,30,3,15,757.44,154,Unknown,F,126000,84890,20MAY1991,Platinum,3,,,33,6.1538461538
0,23,1,17,5,100,100,100,10,15,13,4,6,5,1,1,20,1115.55,41,HomeOwner,F,54000,140400,03JUN1993,Gold,5,,,31,10
0,42,1,18,5,100,100,100,10,15,12,4,6,5,1,1,20,1108.92,42,HomeOwner,M,54000,234650,06JAN2004,Gold,5,,,21,10
0,26,0,18,5,125,75,67.5,14,36,54,6,6,23,8,1,,788.42,125,HomeOwner,M,78000,174200,,Platinum,5,,,,5.3571428571
1,41,1,23,5,100,100,100,9,19,17,3,7,6,1,1,20,1008.97,47,HomeOwner,F,54000,127140,14NOV1983,Gold,5,,,41,11.111111111
0,17,2,17,2,30,35,32.5,12,31,36,6,15,16,8,2,6.5,292.01,68,Unknown,F,150000,113880,28MAR2005,Platinum,2,,,19,2.9166666667
0,27,2,19,2,45,45,41.75,12,34,67,6,17,26,20,3,9,292.49,110,Unknown,F,120000,177320,,Platinum,2,,,,3.75
0,42,1,18,3,60,55,39.75,15,35,82,6,15,31,19,3,10,488.21,154,HomeOwner,F,126000,121030,12APR2003,Platinum,2,,,21,3.6666666667
1,33,2,15,2,75,57,49.3,14,32,42,6,15,17,7,2,9.5,373.52,81,HomeOwner,M,104000,280540,15APR1995,Platinum,3,,,29,4.0714285714
0,24,0,18,10,100,0,74.5,14,14,71,6,6,28,10,2,,669.7,128,Unknown,M,71000,56940,22JAN2005,Platinum,5,,,20,0
0,38,0,15,5,75,75,75,9,13,11,4,4,5,1,0,,789.21,39,Unknown,F,70000,243750,,Gold,,,,,8.3333333333
0,31,0,18,3,100,100,58.6,23,44,98,6,6,32,18,3,,831.35,149,HomeOwner,F,88000,247780,19OCT2005,Platinum,3,,,19,4.347826087
1,25,1,16,5,125,125,125,11,16,14,5,7,6,1,1,25,1631.69,40,HomeOwner,M,43000,423020,25NOV1985,Gold,5,,,39,11.363636364
0,19,1,17,5,100,100,100,10,15,13,4,6,5,1,1,20,1122.7,41,Unknown,M,54000,116220,25NOV1981,Gold,5,,,43,10
1,25,1,18,3,75,53.35,37.2,13,33,56,6,15,21,9,2,15,503.03,102,HomeOwner,F,133000,644020,10JUN1999,Platinum,3,,,25,4.1038461538
0,27,4,18,1,70,58.35,46.35,24,43,75,11,20,29,11,3,11.5,393.46,80,Unknown,M,110000,62140,19MAR1994,Platinum,2,,,30,2.43125
1,69,1,15,5,30,75,52.5,12,17,14,4,6,5,2,1,15,633.93,40,HomeOwner,M,98000,255710,19MAY2005,Gold,2,,,19,6.25
0,34,0,19,5,125,125,75,13,25,48,6,6,17,4,2,,1753.66,97,Unknown,F,70000,75140,05MAR1992,Platinum,5,,,32,9.6153846154
1,24,2,18,2,50,54,35,13,33,64,6,17,28,14,3,9,370.57,137,HomeOwner,M,141000,386230,06JAN2007,Platinum,2,,,18,4.1538461538
0,48,1,25,5,110,110,66.9,12,34,53,6,17,21,8,2,22,1112.78,93,HomeOwner,F,78000,89050,05JUN1994,Platinum,3,,,30,9.1666666667
1,46,1,15,3,50,50,47.5,14,34,78,6,15,30,26,3,10,365.81,147,HomeOwner,M,107000,296270,16MAR2005,Platinum,2,,,19,3.5714285714
0,25,0,20,5,100,100,100,10,17,15,4,4,6,1,0,,1112.25,44,HomeOwner,F,54000,34970,03MAY1999,Gold,,,,25,10
1,22,6,16,1,50,47.15,40.2,14,34,71,6,17,29,23,3,9.5,264.43,128,HomeOwner,M,124000,513500,20MAY2004,Platinum,2,,,20,3.3678571429
0,29,1,17,5,75,75,75,5,7,6,1,2,2,1,1,15,772.73,41,Unknown,F,70000,114660,,Member,5,,,,15
1,24,5,16,1,50,37.5,30,14,34,71,6,17,27,17,3,7.6,238.39,121,HomeOwner,M,161000,122980,24MAR2005,Platinum,2,,,19,2.6785714286
0,34,1,21,5,115,115,115,10,17,15,4,7,6,1,1,23,1107.2,45,HomeOwner,F,47000,86710,19MAR1984,Gold,5,,,40,11.5
1,26,6,17,1,40,38.75,30.25,14,35,65,6,17,23,19,3,8,222.58,107,HomeOwner,F,160000,114660,23APR2007,Platinum,2,,,17,2.7678571429
0,24,2,16,3,125,125,75,12,31,55,4,13,21,7,2,25,1754.86,104,HomeOwner,F,70000,50830,06APR2002,Platinum,4,,,22,10.416666667
0,67,3,19,1,60,52.85,32.15,15,37,72,6,17,29,20,3,11,391.13,150,HomeOwner,M,151000,88790,,Platinum,2,,,,3.5233333333
0,23,1,17,5,75,75,75,10,15,13,4,6,5,1,1,15,780.68,41,HomeOwner,M,70000,75400,09JAN1996,Gold,5,,,29,7.5
0,49,1,21,5,75,75,75,8,15,13,3,6,5,1,1,15,786.61,45,HomeOwner,M,70000,111410,08MAR1991,Gold,5,,,33,9.375
0,44,1,4,3,0,75,53.75,31,36,35,6,9,7,4,1,20,705.7,41,Unknown,F,96000,88790,15APR1992,Gold,5,,,32,2.4193548387
0,42,4,15,2,50,57,53,9,19,32,5,13,20,10,3,11.75,387.24,129,HomeOwner,M,97000,74360,,Platinum,2,,,,6.3333333333
0,29,2,19,2,90,83.75,63.55,16,37,86,6,16,25,17,3,17,588.57,112,HomeOwner,M,82000,312780,26APR2005,Platinum,3,,,19,5.234375
1,50,1,15,3,50,63.35,43.15,12,33,73,5,15,31,16,3,14,406.75,149,HomeOwner,U,117000,94640,,Platinum,2,,,,5.2791666667
0,31,4,5,1,75,58.35,55,26,43,57,11,19,21,10,2,12.5,380.11,73,HomeOwner,F,94000,123760,10JUN2002,Platinum,3,,,22,2.2442307692
0,5,1,20,5,100,100,100,10,17,15,4,7,6,1,1,20,1114.88,44,HomeOwner,M,54000,67080,07MAR1990,Gold,5,,,34,10
0,35,1,16,5,125,125,125,12,17,14,5,7,6,1,1,25,1743.63,40,Unknown,F,43000,49400,,Gold,5,,,,10.416666667
0,23,2,18,3,75,50,50,11,24,21,4,9,8,2,2,10,502.45,54,Unknown,F,102000,72930,19JAN1995,Platinum,5,,,30,4.5454545455
0,33,4,21,2,125,82.5,58.85,23,44,87,10,20,34,13,2,16.5,957.64,103,HomeOwner,F,88000,120250,05NOV2004,Platinum,4,,,20,3.5869565217
1,0,2,18,3,50,75,52.2,13,34,66,6,16,25,18,3,15,439.93,109,Unknown,M,98000,527540,28OCT1993,Platinum,2,,,31,5.7692307692
0,44,1,15,5,100,100,100,8,10,10,3,4,4,1,1,20,1124.55,39,Unknown,M,54000,50440,26JUL2000,Member,5,,,24,12.5
0,26,2,22,3,75,75,75,10,27,25,4,11,10,2,2,15,713.86,57,Unknown,F,70000,361400,23FEB2001,Platinum,5,,,23,7.5
0,22,1,18,3,50,55,44.45,13,32,68,6,14,24,9,2,11,385.85,140,HomeOwner,F,114000,45370,30MAY2006,Platinum,2,,,18,4.2307692308
0,31,1,19,3,75,61.65,35.4,13,33,57,6,15,24,13,2,12,493.54,120,HomeOwner,M,139000,585000,25OCT2004,Platinum,3,,,20,4.7423076923
0,37,1,15,5,75,75,75,7,9,9,2,3,3,1,1,15,790.35,39,HomeOwner,F,70000,45370,21NOV1991,Member,5,,,33,10.714285714
1,13,3,18,1,25,25,23.55,12,33,54,6,17,23,14,3,5.33,162.91,103,HomeOwner,F,197000,347100,14JUN2004,Platinum,1,,,20,2.0833333333
0,37,4,10,1,105,90.7,82.3,31,51,70,11,20,24,13,3,17.5,964.11,73,HomeOwner,M,64000,106730,26JUN2005,Platinum,3,,,19,2.9258064516
0,21,1,23,5,100,100,100,8,19,17,3,8,7,1,1,20,1115.16,47,Unknown,F,54000,0,,Gold,5,,,,12.5
0,26,1,17,5,75,75,75,10,15,13,4,6,5,1,1,15,781.31,41,HomeOwner,M,70000,121160,23MAR1974,Gold,5,,,50,7.5
0,12,2,24,3,75,62.5,62.5,9,23,21,4,10,9,2,2,12.5,550.42,55,HomeOwner,F,83000,284830,14NOV2002,Platinum,5,,,22,6.9444444444
1,28,1,21,5,80,80,65,10,24,29,4,9,10,2,2,16,10512.9,69,Unknown,F,80000,140660,24DEC2005,Platinum,5,,,19,8
0,19,1,23,5,75,25,50,10,22,22,4,9,8,2,1,5,498.3,52,HomeOwner,F,102000,457470,05JUL1992,Platinum,5,,,32,2.5
0,36,1,15,3,50,75,75,12,17,15,5,7,6,2,1,20,704.63,41,HomeOwner,M,70000,176150,27APR1990,Gold,3,,,34,6.25
0,31,1,27,3,100,70,63.35,10,27,28,4,12,11,3,1,8,644.2,57,Unknown,M,82000,182780,,Platinum,5,,,,7
0,25,2,22,3,100,75,75,10,27,26,4,11,10,2,2,15,703.54,57,HomeOwner,F,70000,226330,01APR1987,Platinum,5,,,37,7.5
0,22,1,16,5,75,75,75,11,16,13,4,6,5,1,1,15,770.71,40,HomeOwner,M,70000,188110,17NOV2002,Gold,5,,,22,6.8181818182
0,44,2,26,3,75,65,51.65,9,25,29,4,11,11,3,2,13,554.5,64,Unknown,M,99000,205530,,Platinum,5,,,,7.2222222222
0,21,1,17,3,60,63.35,53.75,14,29,36,6,13,11,4,1,16,552.33,56,HomeOwner,M,96000,129480,07JUN2002,Platinum,3,,,22,4.525
0,35,2,22,3,100,75,75,10,27,25,4,11,10,2,2,15,716.18,57,HomeOwner,M,70000,206180,09JUL1990,Platinum,5,,,34,7.5
0,27,3,21,2,50,42.5,36.45,12,31,48,6,15,18,7,2,8.67,315.85,87,Unknown,F,136000,151970,25JUN2003,Platinum,2,,,21,3.5416666667
1,39,3,17,3,100,83.35,83.35,7,25,23,4,12,10,3,2,16.67,760.72,57,HomeOwner,F,64000,233220,03JUN1997,Platinum,5,,,27,11.907142857
0,35,1,18,3,150,150,137.5,25,40,47,11,18,17,4,1,30,1751.72,73,HomeOwner,F,39000,745550,08JUL1997,Platinum,5,,,27,6
0,39,1,23,5,100,100,100,8,19,18,3,8,7,1,1,20,1106.93,47,HomeOwner,M,54000,117520,21MAR2001,Gold,5,,,23,12.5
0,20,1,24,5,75,75,75,7,17,15,3,7,6,1,1,15,779.72,48,HomeOwner,F,70000,114790,28MAY2002,Gold,5,,,22,10.714285714
0,45,1,19,3,85,80,80,11,24,22,4,10,9,2,1,15,714.64,52,Unknown,F,66000,403780,,Platinum,5,,,,7.2727272727
0,25,1,15,2,40,32.5,23.55,23,41,83,5,12,21,17,2,8,219.72,116,Unknown,F,197000,289640,,Platinum,2,,,,1.4130434783
1,37,0,23,10,75,0,75,8,8,13,3,3,5,1,0,,336.56,47,HomeOwner,M,70000,755690,07APR1990,Gold,,,,34,0
1,28,0,19,10,125,0,125,10,10,12,4,4,4,1,0,,2606.69,43,Unknown,M,43000,55380,,Gold,,,,,0
0,21,1,21,5,100,100,100,10,16,14,4,7,6,1,1,20,1107.84,45,HomeOwner,F,54000,423800,29JUL2004,Gold,5,,,20,10
0,32,1,21,5,125,125,125,4,7,7,2,4,4,1,1,25,1736.55,45,Unknown,F,43000,123370,,Member,5,,,,31.25
0,38,1,26,5,100,100,100,7,19,17,3,8,7,1,1,20,1122.29,50,HomeOwner,M,54000,566670,,Gold,5,,,,14.285714286
0,27,1,24,5,105,105,105,7,17,16,3,7,6,1,1,21,1111.33,48,HomeOwner,F,51000,131950,12JAN1976,Gold,5,,,49,15
0,29,1,27,5,75,75,75,4,15,13,2,7,6,2,1,15,770.66,53,HomeOwner,M,70000,515190,25DEC1999,Platinum,5,,,25,18.75
0,36,2,8,3,50,28.35,28.2,23,38,80,5,13,27,22,3,5,354.44,152,Unknown,F,169000,144560,12JAN2004,Platinum,2,,,21,1.2326086957
0,26,1,21,5,75,75,51.65,10,26,39,4,10,13,3,1,15,778.29,80,HomeOwner,M,99000,382330,,Platinum,5,,,,7.5
0,35,0,19,5,100,100,100,10,17,15,4,4,6,1,0,,1115.27,43,Unknown,M,54000,92040,18APR1974,Gold,,,,50,10
0,4,3,19,2,100,92.5,80,13,34,39,6,17,16,6,2,18,596.18,64,Unknown,M,66000,115180,14MAY1988,Platinum,3,,,36,7.1153846154
0,35,4,20,1,85,61.65,47.15,26,47,98,11,21,35,28,3,12,388.52,100,Unknown,M,108000,118820,,Platinum,3,,,,2.3711538462
0,30,1,21,5,80,80,65,10,27,30,4,11,11,2,1,16,1094.48,63,Unknown,M,80000,372060,14JAN2005,Platinum,5,,,20,8
0,43,0,19,10,75,0,75,10,10,13,4,4,4,1,0,,486.64,43,HomeOwner,M,70000,121940,31OCT1992,Gold,,,,32,0
0,25,2,21,3,100,87.5,87.5,10,22,22,4,10,9,2,2,17.5,713.43,53,Unknown,U,61000,143130,22JUL1987,Platinum,5,,,37,8.75
0,15,0,19,5,75,75,58.35,11,26,33,4,4,12,3,1,,782.97,104,Unknown,M,89000,57980,20APR1998,Platinum,5,,,26,6.8181818182
1,31,1,23,5,125,125,125,10,17,16,4,7,6,1,1,25,1131.69,47,HomeOwner,F,43000,186680,11FEB2006,Gold,5,,,19,12.5
0,0,1,21,5,100,100,100,10,17,15,4,7,6,1,1,20,1119.8,45,HomeOwner,F,54000,40950,06MAR1992,Gold,5,,,32,10
1,18,2,23,3,250,133.35,170.85,8,25,47,4,13,19,6,2,30,3003.78,101,Unknown,F,32000,138450,09JUL2000,Platinum,4,,,24,16.66875
0,45,1,17,3,100,67.5,48.75,11,23,37,5,10,13,4,2,20,642.92,100,HomeOwner,F,105000,115440,,Platinum,5,,,,6.1363636364
0,37,1,15,3,100,90,65,7,26,41,3,11,17,5,2,16,698.38,110,HomeOwner,M,80000,280670,05JUL2004,Member,5,,,20,12.857142857
0,27,0,17,5,100,100,75,10,21,22,4,4,9,2,0,,1112.4,66,HomeOwner,F,70000,141960,24JAN1999,Platinum,,,,26,10
1,25,1,22,3,75,75,75,10,23,22,4,10,9,2,1,15,561.56,52,HomeOwner,F,70000,191230,03JUL1996,Platinum,5,,,28,7.5
0,24,7,21,1,50,45,36.1,20,41,82,6,17,26,27,3,9.14,287.23,110,Unknown,M,137000,415480,15JAN2002,Platinum,2,,,23,2.25
0,54,2,23,3,80,65,65,10,23,22,4,10,9,2,2,13,638.71,53,Unknown,F,80000,120510,16OCT1994,Platinum,5,,,30,6.5
0,25,2,23,3,50,66.65,66.65,11,29,27,5,13,11,3,2,10,556.13,57,HomeOwner,F,79000,89310,,Platinum,3,,,,6.0590909091
0,37,0,18,5,75,125,91.65,10,25,53,5,5,21,6,2,,1746.13,109,Unknown,M,58000,508040,09JUL1995,Platinum,5,,,29,12.5
0,22,2,18,3,50,50,37.95,13,33,85,4,13,29,17,3,10,398.51,146,Unknown,F,131000,187590,14JUN2007,Platinum,2,,,17,3.8461538462
0,31,0,18,3,250,187.5,118.35,13,33,56,6,6,23,6,1,,1755.49,101,Unknown,F,46000,264810,05JAN2006,Platinum,5,,,19,14.423076923
0,32,0,18,3,100,87.5,87.5,10,23,23,4,4,8,2,0,,698.64,56,HomeOwner,M,61000,71760,11MAR1981,Platinum,,,,43,8.75
0,38,1,23,5,125,125,125,10,17,15,4,7,6,1,1,25,1751.43,47,HomeOwner,F,43000,172510,06APR1990,Gold,5,,,34,12.5
0,21,0,25,5,500,500,322,15,36,71,6,6,20,5,1,,8645.93,80,Unknown,M,17000,230620,23MAY2003,Platinum,5,,,21,33.333333333
0,38,2,23,3,80,80,72.5,10,28,38,4,12,15,4,2,16,703.43,100,HomeOwner,F,73000,256750,22JUL1998,Platinum,5,,,26,8
0,26,0,26,5,100,100,38.35,9,26,67,4,4,28,18,3,,1106.99,154,Unknown,F,130000,83980,,Platinum,3,,,,11.111111111
0,17,2,24,3,80,65,51.65,10,27,31,4,11,12,3,2,13,646.43,68,HomeOwner,F,99000,114270,22JUL2001,Platinum,5,,,23,6.5
0,9,1,16,5,75,75,75,4,6,5,2,3,3,1,1,15,787.12,40,Unknown,F,70000,93730,,Member,5,,,,18.75
0,51,1,24,5,125,125,125,9,19,17,4,8,7,1,1,25,1741.87,48,HomeOwner,M,43000,197340,,Gold,5,,,,13.888888889
0,25,0,16,5,75,75,75,12,17,14,4,4,5,1,0,,777.83,40,HomeOwner,M,70000,57590,29OCT1973,Gold,,,,51,6.25
1,30,7,17,1,30,23.15,27.85,13,31,54,6,17,22,14,3,4.71,168.64,109,HomeOwner,F,171000,89440,24MAR2001,Platinum,1,,,23,1.7807692308
1,34,2,16,3,50,50,50,20,40,100,7,17,36,28,3,10,314.33,150,Unknown,U,102000,182000,10JUN2001,Platinum,2,,,23,2.5
0,35,1,18,3,100,87.5,87.5,11,25,22,4,10,9,2,1,15,704.35,55,Unknown,F,61000,258310,09MAR1955,Platinum,5,,,69,7.9545454545
0,24,0,16,5,125,125,125,11,16,13,5,5,6,1,0,,1741.96,40,Unknown,F,43000,24830,,Gold,,,,,11.363636364
0,34,1,25,3,100,75,75,9,26,24,4,11,10,2,1,10,715.45,56,Unknown,M,70000,147160,,Platinum,5,,,,8.3333333333
0,43,0,14,10,50,0,55.65,27,27,58,3,3,10,8,1,,355.08,89,Unknown,F,93000,59280,13NOV2004,Platinum,3,,,20,0
0,36,2,22,3,100,100,100,10,27,26,4,11,10,2,2,20,824.47,56,HomeOwner,F,54000,94510,10NOV1981,Platinum,5,,,43,10
0,26,2,21,3,50,50,38.9,11,28,67,4,12,23,18,3,10,392.96,117,Unknown,M,128000,17420,02JUL1996,Platinum,2,,,28,4.5454545455
0,39,2,18,3,75,55,41.65,10,27,27,4,11,11,3,2,11,485.38,64,HomeOwner,M,121000,455000,21FEB1995,Platinum,5,,,29,5.5
0,47,1,20,3,50,52.5,41.85,12,31,89,4,12,31,19,3,10,400.74,148,Unknown,M,120000,59410,,Platinum,2,,,,4.375
0,25,1,15,3,100,100,100,11,21,20,5,9,8,2,1,20,832.81,48,Unknown,F,54000,356330,19DEC1986,Gold,5,,,38,9.0909090909
0,38,1,17,5,75,75,75,10,15,13,4,6,5,1,1,15,777.2,41,HomeOwner,M,70000,24180,17MAY2004,Gold,5,,,20,7.5
0,31,2,16,3,100,93.35,76.25,16,29,36,6,11,12,4,2,23,699.73,76,HomeOwner,M,69000,236990,20JAN1973,Platinum,5,,,52,5.834375
0,33,1,15,5,125,125,125,4,5,5,1,2,2,1,1,25,1751.95,39,Unknown,M,43000,93600,,Member,5,,,,31.25
0,19,1,16,3,85,80,60,13,33,40,6,15,18,4,1,17,708.01,75,HomeOwner,M,87000,336180,25DEC2003,Platinum,5,,,21,6.1538461538
0,51,1,18,3,50,50,35.7,13,32,58,6,14,26,14,3,10,399.22,151,Unknown,F,138000,73580,13JAN2006,Platinum,2,,,19,3.8461538462
0,31,1,18,3,125,137.5,125,13,33,37,6,16,15,4,2,30,1740.82,64,HomeOwner,M,43000,450710,18NOV2003,Platinum,5,,,21,10.576923077
0,49,0,17,3,150,145,106.55,25,37,89,4,4,23,19,3,,1746.63,129,Unknown,M,50000,240630,11DEC2005,Platinum,4,,,19,5.8
0,30,2,18,3,110,96.65,78.75,14,34,36,6,15,14,4,2,21.5,964.72,66,HomeOwner,M,67000,618800,11JUL2002,Platinum,5,,,22,6.9035714286
0,16,0,26,3,50,40,24.1,10,29,73,5,5,31,17,3,,349.19,152,Unknown,F,193000,30290,,Platinum,2,,,,4
0,37,2,15,2,75,75,70,14,30,38,6,13,15,5,2,15,596.98,80,HomeOwner,F,75000,566280,10APR1996,Platinum,5,,,28,5.3571428571
0,64,1,18,3,100,75,75,4,10,9,2,5,5,2,1,10,704.06,53,Unknown,U,70000,152620,,Member,5,,,,18.75
0,58,2,20,3,80,65,65,12,23,21,6,11,9,2,2,13,642.23,47,Unknown,F,80000,126230,02APR1999,Gold,5,,,25,5.4166666667
0,41,1,17,5,265,265,265,11,16,14,5,7,6,1,1,53,4261.86,41,Unknown,F,21000,50830,25APR1993,Gold,5,,,31,24.090909091
0,26,1,21,5,250,250,106.1,13,32,70,6,15,27,9,2,50,13986.02,127,HomeOwner,F,51000,115830,01AUG1983,Platinum,4,,,41,19.230769231
0,23,3,16,3,50,36.65,21.3,16,35,82,5,14,26,23,3,7.33,343.39,126,Unknown,M,214000,91000,31DEC1975,Platinum,2,,,49,2.290625
0,41,2,18,2,100,77.5,77.5,14,31,29,6,14,12,4,2,15,589.63,59,HomeOwner,F,68000,130650,01APR1996,Platinum,5,,,28,5.5357142857
0,33,0,18,3,85,80,59.1,13,34,63,6,6,25,11,2,,704.56,112,HomeOwner,F,88000,45500,28JAN1997,Platinum,3,,,28,6.1538461538
0,36,1,23,5,125,125,100,12,32,43,6,15,18,3,2,25,1750.43,76,HomeOwner,M,54000,64610,05JUL1994,Platinum,5,,,30,10.416666667
0,35,2,21,3,80,65,65,4,11,12,2,6,6,2,2,13,1041.93,56,Unknown,M,80000,63960,,Member,5,,,,16.25
0,30,2,18,2,75,63.75,41.55,13,35,59,6,17,25,13,2,10.5,495.8,113,HomeOwner,M,121000,93730,18MAY1997,Platinum,3,,,27,4.9038461538
0,30,0,18,3,75,60,38,11,29,61,4,4,26,10,2,,500.07,139,Unknown,M,131000,66300,,Platinum,3,,,,5.4545454545
0,39,1,15,3,100,87.5,57.5,12,33,69,5,15,32,12,2,15,705.65,120,Unknown,M,90000,108030,01DEC1996,Member,3,,,28,7.2916666667
0,50,0,18,5,125,125,93.75,16,32,47,6,6,18,4,1,,1741.34,102,HomeOwner,M,57000,397410,15JAN1999,Platinum,5,,,26,7.8125
0,31,3,17,2,100,85,64.4,14,35,66,6,17,26,16,3,17.67,595.33,113,Unknown,F,81000,349440,01MAR1998,Platinum,3,,,26,6.0714285714
0,24,0,18,5,85,85,60.4,12,30,69,5,5,26,12,3,,1086.55,128,Unknown,F,86000,29250,26MAY2002,Platinum,3,,,22,7.0833333333
0,32,2,17,3,100,75,42.5,13,33,58,6,15,21,8,2,15,716.31,99,Unknown,F,118000,90870,22NOV1995,Platinum,3,,,29,5.7692307692
0,31,2,21,3,135,120,77.2,8,23,60,4,12,25,16,3,26,1126.25,136,Unknown,M,68000,352040,12JUL1995,Platinum,4,,,29,15
0,36,2,26,3,75,83.35,40.95,11,31,71,5,16,29,31,3,17.5,697.1,137,Unknown,F,122000,114010,23MAR1989,Platinum,3,,,35,7.5772727273
0,30,1,16,5,100,100,100,12,17,14,5,7,6,1,1,20,1123.28,40,HomeOwner,F,54000,107250,29DEC2001,Gold,5,,,23,8.3333333333
0,30,2,21,3,70,63.35,49.4,12,34,54,6,17,24,16,3,12,556.07,99,HomeOwner,M,103000,137020,26NOV1989,Platinum,2,,,35,5.2791666667
0,25,0,18,3,150,140,84.4,17,39,65,6,6,26,8,2,,1737.86,105,HomeOwner,M,63000,207350,12APR2004,Platinum,5,,,20,8.2352941176
0,19,2,19,2,70,60,54.55,13,33,67,6,15,30,11,3,12,388.71,150,HomeOwner,F,94000,57200,27MAR2006,Platinum,2,,,18,4.6153846154
0,30,0,18,5,85,85,67.5,10,24,22,4,4,9,2,0,,1084.08,58,HomeOwner,M,78000,34970,03AUG1992,Platinum,,,,32,8.5
0,36,2,24,3,100,87.5,57.15,11,30,49,6,16,21,7,2,17.5,707.37,93,Unknown,F,91000,165360,18FEB1986,Platinum,3,,,38,7.9545454545
1,0,2,4,2,50,61.25,46.3,13,34,65,6,16,24,23,3,11.5,434.58,104,Unknown,U,110000,278590,09MAR2005,Platinum,2,,,19,4.7115384615
1,38,2,17,3,75,62.5,62.5,9,22,22,3,9,9,2,2,12.5,741.77,53,Unknown,M,83000,70330,10JAN2004,Platinum,5,,,21,6.9444444444
0,31,0,18,3,110,105,60,15,36,68,6,6,30,8,2,,1127.23,150,HomeOwner,F,87000,36140,11MAR2002,Platinum,3,,,22,7
1,31,1,17,5,100,100,100,13,18,16,5,7,6,1,1,20,1008.97,41,HomeOwner,F,54000,392340,28JAN1988,Gold,5,,,37,7.6923076923
0,27,1,18,3,75,62.5,62.5,10,23,22,4,10,9,2,1,10,547.26,53,HomeOwner,M,83000,74620,25APR2004,Platinum,5,,,20,6.25
0,31,3,19,1,60,58.55,50.3,15,37,61,6,17,22,16,2,12,387.98,101,Unknown,F,102000,294840,,Platinum,2,,,,3.9033333333
0,30,2,16,3,55,35,35,13,20,19,5,8,7,3,2,8,347.74,44,HomeOwner,F,141000,30030,17DEC1999,Gold,3,,,25,2.6923076923
0,43,1,20,5,75,75,57.5,10,24,25,4,9,10,4,2,15,779.73,115,HomeOwner,F,90000,77870,02JUN1981,Platinum,5,,,43,7.5
0,37,3,5,1,25,25,31.15,23,39,63,8,16,22,22,3,5,166.94,114,Unknown,F,156000,116480,08DEC2004,Platinum,1,,,20,1.0869565217
0,10,2,25,3,100,78.35,31.75,13,35,81,6,17,33,23,3,13.5,704.44,146,Unknown,F,153000,99970,22MAR2001,Platinum,3,,,23,6.0269230769
0,15,2,25,3,85,80,51.9,9,26,60,4,11,28,8,3,16,697.54,152,Unknown,F,99000,27170,30DEC2006,Platinum,3,,,18,8.8888888889
0,35,4,17,2,80,68.75,57.5,14,35,72,6,17,28,14,3,13.75,511.48,121,Unknown,M,90000,118820,26NOV2003,Platinum,3,,,21,4.9107142857
1,26,2,15,2,100,51,45,8,24,25,4,12,11,6,2,5.5,618.35,65,HomeOwner,M,113000,150150,10MAR1993,Platinum,5,,,31,6.375
0,17,2,18,3,90,60,60,10,22,20,4,9,8,2,2,12,665.99,53,Unknown,F,87000,68250,08FEB1986,Platinum,5,,,39,6
0,35,1,18,5,100,100,100,10,15,13,4,6,5,1,1,20,1108.42,42,HomeOwner,F,54000,20280,19APR1995,Gold,5,,,29,10
0,30,4,18,1,25,25,25,12,32,38,6,16,16,12,2,5,173.91,68,Unknown,M,188000,60710,,Platinum,1,,,,2.0833333333
0,31,2,19,1,50,83.35,82.8,13,34,65,6,17,26,16,2,22.5,585.05,112,HomeOwner,F,64000,99840,17NOV1999,Platinum,2,,,25,6.4115384615
0,39,1,21,5,100,100,75,10,26,31,4,10,10,2,2,20,1107.43,66,HomeOwner,F,70000,150280,25MAY1995,Platinum,5,,,29,10
0,35,2,20,3,30,40,39,12,26,26,6,13,11,5,2,9,304.56,53,HomeOwner,F,128000,173160,29OCT1980,Platinum,2,,,44,3.3333333333
0,31,1,17,5,75,75,54.3,13,31,61,6,15,22,7,2,15,789.03,111,HomeOwner,F,95000,146770,02MAR1994,Platinum,3,,,30,5.7692307692
0,0,0,14,2,50,80,59.6,30,52,84,7,7,26,12,2,,588.51,102,HomeOwner,F,87000,260130,28NOV1992,Platinum,3,,,32,2.6666666667
0,42,1,22,5,90,90,62.5,12,31,53,6,15,20,8,2,18,1095.37,87,Unknown,F,83000,71500,02MAY1994,Platinum,3,,,30,7.5
0,32,1,16,5,100,100,100,12,17,14,5,7,6,1,1,20,1108.57,40,Unknown,F,54000,59540,09APR1993,Gold,5,,,31,8.3333333333
0,64,4,15,1,50,41.65,35,13,34,48,6,16,20,12,3,7.75,274.77,104,HomeOwner,F,141000,85670,13APR2004,Platinum,2,,,20,3.2038461538
0,0,6,11,1,65,48.5,40.65,34,54,97,11,22,34,30,3,10.5,281.18,86,Unknown,M,123000,77480,11JAN2005,Platinum,2,,,20,1.4264705882
0,29,4,18,1,50,51.65,41.05,13,32,83,6,17,33,29,3,10.5,393.86,153,Unknown,F,122000,109200,,Platinum,2,,,,3.9730769231
0,36,0,16,3,70,73.35,49,14,34,59,7,7,25,10,2,,1040.04,108,Unknown,F,104000,26000,13APR2003,Platinum,2,,,21,5.2392857143
0,40,2,19,3,75,75,72.5,13,33,60,6,16,27,8,2,15,700.12,125,Unknown,F,73000,180180,23NOV2003,Platinum,3,,,21,5.7692307692
0,26,0,24,5,125,125,73.35,7,22,50,3,3,19,12,3,,1746.14,150,HomeOwner,U,72000,93730,27DEC1995,Platinum,4,,,29,17.857142857
0,39,6,23,1,125,98.35,75.9,7,23,35,4,14,17,11,3,19.67,963.89,77,HomeOwner,F,70000,113230,01DEC2004,Platinum,4,,,20,14.05
0,23,0,18,5,125,125,125,11,15,13,4,4,4,1,0,,1754.21,42,Unknown,U,43000,77090,,Gold,,,,,11.363636364
0,43,2,21,3,80,75,87.15,13,30,58,6,15,22,7,2,15,703.46,110,Unknown,M,61000,70330,27MAR2006,Platinum,3,,,18,5.7692307692
0,10,0,24,3,75,72.5,65,9,28,31,4,4,12,3,0,,1034.27,64,Unknown,F,80000,29900,15OCT2005,Platinum,,,,19,8.0555555556
1,37,5,15,1,20,35.85,31.1,14,31,35,6,16,15,9,2,7,236.43,65,HomeOwner,M,156000,68640,30JAN1998,Platinum,1,,,27,2.5607142857
0,33,0,4,10,65,0,69.15,38,38,67,6,6,14,6,1,,492.28,69,HomeOwner,M,76000,650000,26JUL1989,Platinum,3,,,35,0
1,29,2,15,2,50,50,49.1,12,33,60,5,15,26,11,2,10,315.52,141,HomeOwner,F,104000,70200,10MAY1991,Platinum,2,,,33,4.1666666667
0,28,1,7,5,50,50,45.65,36,54,96,6,13,29,16,3,10,514.34,150,Unknown,F,111000,58760,,Platinum,2,,,,1.3888888889
1,34,2,19,2,50,62.5,53,14,35,64,6,16,28,10,2,10,408.82,122,HomeOwner,F,97000,81250,17JUN2002,Platinum,3,,,22,4.4642857143
0,16,1,16,5,75,75,75,11,16,13,4,6,5,1,1,15,784.23,40,HomeOwner,F,70000,62400,15APR2003,Gold,5,,,21,6.8181818182
0,13,1,17,5,75,75,42.65,13,34,77,6,16,32,15,3,15,786.63,147,Unknown,F,118000,0,06FEB2005,Platinum,3,,,20,5.7692307692
0,28,2,15,3,25,33.35,33.35,4,10,9,2,6,6,3,2,5,302.91,51,Unknown,F,147000,200850,,Member,2,,,,8.3375
0,38,1,21,5,100,100,75,12,31,65,6,15,26,7,2,20,1121.13,129,Unknown,U,70000,57330,12MAR2004,Platinum,3,,,20,8.3333333333
0,29,0,5,10,100,0,67.5,29,29,63,6,6,15,6,1,,661.61,79,HomeOwner,M,78000,72020,19MAY2002,Platinum,5,,,22,0
0,42,4,22,2,100,110,78.6,13,33,81,6,16,32,18,3,22,829.08,152,HomeOwner,M,67000,77090,17JAN1999,Platinum,3,,,26,8.4615384615
0,31,3,7,2,50,66,48.75,23,43,86,8,18,30,12,2,13,410.39,100,HomeOwner,F,105000,691470,10MAR2003,Platinum,2,,,21,2.8695652174
0,43,3,17,2,50,60,55,13,33,47,6,17,20,13,3,12.67,393.1,75,Unknown,M,94000,100490,04JAN2004,Platinum,2,,,21,4.6153846154
0,32,1,17,5,100,100,100,10,15,13,4,6,5,1,1,20,1111.86,41,Unknown,U,54000,260520,,Gold,5,,,,10
0,49,2,19,2,55,47,41.65,13,35,81,6,17,33,24,3,8,320.38,153,Unknown,F,121000,78000,,Platinum,2,,,,3.6153846154
0,34,1,21,5,150,150,137.5,13,31,32,6,14,12,2,1,30,1743.19,62,HomeOwner,M,39000,500370,03MAY2002,Platinum,5,,,22,11.538461538
0,43,2,19,2,75,68.75,41.25,13,35,56,6,17,22,12,2,10,512.15,99,Unknown,F,122000,69940,18OCT2004,Platinum,3,,,20,5.2884615385
0,24,2,15,3,50,36.65,46.55,13,30,69,5,12,28,13,3,6,341.65,154,HomeOwner,F,109000,244530,22NOV1993,Platinum,2,,,31,2.8192307692
0,0,2,21,3,100,50,50,9,20,19,4,9,8,3,2,12.5,668.1,52,HomeOwner,M,102000,118040,16JUN2007,Platinum,5,,,17,5.5555555556
0,37,6,21,1,25,50,88,20,39,105,5,16,34,47,4,10.83,224.38,147,HomeOwner,F,60000,320320,28MAY1990,Platinum,1,,,34,2.5
0,39,3,22,2,100,53.25,47.25,12,34,42,6,17,18,8,2,10.86,382.07,77,Unknown,M,108000,70980,25NOV1986,Platinum,3,,,38,4.4375
0,19,0,26,5,500,500,175,21,39,80,5,5,25,5,2,,8647.55,147,HomeOwner,F,31000,140790,05APR2002,Platinum,5,,,22,23.80952381
0,36,4,17,1,50,42.85,42.95,15,36,68,6,17,30,17,3,8.75,285.7,123,HomeOwner,F,117000,73320,28MAY2001,Platinum,2,,,23,2.8566666667
0,30,3,4,2,90,65,57.4,27,44,71,11,20,28,21,3,12.67,503.78,103,Unknown,F,90000,30680,,Platinum,3,,,,2.4074074074
0,34,1,18,3,50,70,46.9,13,32,62,6,15,26,13,2,15,541.31,125,Unknown,F,108000,93730,25APR2002,Platinum,2,,,22,5.3846153846
1,31,1,16,5,75,75,75,10,15,13,4,6,5,1,1,15,927.56,40,HomeOwner,F,70000,120250,08FEB1994,Gold,5,,,31,7.5
0,40,1,16,5,75,75,51.65,13,30,35,4,11,12,3,2,15,776.54,68,Unknown,F,99000,118950,,Platinum,5,,,,5.7692307692
0,31,0,18,5,125,125,70,15,34,69,6,6,27,12,2,,1745.59,116,HomeOwner,F,75000,123890,22FEB2004,Platinum,4,,,20,8.3333333333
1,38,1,18,3,75,75,35.25,9,29,75,5,16,33,21,3,15,368.49,152,HomeOwner,M,140000,59540,10JUL2005,Platinum,3,,,19,8.3333333333
1,21,3,17,1,100,100.85,96.35,9,26,47,4,13,17,11,2,20,610.18,87,HomeOwner,M,56000,172380,20JUN1990,Platinum,3,,,34,11.205555556
0,44,2,17,3,75,75,55,10,27,29,4,12,12,3,2,15,704.29,65,Unknown,F,94000,72930,,Platinum,5,,,,7.5
0,38,1,15,3,75,65,51.65,8,23,29,2,8,10,3,2,11,553.3,68,HomeOwner,F,99000,752180,16NOV1999,Member,5,,,25,8.125
0,45,1,23,3,110,110,60.6,13,34,79,6,16,32,17,3,22,1111.5,151,Unknown,F,86000,93470,,Platinum,3,,,,8.4615384615
1,29,3,15,1,60,55,55,13,32,30,6,15,13,6,2,10.67,394.51,56,HomeOwner,M,94000,130390,07JAN1993,Platinum,3,,,32,4.2307692308
1,34,4,18,1,100,95,88.45,14,36,62,6,17,25,16,3,18.75,605.02,89,Unknown,M,60000,79430,,Platinum,3,,,,6.7857142857
1,35,4,16,2,80,71,67.2,27,48,67,6,17,18,9,2,15.25,354.64,67,Unknown,F,78000,448110,17JUL2004,Platinum,3,,,20,2.6296296296
0,39,1,24,3,75,70,52.5,11,31,63,6,15,27,12,2,13,541.21,129,HomeOwner,F,98000,88920,31MAR2002,Platinum,3,,,22,6.3636363636
1,25,4,18,1,60,61.65,55.5,13,33,40,6,17,17,10,2,13,297.05,69,Unknown,F,93000,279760,,Platinum,2,,,,4.7423076923
0,42,1,25,3,85,78.35,53.95,11,31,68,6,16,30,14,3,16,713.16,140,HomeOwner,F,95000,111150,21NOV2004,Platinum,3,,,20,7.1227272727
1,43,0,4,3,75,50,43.4,32,49,105,5,5,29,19,3,,410.61,149,HomeOwner,M,116000,105040,15JUL2003,Platinum,3,,,21,1.5625
0,40,2,19,2,75,87,80,13,34,45,6,17,20,9,2,18.5,579.45,75,HomeOwner,M,66000,111800,12APR2002,Platinum,3,,,22,6.6923076923
0,27,1,17,5,125,125,125,11,16,14,5,7,6,1,1,25,1741.01,41,HomeOwner,M,43000,124410,31MAY2000,Gold,5,,,24,11.363636364
0,52,2,17,3,50,35,25.65,15,35,61,6,15,21,15,3,7,352.14,113,Unknown,F,184000,121810,20JAN2000,Platinum,2,,,25,2.3333333333
0,36,0,6,5,625,500,517.85,20,38,90,5,5,20,7,2,,8650.32,96,Unknown,F,11000,453960,20MAY2005,Platinum,5,,,19,25
0,42,1,22,3,100,100,65.6,13,34,80,6,16,33,26,3,20,840.59,149,HomeOwner,F,80000,114920,27MAR2004,Platinum,3,,,20,7.6923076923
0,9,1,18,5,75,75,75,10,15,12,4,6,5,1,1,15,777.59,42,HomeOwner,F,70000,138710,24MAR1989,Gold,5,,,35,7.5
0,37,1,18,2,100,80,67.3,13,34,66,6,16,27,13,2,10,589.18,128,HomeOwner,F,78000,87360,06JUL2004,Platinum,3,,,20,6.1538461538
0,37,2,18,2,100,62.5,55,13,33,33,6,15,14,5,2,10,501.57,63,HomeOwner,F,94000,566280,29APR1955,Platinum,5,,,69,4.8076923077
0,36,2,24,3,75,75,43.2,11,31,61,6,17,26,11,3,15,707.26,129,Unknown,F,117000,54470,05NOV1991,Platinum,3,,,33,6.8181818182
0,31,1,17,5,100,100,100,10,15,13,4,6,5,1,1,20,1120.67,41,Unknown,F,54000,117780,02MAR2002,Gold,5,,,22,10
0,25,3,16,1,50,38.35,33.9,15,34,44,6,16,18,9,2,8,224.94,77,Unknown,M,145000,95680,01NOV1993,Platinum,2,,,31,2.5566666667
0,22,0,23,3,375,112.5,84.65,29,50,96,5,5,29,15,2,,11175.7,148,HomeOwner,M,63000,70070,24MAR1951,Platinum,4,,,73,3.8793103448
0,43,2,18,3,125,125,125,8,23,19,4,11,9,2,2,25,1752.58,54,Unknown,F,43000,50830,18MAY1994,Platinum,5,,,30,15.625
0,25,0,18,3,60,53.35,42,12,30,34,6,6,13,5,0,,488.99,68,HomeOwner,F,120000,149890,28JAN1986,Platinum,,,,39,4.4458333333
0,33,2,23,3,75,62.5,62.5,10,23,23,4,10,9,2,2,12.5,554.47,53,Unknown,M,83000,53950,,Platinum,5,,,,6.25
0,49,2,7,2,500,593.75,260.5,13,35,87,6,17,37,21,3,137.5,8647.98,152,Unknown,M,21000,267150,,Member,4,,,,45.673076923
0,32,3,17,2,65,58,46.25,12,31,77,6,16,31,24,3,12,395.85,148,HomeOwner,M,110000,73710,02APR2003,Platinum,2,,,21,4.8333333333
0,28,0,19,3,50,43.35,23.35,13,32,63,6,6,25,15,3,,350.32,117,Unknown,M,198000,115830,14APR2004,Platinum,2,,,20,3.3346153846
0,34,1,20,3,75,75,55,10,27,29,4,12,12,3,2,15,706.71,64,HomeOwner,M,94000,65260,,Platinum,5,,,,7.5
1,0,0,8,3,575,462.5,219,31,53,103,6,6,34,15,3,,3988.77,153,HomeOwner,M,25000,69680,27DEC1999,Platinum,4,,,25,14.919354839
0,32,3,16,3,60,53.35,45.5,14,34,63,6,15,27,10,3,10.67,485.67,135,Unknown,F,111000,63830,23FEB2006,Platinum,2,,,18,3.8107142857
0,24,0,24,5,125,125,125,9,20,18,4,4,7,1,0,,1737.47,48,HomeOwner,M,43000,219830,01JUL1996,Gold,,,,28,13.888888889
0,43,2,18,3,50,50,41.5,13,35,44,6,17,18,10,2,10,395.95,76,HomeOwner,F,121000,115180,31MAY1996,Platinum,2,,,28,3.8461538462
0,30,1,26,2,125,106.25,105,12,34,38,5,16,15,5,2,20,1125.15,65,Unknown,F,51000,357500,11OCT1992,Platinum,5,,,32,8.8541666667
0,36,4,22,1,75,68.35,45.7,12,34,55,6,17,23,14,3,13.5,502.21,101,Unknown,U,111000,132990,,Platinum,3,,,,5.6958333333
0,27,2,20,3,75,60,52.75,10,29,64,4,12,27,11,2,12.5,486.69,146,HomeOwner,U,97000,324740,12OCT2005,Platinum,3,,,19,6
0,0,4,17,1,35,29.3,29.15,13,33,39,6,17,17,12,2,6.25,206.71,68,Unknown,M,165000,263380,19OCT1994,Platinum,1,,,30,2.2538461538
0,52,3,21,2,60,57,49.4,12,29,36,6,15,15,8,2,12,381.7,68,Unknown,F,103000,92170,15MAR2001,Platinum,2,,,23,4.75
0,42,3,17,2,125,132,109.1,9,26,36,4,13,14,11,2,26,1752.28,81,HomeOwner,F,49000,209560,05FEB1998,Platinum,4,,,27,14.666666667
0,18,0,20,5,150,150,150,11,17,17,5,5,6,1,0,,1748.5,44,HomeOwner,M,36000,122200,02DEC1994,Gold,,,,30,13.636363636
0,33,1,24,3,100,100,100,10,24,23,4,10,9,2,1,20,839.65,56,Unknown,F,54000,132340,14DEC1992,Platinum,5,,,32,10
1,62,1,11,5,75,75,75,24,34,36,3,7,6,3,1,15,711.56,48,HomeOwner,F,70000,383110,08FEB2005,Gold,5,,,20,3.125
0,36,2,18,2,25,25,24.1,12,32,43,6,16,18,11,3,5,225.6,77,HomeOwner,F,193000,116870,26MAR1986,Platinum,1,,,38,2.0833333333
0,24,1,17,5,100,100,100,10,15,13,4,6,5,1,1,20,1119.65,41,Unknown,M,54000,84890,,Gold,5,,,,10
0,38,2,18,2,35,55,100.3,13,35,62,6,17,25,17,2,15,279.67,99,HomeOwner,M,53000,139230,24JUL1989,Platinum,1,,,35,4.2307692308
0,38,2,18,2,30,39,37.5,13,31,31,6,15,13,6,2,9,290.68,56,HomeOwner,F,132000,66950,08FEB1976,Platinum,2,,,49,3
0,33,2,18,3,15,51.65,53.75,20,39,78,8,17,28,16,2,14,395.4,121,HomeOwner,F,96000,131820,24JAN2004,Gold,1,,,21,2.5825
0,35,1,16,5,125,125,125,12,17,14,5,7,6,1,1,25,1751.09,40,HomeOwner,F,43000,113100,28APR1997,Gold,5,,,27,10.416666667
0,32,1,24,5,80,80,48.35,10,23,28,4,9,11,3,2,16,1090.93,74,Unknown,M,105000,73970,27MAR1973,Platinum,5,,,51,8
0,33,0,25,3,50,55,42.6,10,31,77,5,5,33,23,3,,386.42,148,HomeOwner,F,118000,33150,27JUN2005,Platinum,2,,,19,5.5
0,46,1,25,3,75,62.5,62.5,5,23,22,2,10,9,2,1,10,539.56,60,HomeOwner,F,83000,123370,15JAN1982,Platinum,5,,,43,12.5
0,34,2,17,3,100,100,89.3,11,28,61,4,11,24,7,3,20,841.67,128,HomeOwner,F,60000,86710,11MAR1989,Platinum,3,,,35,9.0909090909
0,41,4,16,1,25,26.65,25,12,33,37,6,16,16,8,2,5,167.63,68,HomeOwner,M,188000,156260,23APR2006,Platinum,1,,,18,2.2208333333
0,37,1,21,3,100,87.5,87.5,10,27,25,4,11,10,2,1,20,709.63,56,Unknown,F,61000,99580,03MAR1992,Platinum,5,,,32,8.75
0,41,5,20,1,25,54.15,39.05,11,30,84,5,16,36,53,4,10.8,237.84,154,Unknown,F,128000,70460,,Platinum,1,,,,4.9227272727
0,17,0,9,10,0,0,39.6,27,27,79,5,5,21,13,2,,178.29,113,HomeOwner,M,126000,94510,29JUL1997,Platinum,4,,,27,0
0,46,4,15,1,20,21.25,20,11,31,32,6,16,15,10,2,4.25,174.64,64,HomeOwner,M,225000,112450,08JUL1997,Platinum,1,,,27,1.9318181818
0,35,1,22,3,125,112.5,56.5,13,32,63,6,15,28,10,2,25,1124.93,137,Unknown,U,91000,95160,10DEC1965,Platinum,4,,,59,8.6538461538
0,46,1,15,5,150,150,81,10,24,52,3,9,19,5,2,30,1739.33,117,Unknown,F,65000,79690,11NOV1987,Member,4,,,37,15
0,30,0,17,10,100,0,100,10,10,14,4,4,6,1,0,,675.67,41,HomeOwner,F,54000,190710,03NOV2001,Gold,,,,23,0
0,36,1,25,5,75,75,75,8,20,17,3,8,7,1,1,15,778.75,49,HomeOwner,F,70000,56290,05DEC2005,Gold,5,,,19,9.375
0,41,3,21,2,75,46.25,39,20,39,61,9,19,25,10,2,10,319.07,68,Unknown,M,128000,47580,23JUL1994,Platinum,3,,,30,2.3125
1,42,3,16,1,25,25,26.35,14,33,63,6,16,27,15,3,5,170.95,129,Unknown,M,179000,122720,31JUL2000,Platinum,1,,,24,1.7857142857
0,21,1,23,5,100,100,100,9,19,17,3,7,6,1,1,20,1117.39,47,Unknown,F,54000,73710,,Gold,5,,,,11.111111111
0,32,8,17,1,20,18.35,16,11,28,75,5,16,33,44,4,3.5,164.44,150,Unknown,U,268000,95680,,Platinum,1,,,,1.6681818182
1,51,0,7,5,165,150,117.95,22,33,100,6,6,28,22,3,,1757.36,146,HomeOwner,M,46000,111410,26FEB2005,Platinum,4,,,19,6.8181818182
0,40,6,19,1,20,24.45,22.75,12,31,32,6,16,15,11,3,4.67,176.03,65,Unknown,F,203000,74620,,Platinum,1,,,,2.0375
0,26,1,16,3,50,35,35,11,20,18,5,9,8,3,1,3,341.31,48,HomeOwner,M,141000,0,14JUN2005,Gold,3,,,19,3.1818181818
0,32,4,17,1,150,76.65,70.5,13,35,62,6,17,26,20,3,16.75,955.75,100,Unknown,M,75000,82940,24APR2006,Platinum,4,,,18,5.8961538462
0,25,0,4,10,75,0,56.8,36,36,61,5,5,11,11,1,,483.09,69,Unknown,M,91000,95940,10MAR2006,Platinum,5,,,18,0
0,37,1,19,3,100,51.65,36,13,33,32,6,15,14,5,1,5,673.58,76,HomeOwner,F,137000,58500,05MAR2003,Platinum,5,,,21,3.9730769231
0,26,2,22,3,80,80,53.5,11,31,66,4,13,27,10,3,16,706.79,140,HomeOwner,M,96000,108550,10JUN1991,Platinum,3,,,33,7.2727272727
0,40,2,17,3,75,50,50,11,18,17,6,10,8,2,2,10,502.15,45,Unknown,F,102000,87750,18JUL1997,Gold,5,,,27,4.5454545455
0,22,1,17,3,90,120,103.9,26,47,90,11,21,33,9,2,18,833.22,93,Unknown,F,52000,218790,,Platinum,3,,,,4.6153846154
0,41,6,15,1,25,52.8,46.25,13,30,33,6,16,15,12,3,11.67,357.4,65,HomeOwner,F,110000,108160,11NOV1991,Platinum,1,,,33,4.0615384615
0,27,5,15,1,100,85.7,70.75,7,25,31,4,14,13,13,2,17,586.96,67,HomeOwner,F,74000,53820,18MAR1984,Platinum,3,,,40,12.242857143
0,34,1,20,5,125,125,125,11,18,16,5,8,7,1,1,25,1743.1,44,Unknown,F,43000,104780,,Gold,5,,,,11.363636364
0,27,0,27,5,150,150,142.45,22,44,115,5,5,31,52,3,,1736.75,175,Unknown,M,38000,58890,05FEB2003,Platinum,4,,,22,6.8181818182
0,32,3,18,2,125,143.75,134.7,14,36,71,6,17,27,17,3,30,1750.93,112,Unknown,F,40000,92170,15MAR1951,Platinum,4,,,73,10.267857143
0,33,3,17,2,55,47.5,30.95,13,32,77,6,14,30,21,3,9.67,324.12,154,HomeOwner,M,156000,53430,23OCT2004,Platinum,2,,,20,3.6538461538
0,26,2,22,3,150,150,150,13,27,25,6,13,11,2,2,30,1741.1,53,Unknown,F,36000,84110,,Platinum,5,,,,11.538461538
0,34,1,18,3,75,50,50,12,25,23,4,9,8,2,1,5,498.72,56,Unknown,F,102000,67730,,Platinum,5,,,,4.1666666667
0,35,1,15,3,75,65,47,15,33,40,6,13,15,5,1,11,550.48,75,Unknown,M,108000,117520,,Platinum,5,,,,4.3333333333
0,44,1,26,3,50,50,39.3,9,29,69,4,13,28,22,3,10,390.39,150,HomeOwner,F,127000,37700,19OCT2001,Platinum,2,,,23,5.5555555556
0,33,1,21,3,125,112.5,75,13,32,43,6,15,17,4,2,25,1118.51,81,Unknown,F,70000,125840,,Platinum,5,,,,8.6538461538
0,40,0,27,10,90,0,73,29,29,65,5,5,16,5,2,,663.24,80,HomeOwner,M,72000,126750,03DEC2003,Platinum,5,,,21,0
0,30,1,18,3,100,108.35,88.35,13,34,46,6,16,19,6,2,25,823.06,80,HomeOwner,M,60000,108030,02FEB2003,Platinum,5,,,22,8.3346153846
0,20,0,15,3,100,100,68.75,13,34,65,6,6,30,8,0,,837.82,121,HomeOwner,F,76000,128830,,Platinum,,,,,7.6923076923
0,18,3,16,2,135,127.5,98.35,14,32,37,6,14,14,6,2,24,1750.44,68,HomeOwner,M,54000,101140,06FEB2002,Platinum,4,,,23,9.1071428571
0,22,4,12,1,50,40.7,32.9,24,45,64,9,19,24,12,2,8.75,281.38,76,HomeOwner,F,148000,102700,13OCT2005,Platinum,2,,,19,1.6958333333
0,32,2,15,3,100,87.5,63.35,13,29,34,5,12,13,3,2,17.5,702.39,68,Unknown,F,82000,149630,,Platinum,5,,,,6.7307692308
0,32,2,18,3,80,75,51,12,29,54,4,11,21,10,2,15,696.98,108,Unknown,M,100000,87750,02AUG1982,Platinum,3,,,42,6.25
0,25,1,21,5,125,125,87.5,13,30,33,6,13,12,2,2,25,1753.44,65,Unknown,F,61000,155350,21MAR1996,Platinum,5,,,28,9.6153846154
0,37,5,17,1,20,32.5,23.1,12,30,71,6,17,32,26,3,6.8,216.8,152,HomeOwner,M,200000,113100,24FEB2004,Platinum,1,,,20,2.7083333333
0,39,1,18,3,100,70,46.65,13,35,63,6,17,25,9,2,10,639.41,130,Unknown,F,109000,104910,,Platinum,5,,,,5.3846153846
0,31,0,26,5,100,100,96.9,10,31,58,5,5,22,8,2,,1112.45,99,HomeOwner,F,55000,115830,25MAR1988,Platinum,3,,,36,10
0,38,1,22,3,125,112.5,58.55,13,34,47,6,16,20,7,2,25,1124.1,80,HomeOwner,M,89000,102830,,Platinum,5,,,,8.6538461538
0,19,1,17,5,50,50,57.35,12,29,74,5,13,29,17,3,10,523.57,146,Unknown,M,90000,22230,01FEB2001,Platinum,2,,,24,4.1666666667
0,37,2,16,3,100,62.5,62.5,13,20,18,5,8,7,2,2,12.5,640.11,44,Unknown,F,83000,96070,04APR1995,Gold,5,,,29,4.8076923077
0,26,1,15,3,50,50,42.5,12,28,69,5,11,27,12,3,10,382.11,146,HomeOwner,M,118000,91780,15JUL1985,Platinum,2,,,39,4.1666666667
0,25,1,23,5,250,250,162.5,13,24,22,6,11,9,2,1,50,13979.26,47,HomeOwner,M,34000,144300,18MAY1979,Gold,5,,,45,19.230769231
0,44,2,19,3,100,100,71.45,13,34,54,6,16,22,7,2,20,831.85,100,HomeOwner,F,74000,192920,25MAR1996,Platinum,3,,,28,7.6923076923
0,26,2,6,3,860,681.65,775.75,27,48,112,6,17,35,34,3,100,26028.18,158,HomeOwner,F,7000,75790,13MAR2005,Platinum,4,,,19,25.246296296
0,43,1,17,5,125,125,125,11,16,13,5,7,6,1,1,25,1749.04,41,HomeOwner,M,43000,193830,10APR1997,Gold,5,,,27,11.363636364
0,50,4,21,2,220,210,196.2,34,55,138,6,17,34,45,3,40,1739.22,152,HomeOwner,F,28000,0,03DEC2005,Platinum,4,,,19,6.1764705882
0,43,1,21,5,125,125,105,13,32,53,6,15,21,5,2,25,1742.03,91,Unknown,M,51000,122720,26MAR1994,Platinum,4,,,30,9.6153846154
0,31,1,16,3,500,155,293.45,32,46,70,5,11,9,13,1,20,11176.82,62,HomeOwner,F,19000,128180,24DEC2006,Platinum,5,,,18,4.84375
0,43,0,18,3,100,62.5,62.5,10,22,20,4,4,7,2,0,,639.68,54,HomeOwner,M,83000,193830,02JUN1983,Platinum,,,,41,6.25
0,22,2,19,1,500,500,442,20,42,87,6,17,27,25,2,100,8637.59,113,Unknown,F,13000,25350,,Platinum,4,,,,25
0,28,1,8,5,250,515,285,30,38,37,7,11,9,4,1,103,4261.5,45,Unknown,M,19000,119340,22FEB2002,Gold,5,,,22,17.166666667
0,22,1,14,3,125,61.65,60,25,42,68,6,14,26,11,2,10,666.05,137,HomeOwner,M,87000,96590,17JUL2006,Platinum,4,,,18,2.466
0,16,0,26,3,100,70,24,6,22,42,3,3,16,15,2,,643.32,152,HomeOwner,F,194000,174070,09MAR2006,Platinum,3,,,18,11.666666667
0,38,1,4,5,200,200,148.5,24,45,80,6,16,30,10,2,40,1741.35,137,HomeOwner,M,37000,507130,15MAR2000,Platinum,4,,,24,8.3333333333
0,30,1,18,3,50,56.65,48.4,13,34,75,6,16,32,19,3,12,504.57,145,HomeOwner,F,105000,123240,26JUL2003,Platinum,2,,,21,4.3576923077
0,0,4,4,2,0,40,35,24,44,63,6,15,20,11,2,8,277.6,105,Unknown,F,141000,90220,23FEB2003,Platinum,4,,,21,1.6666666667
0,28,1,21,5,75,75,75,8,15,13,3,6,5,1,1,15,785.17,45,HomeOwner,M,70000,107640,18JUN1987,Gold,5,,,37,9.375
0,0,2,5,2,15,57.5,28.55,24,43,73,6,16,28,17,3,9.5,277.41,150,Unknown,F,168000,60190,,Platinum,1,,,,2.3958333333
0,34,2,17,3,5000,375,885.7,37,58,82,6,17,23,7,2,75,82994.67,117,HomeOwner,F,6000,594750,14FEB2001,Platinum,4,,,24,10.135135135
0,24,1,5,3,175,135,117.5,24,44,49,6,16,16,6,1,27,1745.63,68,HomeOwner,M,46000,184210,10APR2002,Platinum,5,,,22,5.625
0,26,0,20,5,75,75,75,8,14,14,3,3,4,1,0,,789.1,44,HomeOwner,F,70000,113360,04NOV1996,Gold,,,,28,9.375
0,32,1,14,5,125,125,125,22,39,39,6,14,12,3,1,25,1742,59,HomeOwner,M,43000,59150,06JAN2002,Platinum,5,,,23,5.6818181818
0,29,0,12,5,0,25,39.1,26,38,72,2,2,15,17,2,,223.2,154,HomeOwner,M,128000,75790,19MAY2002,Platinum,4,,,22,0.9615384615
0,19,1,17,5,500,500,500,22,26,24,5,7,6,1,1,100,8643.23,41,Unknown,U,11000,221910,,Gold,5,,,,22.727272727
0,31,3,21,3,60,63.35,63.35,12,26,24,6,13,11,3,2,12.67,548.1,53,HomeOwner,F,82000,146770,20MAR1982,Platinum,3,,,42,5.2791666667
0,33,2,8,2,0,29,29.15,12,30,29,6,15,13,6,2,4.5,221.49,56,HomeOwner,F,165000,306280,18APR2004,Platinum,5,,,20,2.4166666667
0,51,2,16,2,55,45,31.6,13,33,74,5,15,28,22,3,9,309.77,128,HomeOwner,F,154000,89440,06FEB2003,Platinum,2,,,22,3.4615384615
0,22,3,4,2,0,112,94.3,21,43,47,6,17,16,7,2,26,835.51,64,Unknown,M,57000,230230,,Platinum,4,,,,5.3333333333
0,22,1,18,3,50,50,42,12,29,39,6,13,15,5,2,11,383.01,77,HomeOwner,F,120000,53690,07MAY1990,Platinum,3,,,34,4.1666666667
0,46,1,14,2,0,85,56.25,13,35,45,6,17,19,12,2,9,594.72,76,HomeOwner,M,92000,59540,20OCT1998,Platinum,4,,,26,6.5384615385
1,59,5,22,1,50,50,45.65,14,36,66,6,17,26,24,3,10,322.42,117,Unknown,M,111000,103870,12JUN2003,Platinum,2,,,21,3.5714285714
0,35,0,4,3,125,75,55.35,21,41,73,7,7,28,14,2,,951.08,128,Unknown,F,93000,68900,,Platinum,4,,,,3.5714285714
0,27,1,21,5,50,50,81.25,10,27,73,4,11,28,12,3,10,513.07,151,Unknown,F,65000,57200,,Platinum,2,,,,5
0,15,2,7,3,125,112.5,115,22,32,31,9,14,12,5,2,22.5,1114.35,48,HomeOwner,M,47000,289120,14APR1992,Gold,5,,,32,5.1136363636
0,50,1,16,2,60,55,40,14,34,50,6,15,21,12,2,12,395.57,99,HomeOwner,F,125000,148330,28MAR1997,Platinum,2,,,27,3.9285714286
0,0,3,4,2,25,24,23.75,13,20,21,2,6,6,12,2,4.33,234.18,57,Unknown,F,196000,72410,,Member,2,,,,1.8461538462
0,69,2,17,3,75,87.5,61.15,13,33,66,6,16,26,13,3,17.5,703.78,117,Unknown,F,85000,203450,05JUL2004,Platinum,3,,,20,6.7307692308
0,48,2,10,3,75,52.5,44,19,36,41,7,14,15,5,2,10.5,491.86,69,HomeOwner,M,115000,49660,15MAY2005,Platinum,5,,,19,2.7631578947
0,0,0,22,5,125,125,75.85,30,50,66,6,6,18,6,2,,1746.32,75,HomeOwner,M,70000,0,,Platinum,5,,,,4.1666666667
0,18,1,9,3,75,56.65,50.85,19,39,46,7,16,17,6,2,10,495.08,80,HomeOwner,M,101000,183430,09FEB2007,Platinum,5,,,18,2.9815789474
0,30,3,26,2,50,54,35.65,12,33,77,5,16,31,30,3,11.33,395.24,146,Unknown,U,138000,114920,,Platinum,2,,,,4.5
1,33,4,9,1,15,35,25.7,20,38,64,7,16,24,14,3,7.5,181.17,136,Unknown,M,183000,120770,,Platinum,1,,,,1.75
0,30,1,15,2,50,52.5,61.55,13,32,71,6,16,30,16,3,12,389.53,142,HomeOwner,F,85000,114920,18JUN2003,Platinum,2,,,21,4.0384615385
0,39,2,6,3,250,216.65,193.55,21,40,39,7,16,14,7,2,55,1737.52,57,Unknown,M,28000,114790,,Platinum,5,,,,10.316666667
1,40,2,18,2,60,57.5,50.85,13,30,39,6,13,14,6,2,11,374.23,77,HomeOwner,F,101000,96590,10MAR2002,Platinum,3,,,22,4.4230769231
0,0,0,10,3,125,112.5,74.15,22,41,75,7,7,25,12,2,,1126.56,112,HomeOwner,F,71000,53430,29MAY1999,Platinum,4,,,25,5.1136363636
0,43,3,15,2,15,49,41.5,13,34,39,6,17,17,10,2,9.67,294.73,68,Unknown,M,121000,100880,24MAR1998,Platinum,1,,,26,3.7692307692
0,21,1,5,3,130,107.5,105,21,26,24,8,11,9,4,1,33,1119.4,41,Unknown,M,51000,124800,,Gold,5,,,,5.119047619
0,45,1,18,3,50,50,46.9,13,34,57,6,17,25,13,2,10,397.63,108,HomeOwner,M,108000,97760,13NOV2002,Platinum,2,,,22,3.8461538462
0,28,1,9,2,125,37.5,45,20,38,43,7,15,17,7,2,10,311.33,75,Unknown,M,113000,70200,29JUL1992,Platinum,5,,,32,1.875
0,36,1,15,2,45,47.5,43.35,13,34,58,6,16,24,12,2,11,287.89,109,HomeOwner,F,116000,149890,24JUL2003,Platinum,2,,,21,3.6538461538
1,29,4,7,2,35,50,47.8,24,44,82,9,20,36,18,3,10,279.81,143,HomeOwner,F,107000,145340,29JUL2003,Platinum,1,,,21,2.0833333333
0,32,0,15,5,125,125,125,8,10,10,3,3,4,1,0,,1744.34,39,HomeOwner,M,43000,75660,10MAR1990,Member,,,,34,15.625
0,20,1,10,3,125,55,44.15,21,40,74,7,15,28,18,3,12,663.84,129,HomeOwner,M,114000,102440,16FEB2005,Platinum,4,,,19,2.619047619
0,29,2,15,1,50,44.15,39.9,23,43,90,10,19,34,26,3,9,277.33,119,HomeOwner,F,125000,65260,,Platinum,2,,,,1.9195652174
0,32,1,9,3,125,87.5,51.45,22,42,84,6,15,33,14,3,10,963.18,147,HomeOwner,U,100000,99320,,Platinum,4,,,,3.9772727273
0,30,2,18,3,50,58.35,62.5,12,29,39,6,13,15,4,2,12.5,501.92,79,HomeOwner,M,83000,96200,25DEC1996,Platinum,3,,,28,4.8625
0,39,0,4,3,125,92.5,65.85,19,38,72,7,7,30,12,2,,957.47,149,HomeOwner,M,79000,219050,,Platinum,4,,,,4.8684210526
0,33,4,21,2,75,78,44.65,13,33,59,6,17,25,15,3,15.75,596.46,105,Unknown,M,113000,94900,27APR1955,Platinum,3,,,69,6
1,36,5,9,1,25,30,27.5,18,37,41,7,17,16,12,3,6.2,159.61,64,Unknown,F,173000,655850,,Platinum,1,,,,1.6666666667
0,18,2,16,3,40,35,34,12,26,24,6,12,10,5,2,6.5,305.09,54,HomeOwner,M,144000,93470,02APR1993,Platinum,3,,,31,2.9166666667
0,34,2,8,3,75,100,87.5,19,39,48,7,16,18,6,2,20,827.13,77,HomeOwner,M,61000,107120,19NOV2000,Platinum,5,,,24,5.2631578947
0,45,3,18,2,50,45,29.85,14,34,80,6,16,33,31,3,10,312.89,152,Unknown,F,161000,86190,,Platinum,2,,,,3.2142857143
0,36,4,8,2,25,95,88.35,16,37,65,7,18,26,18,3,19,580.08,99,Unknown,M,60000,153530,03AUG1993,Platinum,1,,,31,5.9375
0,25,0,18,10,100,0,59.5,13,13,68,6,6,29,12,3,,674.1,153,Unknown,F,87000,82940,10MAY1993,Platinum,3,,,31,0
0,36,0,8,3,250,275,239.3,19,41,66,7,7,26,7,1,,4251.97,102,HomeOwner,F,23000,135720,24JUL2002,Platinum,5,,,22,14.473684211
0,41,1,19,3,100,100,100,10,24,22,4,10,9,2,1,20,830.09,56,HomeOwner,F,54000,109720,26OCT2001,Platinum,5,,,23,10
0,34,1,8,3,0,75,58.35,11,30,35,6,14,14,3,2,20,711.03,68,Unknown,F,89000,89050,19APR1992,Platinum,5,,,32,6.8181818182
0,35,1,20,5,1000,1000,175.65,33,52,83,6,15,24,8,2,200,26025.13,109,HomeOwner,M,31000,88400,14OCT2004,Platinum,4,,,20,30.303030303
0,0,0,8,3,125,137.5,125,19,41,41,7,7,17,4,1,,1749.66,63,HomeOwner,F,43000,126490,24DEC2002,Platinum,5,,,22,7.2368421053
0,22,0,20,5,500,500,241.65,30,43,63,6,6,16,3,1,,8638.97,88,Unknown,M,23000,778050,,Platinum,5,,,,16.666666667
0,34,1,8,3,0,50,50,11,23,20,6,12,10,2,1,5,390.71,47,HomeOwner,F,102000,78130,24DEC1994,Gold,5,,,30,4.5454545455
0,29,0,18,5,75,75,75,10,15,12,4,4,5,1,0,,787.59,42,HomeOwner,F,70000,65260,,Gold,,,,,7.5
0,19,1,7,3,200,141.65,140,18,35,35,7,15,13,5,1,50,1750.66,56,HomeOwner,M,39000,79690,22JUN2005,Platinum,5,,,19,7.8694444444
0,44,1,25,5,50,50,49.1,11,31,61,6,15,23,11,2,10,511.26,105,HomeOwner,M,104000,80600,21NOV2004,Platinum,2,,,20,4.5454545455
0,15,0,7,5,0,75,75,8,10,10,2,2,3,1,0,,787.24,39,Unknown,M,70000,284830,,Member,,,,,9.375
0,56,5,18,1,40,38.9,33.4,13,35,50,6,17,24,22,3,7,226.86,102,HomeOwner,M,146000,110630,23APR1998,Platinum,2,,,26,2.9923076923
0,38,1,7,3,125,37.5,61,17,29,28,7,13,11,5,1,10,675.52,52,HomeOwner,F,85000,103740,01JUN2002,Platinum,5,,,22,2.2058823529
0,36,0,26,5,90,90,73.75,10,28,58,4,4,18,4,1,,1094,81,HomeOwner,M,71000,54730,03FEB2004,Platinum,5,,,21,9
0,36,1,7,5,0,375,187.5,16,35,70,6,15,31,6,2,75,4266.34,125,HomeOwner,M,29000,82420,15MAY2001,Platinum,4,,,23,23.4375
0,29,2,18,3,100,62.5,27,13,31,54,6,14,21,10,2,12.5,649.28,103,Unknown,M,176000,44200,22DEC1984,Platinum,3,,,40,4.8076923077
0,40,2,7,3,25,65,51.65,10,16,16,1,4,4,3,2,13,556.08,53,Unknown,M,99000,83460,,Member,2,,,,6.5
0,40,1,17,3,100,92.5,50.9,13,33,55,6,15,22,11,2,20,706.57,111,HomeOwner,F,101000,155350,23MAR1995,Platinum,3,,,29,7.1153846154
0,34,2,7,3,0,175,138.9,13,33,65,6,15,25,9,2,35,1748.18,129,Unknown,M,39000,126490,30MAY2002,Platinum,4,,,22,13.461538462
0,27,2,16,2,55,40,40,14,25,22,6,11,9,4,2,8,317.85,48,HomeOwner,M,125000,87360,26MAY2004,Gold,3,,,20,2.8571428571
0,43,1,6,5,125,125,125,19,23,21,7,9,8,2,1,25,1755.86,42,HomeOwner,M,43000,183820,15JAN1998,Gold,5,,,27,6.5789473684
1,30,3,8,2,0,57.5,49.1,17,38,77,6,16,32,16,3,11.33,374.52,147,HomeOwner,M,104000,69810,10APR1998,Platinum,4,,,26,3.3823529412
1,52,1,16,5,75,75,75,5,7,6,1,2,2,1,1,15,711.56,40,Unknown,M,70000,110630,,Member,5,,,,15
0,24,3,16,3,55,51.65,33.9,13,32,82,5,14,31,23,3,10.33,383.34,154,Unknown,U,145000,61750,07JUL2006,Platinum,2,,,18,3.9730769231
0,37,1,16,5,75,75,75,6,8,7,2,3,3,1,1,15,787.94,40,Unknown,F,70000,58370,,Member,5,,,,12.5
0,49,2,19,2,50,65,49.25,13,35,60,6,17,25,13,2,13.5,414.61,112,HomeOwner,F,104000,167570,19JUL1993,Platinum,2,,,31,5
0,51,1,17,5,100,100,100,5,7,6,1,2,2,1,1,20,1112.17,41,Unknown,M,54000,135200,,Member,5,,,,20
0,45,1,18,2,100,83.75,61.9,17,33,47,6,13,18,8,2,17,582.7,107,Unknown,F,84000,115440,05APR2004,Platinum,5,,,20,4.9264705882
1,24,1,17,5,100,100,100,6,8,7,1,2,2,1,1,20,1008.97,41,Unknown,F,54000,122460,,Member,5,,,,16.666666667
0,20,1,21,5,75,75,75,8,15,13,3,6,5,1,1,15,771.29,45,HomeOwner,F,70000,35360,17JUN1987,Gold,5,,,37,9.375
0,32,1,17,5,75,75,75,6,8,7,2,3,3,1,1,15,784.09,41,Unknown,M,70000,146640,,Member,5,,,,12.5
0,32,0,16,3,55,52.5,43.35,11,18,16,5,5,7,3,0,,383.13,47,HomeOwner,F,116000,37050,20MAY1951,Gold,,,,73,4.7727272727
0,34,1,16,5,75,75,75,5,7,7,1,2,3,1,1,15,777.2,40,Unknown,F,70000,88270,,Member,5,,,,15
0,0,1,20,5,500,500,262.5,31,47,75,6,13,23,6,2,100,8639.03,116,HomeOwner,F,21000,335400,20JUN1996,Platinum,4,,,28,16.129032258
0,26,1,16,5,75,75,75,5,7,7,1,2,3,1,1,15,775.27,40,Unknown,F,70000,149240,,Member,5,,,,15
1,20,1,15,5,100,100,100,8,10,10,3,4,4,1,1,20,1233.97,39,HomeOwner,F,54000,75920,25JAN1996,Member,5,,,29,12.5
0,0,1,20,5,100,100,100,6,9,8,1,3,3,1,1,20,1115,44,Unknown,U,54000,96590,,Member,5,,,,16.666666667
0,32,1,15,3,75,83.35,65,13,34,62,6,16,27,9,2,20,702.38,126,HomeOwner,F,80000,78000,29MAY2000,Platinum,3,,,24,6.4115384615
0,2,1,20,5,100,100,100,7,10,9,2,4,4,1,1,20,1117.21,44,Unknown,U,54000,74750,,Member,5,,,,14.285714286
0,27,0,26,10,90,0,70.7,25,25,78,4,4,21,7,2,,675.74,112,Unknown,F,74000,90090,08JUL1955,Platinum,5,,,69,0
0,44,2,16,3,60,56.65,56.65,5,9,8,1,3,3,3,2,11,494.28,48,Unknown,U,91000,73580,,Member,3,,,,11.33
0,46,3,17,2,100,36.25,18.4,15,37,69,6,17,28,25,3,8,321.56,126,HomeOwner,M,240000,111280,10NOV2001,Platinum,3,,,23,2.4166666667
0,22,2,16,3,100,62.5,62.5,5,10,10,1,4,4,2,2,12.5,1029.87,48,Unknown,F,83000,65520,,Member,5,,,,12.5
0,37,2,17,2,75,62.5,51.8,14,31,65,6,14,29,11,3,12.5,499.45,146,HomeOwner,U,99000,69810,,Platinum,3,,,,4.4642857143
0,28,2,21,3,80,65,65,5,10,10,1,4,4,2,2,13,1028.41,48,Unknown,F,80000,116870,,Member,5,,,,13
1,31,2,18,2,50,41,35.4,14,36,53,6,17,22,13,2,8,300.42,91,HomeOwner,M,139000,67730,10JUL1997,Platinum,2,,,27,2.9285714286
0,29,1,24,5,75,75,75,4,9,8,1,4,4,1,1,15,774.93,48,Unknown,F,70000,79690,,Member,5,,,,18.75
0,0,0,27,5,100,100,47.85,9,27,59,4,4,22,7,2,,1120.18,123,HomeOwner,F,106000,68770,,Platinum,3,,,,11.111111111
0,18,2,16,3,90,83.35,83.35,5,11,11,1,4,4,3,2,16.5,700.01,52,Unknown,M,64000,59800,,Member,5,,,,16.67
0,14,1,17,3,100,62.5,62.5,12,25,21,5,11,9,2,1,5,635.71,50,HomeOwner,M,83000,280670,,Gold,5,,,,5.2083333333
0,33,2,15,2,50,96,91.9,7,13,13,2,5,5,8,2,19,596.2,53,Unknown,U,58000,105040,,Member,3,,,,13.714285714
0,43,1,19,5,125,125,125,10,15,12,4,6,5,1,1,25,1741.56,43,HomeOwner,F,43000,75400,28NOV1999,Gold,5,,,25,12.5
0,15,1,18,3,100,62.5,62.5,5,11,10,2,5,5,2,1,5,1028.06,53,Unknown,F,83000,108550,,Member,5,,,,12.5
0,0,1,18,3,75,75,65,28,46,59,6,14,18,5,2,15,715.4,78,Unknown,U,80000,286000,12MAR2003,Platinum,5,,,21,2.6785714286
0,32,3,18,2,250,81.25,110.7,6,13,14,1,5,5,7,2,18.33,955.25,55,Unknown,M,49000,88010,,Member,4,,,,13.541666667
0,36,2,16,2,40,36.25,29.6,9,26,46,4,12,16,12,2,5.5,278.62,126,HomeOwner,F,163000,43290,01DEC2005,Platinum,2,,,19,4.0277777778
0,22,1,18,3,85,80,80,6,12,11,1,4,4,2,1,15,701.73,52,Unknown,M,66000,90090,,Member,5,,,,13.333333333
0,49,2,6,1,50,55,51.1,22,43,59,10,20,24,9,2,8,383.7,64,HomeOwner,M,100000,101270,14NOV2004,Platinum,3,,,20,2.5
0,36,2,16,3,75,50,50,5,11,10,1,4,4,2,2,10,501.46,53,Unknown,M,102000,285480,,Member,5,,,,10
0,41,2,17,3,100,87.5,62.5,12,32,34,6,16,15,4,2,17.5,697.12,65,HomeOwner,F,83000,91780,04MAY1988,Platinum,5,,,36,7.2916666667
0,51,2,21,3,100,75,75,8,14,14,2,5,5,2,2,15,701.54,53,Unknown,F,70000,179790,,Member,5,,,,9.375
0,33,1,16,5,100,100,56.2,14,33,70,6,15,28,13,3,20,1125.53,135,HomeOwner,M,92000,91780,09JAN2006,Platinum,3,,,19,7.1428571429
0,58,3,17,1,50,40.85,37.2,7,13,13,2,5,5,9,2,9,286.22,53,Unknown,F,133000,88140,,Member,2,,,,5.8357142857
0,34,1,16,5,100,100,100,12,17,14,5,7,6,1,1,20,1119.77,40,HomeOwner,F,54000,45890,,Gold,5,,,,8.3333333333
0,37,2,18,3,50,28.35,26,7,14,14,2,6,6,5,2,3.5,341.06,56,Unknown,F,181000,106080,,Member,2,,,,4.05
0,53,2,17,3,500,387.5,212,16,35,58,6,16,23,5,2,77.5,8644.2,92,HomeOwner,F,26000,387790,12FEB2001,Platinum,4,,,24,24.21875
0,0,2,18,3,50,38.35,34.3,6,13,13,2,6,6,7,2,6.5,342.7,56,Unknown,M,143000,113880,,Member,2,,,,6.3916666667
0,33,1,17,5,125,125,125,11,16,14,5,7,6,1,1,25,1743.13,41,HomeOwner,F,43000,68380,03AUG2004,Gold,5,,,20,11.363636364
0,36,2,15,3,75,70,51.65,7,14,14,2,6,6,3,2,14,1033.13,57,Unknown,F,99000,171860,,Member,5,,,,10
0,36,1,19,3,100,62.5,62.5,10,22,20,4,9,8,2,1,5,654.33,53,HomeOwner,M,83000,100620,,Platinum,5,,,,6.25
1,33,4,16,2,100,75,82.15,7,14,15,2,6,6,7,2,15,885.82,57,Unknown,M,65000,43290,,Member,3,,,,10.714285714
0,0,1,24,5,150,150,94.3,11,32,60,6,16,26,7,2,30,1747.35,129,Unknown,M,57000,78780,26APR2001,Platinum,4,,,23,13.636363636
0,29,3,17,3,140,123.35,121.25,7,14,15,2,6,6,4,2,24.67,1755.46,57,Unknown,F,45000,181870,,Member,4,,,,17.621428571
0,44,3,5,2,125,81.25,90,22,37,39,9,15,15,5,2,18.33,957.63,56,HomeOwner,F,59000,120120,22JUL2006,Gold,4,,,18,3.6931818182
0,37,3,15,2,125,100,93.75,5,13,16,1,5,6,8,2,21.67,1124.75,64,Unknown,M,57000,232960,,Member,4,,,,20
0,33,1,16,5,100,100,100,12,17,14,5,7,6,1,1,20,1112.1,40,HomeOwner,F,54000,55510,09JUN1989,Gold,5,,,35,8.3333333333
0,6,0,26,5,135,135,120,6,14,15,1,1,6,3,2,,1751.66,65,Unknown,F,45000,48750,,Member,5,,,,22.5
0,28,1,12,3,50,60,65.3,28,46,92,6,14,26,17,3,10,395.73,125,Unknown,M,80000,56940,09JUL2004,Platinum,2,,,20,2.1428571429
0,32,2,6,3,100,68.35,76.25,21,34,31,8,14,12,4,2,8,647.42,53,Unknown,M,69000,195650,15MAY2001,Platinum,5,,,23,3.2547619048
0,35,2,25,3,75,75,60.85,11,33,71,6,17,30,12,3,15,715.46,129,HomeOwner,M,85000,91260,20NOV2003,Platinum,3,,,21,6.8181818182
1,25,2,6,3,25,100,75,20,33,31,8,15,13,3,2,20,436.56,52,HomeOwner,F,70000,34060,05JUN2006,Platinum,2,,,18,5
0,42,1,4,3,125,85,75.85,26,43,61,6,13,17,6,2,20,968.46,92,HomeOwner,F,70000,213590,25JUN2000,Platinum,5,,,24,3.2692307692
1,32,6,5,1,15,44.4,31.75,16,35,57,7,18,23,17,3,7.83,307.78,100,HomeOwner,M,153000,59540,05JUN1991,Platinum,1,,,33,2.775
0,50,1,17,5,80,80,80,10,15,13,4,6,5,1,1,16,1085.62,41,Unknown,F,66000,68250,25NOV1978,Gold,5,,,46,8
0,34,1,5,5,125,100,112.5,14,19,17,5,7,6,2,1,20,1119.98,41,Unknown,M,48000,227370,22MAY2000,Gold,5,,,24,7.1428571429
0,26,3,18,2,125,46,25.65,21,42,105,10,20,40,23,3,4.33,311.74,149,Unknown,M,184000,66300,06JUN2006,Platinum,4,,,18,2.1904761905
0,38,1,4,5,50,100,66.65,16,21,19,5,7,6,3,2,20,1111.48,41,Unknown,M,79000,85020,29DEC2002,Gold,3,,,22,6.25
0,55,1,16,5,100,100,100,12,17,14,5,7,6,1,1,20,1108.75,40,HomeOwner,M,54000,85800,18MAY2001,Gold,5,,,23,8.3333333333
0,21,1,20,5,100,100,100,4,7,7,2,4,4,1,1,20,1123.02,44,Unknown,M,54000,121550,,Member,5,,,,25
0,0,2,18,3,125,70,69.15,25,46,51,6,17,17,6,2,14,640.77,64,HomeOwner,M,76000,50440,28MAR2005,Platinum,5,,,19,2.8
0,29,2,25,3,100,83.35,50.75,12,34,67,6,17,26,20,3,15,698.29,113,Unknown,F,101000,91390,,Platinum,3,,,,6.9458333333
0,33,1,16,5,100,100,100,12,17,14,5,7,6,1,1,20,1108.15,40,HomeOwner,F,54000,70590,02JUN1989,Gold,5,,,35,8.3333333333
1,0,1,4,3,50,50,50,11,15,14,5,7,6,4,1,10,365.33,41,Unknown,M,102000,501020,,Gold,3,,,,4.5454545455
0,40,1,16,3,55,55,32.35,8,20,50,4,9,21,15,3,11,393.63,137,Unknown,F,151000,58500,03MAY1998,Platinum,2,,,26,6.875
0,40,1,24,5,75,75,75,7,17,15,3,7,6,1,1,15,782.98,48,Unknown,M,70000,53170,08DEC1999,Gold,5,,,25,10.714285714
0,25,0,23,10,125,0,125,10,10,15,4,4,6,1,0,,668.16,47,HomeOwner,M,43000,114270,21APR1998,Gold,,,,26,0
0,29,1,16,5,75,75,75,3,5,5,2,4,4,1,1,15,784.49,40,Unknown,F,70000,39780,,Member,5,,,,25
0,31,1,23,5,100,100,112.5,7,12,11,2,5,5,2,2,20,1108.65,48,Unknown,U,48000,135850,,Member,5,,,,14.285714286
0,35,2,19,3,60,56.65,60,4,10,9,2,5,5,5,2,11,502.23,53,Unknown,F,87000,0,,Member,2,,,,14.1625
0,42,2,18,3,150,175,155,13,35,55,6,17,22,5,2,35,1742.44,89,HomeOwner,M,35000,134940,08DEC2003,Platinum,5,,,21,13.461538462
1,19,2,17,3,100,87.5,81.25,2,6,9,2,5,6,4,2,17.5,998.32,65,Unknown,F,65000,742040,,Member,3,,,,43.75
0,43,1,18,3,75,48.35,21.35,13,33,65,6,16,27,15,2,5,492.98,146,Unknown,M,213000,109070,25JUL2002,Platinum,3,,,22,3.7192307692
0,21,2,4,3,125,61.65,77.5,10,27,26,4,12,11,4,2,12.5,679.71,59,Unknown,F,68000,228800,08MAR2002,Platinum,5,,,22,6.165
1,36,1,23,3,75,65,43.35,13,33,62,6,15,23,9,2,15,411.61,104,HomeOwner,F,116000,61490,12JUL1998,Platinum,3,,,26,5
0,45,1,16,5,140,140,140,4,6,5,2,3,3,1,1,28,1754.84,40,Unknown,M,39000,138840,,Member,5,,,,35
0,36,1,23,5,125,125,125,7,12,11,2,5,5,1,1,25,1747.57,47,Unknown,F,43000,51090,,Member,5,,,,17.857142857
1,18,1,16,5,100,100,100,4,6,5,2,3,3,1,1,20,1008.97,40,Unknown,U,54000,105040,,Member,5,,,,25
0,26,1,21,5,75,75,75,8,15,13,3,6,5,1,1,15,770.63,45,Unknown,M,70000,109720,02MAY1986,Gold,5,,,38,9.375
0,29,1,16,5,75,75,75,4,6,5,2,3,3,1,1,15,782.52,40,Unknown,U,70000,125840,,Member,5,,,,18.75
0,31,4,17,1,65,57.5,47.5,14,34,47,6,16,19,10,3,11,385.6,80,HomeOwner,M,107000,91130,14NOV1988,Platinum,2,,,36,4.1071428571
0,32,2,17,3,125,87.5,87.5,4,7,7,2,4,4,2,2,17.5,966.9,44,Unknown,U,61000,344890,,Member,5,,,,21.875
0,29,1,17,5,100,100,100,11,16,14,5,7,6,1,1,20,1119.8,41,Unknown,F,54000,169650,09MAY1983,Gold,5,,,41,9.0909090909
0,42,1,23,5,125,125,125,4,9,8,2,5,5,1,1,25,1738.01,47,Unknown,M,43000,95680,,Member,5,,,,31.25
0,0,0,15,5,75,75,75,9,13,11,4,4,5,1,0,,777.13,39,Unknown,F,70000,119860,,Gold,,,,,8.3333333333
0,29,3,17,2,25,21,22.5,4,10,10,2,5,5,6,2,4.33,179.79,52,Unknown,F,205000,117260,,Member,2,,,,5.25
0,27,2,5,3,305,275,218,19,28,74,7,12,25,10,2,55,4255.36,137,HomeOwner,M,25000,105950,30JUN1994,Platinum,4,,,30,14.473684211
0,39,2,17,3,75,70,70,4,10,10,2,5,5,2,2,14,1025.2,53,Unknown,U,75000,210470,,Member,5,,,,17.5
0,36,2,21,3,75,68.35,47.5,12,33,63,6,17,29,10,2,13,555.7,123,HomeOwner,F,107000,151060,24JAN1997,Platinum,3,,,28,5.6958333333
0,0,1,22,5,75,75,75,4,9,8,2,5,5,3,2,15,772.87,51,Unknown,F,70000,186940,,Member,5,,,,18.75
0,31,1,17,5,200,125,160,16,34,65,6,15,18,5,2,25,1738.61,77,Unknown,M,34000,264940,03DEC1988,Platinum,5,,,36,7.8125
0,46,3,19,2,125,87.5,87.5,4,11,11,2,6,6,4,2,16.67,960.07,56,Unknown,M,61000,92820,,Member,5,,,,21.875
0,40,1,18,3,50,45,39.6,13,32,54,6,14,25,13,3,10,350.82,152,HomeOwner,F,126000,56810,22OCT2003,Platinum,2,,,21,3.4615384615
1,30,2,4,3,50,58.35,43.05,41,60,139,6,16,35,54,4,11,460.75,150,Unknown,M,117000,156260,15MAY1993,Platinum,2,,,31,1.4231707317
0,19,1,20,5,75,75,75,8,15,13,3,6,5,1,1,15,780.18,44,HomeOwner,M,70000,88660,22JUL1996,Gold,5,,,28,9.375
0,29,2,16,2,30,46,40,18,35,49,9,16,19,8,2,10,296.55,88,Unknown,F,125000,47320,01APR1955,Gold,1,,,69,2.5555555556
0,32,0,25,10,90,0,92.5,29,29,66,6,6,18,4,2,,671.09,81,HomeOwner,M,58000,65260,11APR2004,Platinum,5,,,20,0
1,38,5,16,1,20,17.8,14.45,14,36,77,6,17,33,33,3,3.2,243.54,152,Unknown,F,289000,72670,17JAN2006,Platinum,1,,,19,1.2714285714
0,31,3,21,2,50,47.5,38.45,13,30,60,6,15,26,13,2,9.33,326.23,129,HomeOwner,M,129000,99840,20JUN2003,Platinum,2,,,21,3.6538461538
0,36,5,17,1,25,20,18.9,12,30,32,6,16,15,9,2,3.8,181.01,65,Unknown,F,235000,67080,06MAY1974,Platinum,1,,,50,1.6666666667
0,0,2,19,2,500,425,406.25,34,56,112,6,17,23,12,2,62.5,8637.23,89,HomeOwner,M,14000,235690,,Platinum,4,,,,12.5
0,47,3,16,3,95,88.35,88.35,13,27,25,6,13,11,3,2,17.67,697.87,52,HomeOwner,F,60000,220480,13OCT1996,Platinum,5,,,28,6.7961538462
0,47,1,26,3,125,100,100,12,31,30,5,14,12,3,1,15,1109.18,57,HomeOwner,F,54000,78780,,Platinum,5,,,,8.3333333333
0,28,1,17,5,100,100,100,10,15,13,4,6,5,1,1,20,1113.23,41,Unknown,F,54000,118820,19JUN1997,Gold,5,,,27,10
0,50,1,26,3,75,65,35.15,12,32,83,5,16,33,40,3,11,554.9,154,HomeOwner,M,140000,70850,30MAY2005,Platinum,3,,,19,5.4166666667
0,42,1,18,5,100,100,100,10,15,12,4,6,5,1,1,20,1123.37,42,HomeOwner,M,54000,0,05DEC1997,Gold,5,,,27,10
0,39,1,17,2,75,50,36.1,15,37,48,6,17,20,9,2,7,386.75,82,HomeOwner,F,137000,179660,16JAN2004,Platinum,5,,,21,3.3333333333
0,35,1,21,5,100,100,100,10,17,15,4,7,6,1,1,20,1110.73,45,Unknown,M,54000,94510,30JUN2002,Gold,5,,,22,10
0,39,4,17,2,100,81.25,72.8,18,37,57,10,20,24,9,3,16.25,580.79,65,Unknown,M,72000,116610,,Platinum,3,,,,4.5138888889
0,39,2,18,3,75,105,76.45,10,32,50,4,15,18,7,2,21,827.32,86,Unknown,F,69000,179660,16FEB2005,Platinum,3,,,19,10.5
0,37,2,5,3,500,562.5,346.25,27,47,100,6,16,27,8,2,112.5,8650.88,135,HomeOwner,M,16000,417040,03JAN2004,Platinum,4,,,21,20.833333333
0,40,0,16,5,100,100,100,12,17,14,5,5,6,1,0,,1112.76,40,Unknown,M,54000,121550,,Gold,,,,,8.3333333333
0,29,0,18,3,50,60,44.6,12,28,58,5,5,24,12,2,,386.68,149,HomeOwner,F,113000,36920,25APR1989,Platinum,2,,,35,5
1,34,1,15,5,100,100,100,10,14,12,5,7,6,1,1,20,1233.97,39,Unknown,F,54000,40560,08NOV1996,Gold,5,,,28,10
0,33,5,7,2,50,40,34.75,31,48,78,4,14,20,22,3,8,316.33,93,Unknown,F,142000,53430,19APR2006,Platinum,2,,,18,1.2903225806
0,41,1,18,3,105,95,77.2,16,38,67,6,17,26,9,2,17,967.32,127,HomeOwner,M,68000,179790,20NOV2004,Platinum,3,,,20,5.9375
0,29,1,16,3,95,73.35,70,25,45,83,5,14,20,9,2,10,644.32,108,HomeOwner,M,75000,65390,19NOV2000,Platinum,5,,,24,2.934
0,36,1,21,5,100,100,100,8,15,14,3,6,5,1,1,20,1119.87,45,Unknown,M,54000,59670,,Gold,5,,,,12.5
0,39,2,18,2,70,63.75,47.5,15,34,70,6,16,26,18,3,12.5,418.83,116,Unknown,F,107000,161460,05JAN2004,Platinum,2,,,21,4.25
0,25,1,16,5,75,75,75,11,16,13,4,6,5,1,1,15,784.13,40,Unknown,M,70000,60060,13MAY2006,Gold,5,,,18,6.8181818182
0,30,1,19,3,60,61.65,55.5,13,33,60,6,15,23,10,2,15,488.37,112,HomeOwner,F,93000,165490,10DEC2003,Platinum,2,,,21,4.7423076923
0,22,1,16,5,75,75,75,13,18,15,4,6,5,1,1,15,771.64,40,Unknown,F,70000,54210,,Gold,5,,,,5.7692307692
0,39,1,20,3,500,400,293.75,31,51,69,6,16,20,4,2,100,8637.72,86,Unknown,M,19000,139750,,Platinum,5,,,,12.903225806
0,26,1,21,5,115,115,115,10,17,15,4,7,6,1,1,23,1125.13,45,HomeOwner,M,47000,116740,18FEB1997,Gold,5,,,27,11.5
0,61,3,18,3,125,116.65,116.65,27,42,55,11,18,21,6,2,23.33,1109.37,56,HomeOwner,M,46000,122590,,Platinum,4,,,,4.3203703704
1,37,6,17,1,50,43.35,40.4,13,29,31,6,15,13,12,2,9.17,260.63,56,HomeOwner,M,124000,69030,04APR1986,Platinum,2,,,38,3.3346153846
0,35,1,19,3,500,200,162.5,30,52,54,6,17,16,4,1,10,11163.35,63,HomeOwner,M,34000,97110,03AUG2006,Platinum,5,,,18,6.6666666667
0,35,1,17,2,80,72.5,72.5,12,31,29,6,15,13,4,1,10,503.9,57,Unknown,M,73000,112970,19APR1994,Platinum,5,,,30,6.0416666667
0,33,0,18,3,75,75,43.35,13,34,79,6,6,32,24,3,,704.17,153,Unknown,F,116000,34970,,Platinum,3,,,,5.7692307692
0,52,1,17,3,150,108.35,70.85,15,36,48,6,16,18,6,2,10,1115.13,77,HomeOwner,F,74000,167440,16DEC2004,Platinum,5,,,20,7.2233333333
0,37,3,19,2,60,60,45.95,15,35,70,6,17,29,16,3,12,390.29,129,Unknown,F,110000,66300,20JUN2006,Platinum,2,,,18,4
0,44,1,17,3,80,66.65,53,14,29,42,6,12,15,5,2,12,646.64,88,Unknown,M,97000,130650,31JAN2004,Platinum,5,,,21,4.7607142857
0,27,0,9,10,100,0,49.25,29,29,83,5,5,25,13,2,,669.3,154,Unknown,F,104000,64870,,Platinum,3,,,,0
0,33,2,18,3,125,166.65,109.35,13,23,49,5,10,22,15,3,25,1750.33,131,HomeOwner,F,49000,77090,01JUN2001,Platinum,4,,,23,12.819230769
0,26,3,17,2,150,218.75,95.6,31,51,91,6,17,30,17,3,25,4250.81,135,HomeOwner,F,56000,241930,10DEC1986,Platinum,4,,,38,7.0564516129
0,32,0,15,3,100,75,75,12,18,17,5,5,6,2,0,,703.04,44,HomeOwner,M,70000,61100,18JUL1998,Gold,,,,26,6.25
0,44,1,18,3,100,86.65,56.25,13,31,54,6,15,23,12,2,15,711.74,148,HomeOwner,F,92000,50440,19MAR2002,Platinum,3,,,22,6.6653846154
0,43,1,17,5,100,100,100,11,16,14,5,7,6,1,1,20,1120.48,41,HomeOwner,M,54000,55250,22MAY1979,Gold,5,,,45,9.0909090909
0,45,3,21,3,250,216.65,211.1,13,34,70,6,17,27,9,2,43.33,1753.71,111,HomeOwner,F,26000,91390,23MAR2005,Platinum,4,,,19,16.665384615
0,28,0,20,5,75,75,75,8,14,13,3,3,4,1,0,,787.87,44,HomeOwner,M,70000,63310,12JUL1999,Gold,,,,25,9.375
0,35,5,17,1,25,26.65,21.95,40,62,121,17,28,46,44,3,5.6,183.27,87,Unknown,F,209000,95290,,Platinum,1,,,,0.66625
1,19,4,21,2,60,48,42.85,12,31,36,6,15,15,7,2,9.5,312.78,68,HomeOwner,M,118000,67730,07NOV1980,Platinum,2,,,44,4
0,30,0,20,5,55,55,80.2,29,47,124,5,5,29,26,3,,513.57,150,Unknown,M,66000,107770,23OCT2005,Platinum,2,,,19,1.8965517241
0,46,1,17,3,80,76.65,40.8,13,34,77,6,16,32,19,3,10,701.49,152,HomeOwner,M,123000,77350,19MAY2001,Platinum,3,,,23,5.8961538462
0,28,0,19,3,80,65,65,11,25,21,5,5,10,2,0,,647.45,51,Unknown,F,80000,37700,02NOV1995,Platinum,,,,29,5.9090909091
0,35,1,17,5,125,125,125,11,16,14,5,7,6,1,1,25,1741.49,41,Unknown,M,43000,53690,10JUL1992,Gold,5,,,32,11.363636364
0,29,1,13,3,500,333.35,325,32,46,46,7,14,12,5,1,50,8651.73,52,HomeOwner,M,17000,179790,25APR1997,Platinum,5,,,27,10.4171875
0,42,2,24,3,125,77.5,77.5,13,26,24,6,12,10,2,2,15.5,949.28,52,HomeOwner,F,68000,171990,18JUL2001,Platinum,5,,,23,5.9615384615
0,32,2,16,3,65,57.5,58.35,12,19,18,5,8,7,3,2,11.5,484.83,47,HomeOwner,M,89000,56550,23OCT1996,Gold,3,,,28,4.7916666667
0,39,2,21,3,195,197.5,148,14,35,63,6,17,26,10,2,39.5,1743.23,111,Unknown,M,37000,92170,29DEC2001,Platinum,4,,,23,14.107142857
0,27,1,18,3,70,65,54.65,13,33,67,5,14,24,14,2,12,540.96,102,HomeOwner,M,94000,102960,09FEB2006,Platinum,2,,,19,5
0,48,1,19,3,100,100,80,13,34,63,6,16,27,7,2,20,829.7,128,HomeOwner,M,66000,134160,14DEC2005,Platinum,3,,,19,7.6923076923
0,14,1,21,3,85,82.5,70,17,38,67,8,18,28,13,2,17,707.37,93,HomeOwner,F,75000,777010,04APR1999,Platinum,3,,,25,4.8529411765
0,31,1,17,5,75,75,75,10,15,13,4,6,5,1,1,15,787.38,41,Unknown,F,70000,69030,15OCT2001,Gold,5,,,23,7.5
0,59,2,26,3,75,87.5,87.5,19,41,87,7,18,35,10,2,17.5,716.49,128,Unknown,M,61000,154440,13FEB2003,Platinum,3,,,22,4.6052631579
0,60,2,18,2,125,100,72.5,14,34,52,6,15,22,8,2,20,1122.97,112,HomeOwner,F,73000,159380,,Platinum,4,,,,7.1428571429
0,0,0,26,10,100,0,81.65,27,27,83,5,5,25,9,2,,667.83,138,Unknown,M,65000,101530,,Platinum,5,,,,0
0,27,1,16,5,100,100,100,12,17,14,5,7,6,1,1,20,1110.58,40,Unknown,M,54000,47970,,Gold,5,,,,8.3333333333
0,44,0,20,5,100,100,82.5,14,28,65,6,6,20,6,2,,1116.9,99,HomeOwner,M,64000,78260,25NOV2005,Platinum,5,,,19,7.1428571429
0,30,1,17,5,100,100,100,11,16,14,5,7,6,1,1,20,1123.83,41,Unknown,F,54000,67860,19MAR2002,Gold,5,,,22,9.0909090909
0,38,1,18,2,50,87.5,60.55,13,34,58,6,16,24,9,2,20,583.47,115,Unknown,F,86000,67860,25DEC1993,Platinum,3,,,31,6.7307692308
0,32,1,17,5,125,125,125,11,16,14,5,7,6,1,1,25,1752.96,41,HomeOwner,M,43000,105690,31MAY2001,Gold,5,,,23,11.363636364
0,34,7,18,1,50,45,40,14,33,60,6,17,23,32,3,8.57,278.01,92,Unknown,M,125000,73710,07NOV2000,Platinum,2,,,24,3.2142857143
0,0,4,18,1,60,51.1,46.1,9,30,56,4,15,23,23,3,9.25,391.94,107,Unknown,U,110000,87750,26JUN2002,Platinum,2,,,22,5.6777777778
0,38,0,26,10,90,0,53.15,26,26,76,5,5,21,8,2,,665.3,116,Unknown,M,97000,84890,28OCT1999,Platinum,3,,,25,0
0,23,1,24,5,100,100,100,7,17,15,3,7,6,1,1,20,1107.87,48,HomeOwner,F,54000,100100,15DEC1981,Gold,5,,,43,14.285714286
0,53,2,21,3,200,183.35,68.95,13,34,76,6,17,33,19,3,30,1737.14,154,HomeOwner,F,76000,773110,16OCT2006,Platinum,4,,,18,14.103846154
0,33,1,17,5,75,75,75,10,15,13,4,6,5,1,1,15,788.03,41,HomeOwner,F,70000,104130,26NOV1999,Gold,5,,,25,7.5
0,32,0,16,3,50,62.5,39.4,11,29,53,5,5,21,8,2,,539.52,111,Unknown,F,127000,186940,,Platinum,3,,,,5.6818181818
0,53,4,18,2,50,50,40.6,13,32,82,6,17,34,26,4,10,379.33,153,Unknown,F,123000,94510,12APR2006,Platinum,2,,,18,3.8461538462
0,25,2,5,3,140,90,70,21,42,83,7,17,25,15,2,21,966.9,111,HomeOwner,M,75000,93080,20MAR2005,Platinum,4,,,19,4.2857142857
0,45,2,22,3,75,67.5,51.25,11,29,39,5,12,14,4,2,13.5,537.33,74,Unknown,F,100000,76960,,Platinum,5,,,,6.1363636364
0,23,0,9,10,175,0,104.4,26,26,66,5,5,17,8,1,,667.1,92,Unknown,F,51000,0,08NOV1997,Platinum,5,,,27,0
1,31,1,17,5,75,75,75,10,15,14,4,6,5,1,1,15,586.56,41,Unknown,F,70000,91260,19JAN1998,Gold,5,,,27,7.5
0,43,1,18,2,50,57.5,53.45,13,34,70,6,16,29,13,2,12,394.22,136,HomeOwner,F,96000,87620,16JUN2005,Platinum,2,,,19,4.4230769231
0,31,1,24,5,75,75,75,7,17,15,3,7,6,1,1,15,778.27,48,HomeOwner,F,70000,91260,21APR1986,Gold,5,,,38,10.714285714
0,18,1,21,3,80,65,65,10,23,22,4,9,8,2,1,16,637.7,55,HomeOwner,F,80000,141700,02MAR1973,Platinum,5,,,51,6.5
1,48,1,17,3,50,33.35,31.15,13,32,65,6,15,27,13,3,10,255.63,137,Unknown,F,156000,171990,,Platinum,2,,,,2.5653846154
1,21,2,24,3,75,65,32,14,34,67,6,15,22,10,3,13,539.32,105,HomeOwner,M,152000,528840,18JUN2004,Platinum,3,,,20,4.6428571429
0,35,0,19,10,125,0,125,12,12,14,4,4,4,1,0,,662.86,43,Unknown,U,43000,62530,,Gold,,,,,0
0,76,1,18,2,80,61.25,122.8,32,52,93,6,15,18,21,2,5,391.82,80,Unknown,M,44000,70070,10NOV2002,Platinum,5,,,22,1.9140625
0,29,1,17,5,100,100,100,10,15,13,4,6,5,1,1,20,1113.39,41,Unknown,F,54000,99320,,Gold,5,,,,10
0,63,2,18,2,55,48.75,46.5,13,33,61,6,15,21,30,3,10,325.75,101,HomeOwner,F,109000,88010,06JAN1997,Platinum,2,,,28,3.75
0,42,0,15,5,100,125,112.5,13,18,15,5,5,6,2,0,,1755.85,40,Unknown,M,48000,38740,16FEB2001,Gold,,,,23,9.6153846154
0,33,4,16,2,90,91.25,75,16,36,61,6,16,21,10,2,18.25,578.49,89,Unknown,M,70000,117390,16JUN1996,Platinum,3,,,28,5.703125
1,33,1,17,5,125,125,125,13,18,16,5,7,6,1,1,25,1356.69,41,Unknown,M,43000,48360,,Gold,5,,,,9.6153846154
0,37,2,24,3,150,125,96.5,16,29,68,5,14,16,10,2,27.5,1749.81,76,Unknown,M,55000,104650,05MAY1994,Platinum,5,,,30,7.8125
0,46,2,20,3,155,138.35,88.65,13,34,58,6,17,22,11,2,28,1741.9,93,HomeOwner,U,60000,85540,10MAY2005,Platinum,4,,,19,10.642307692
0,36,2,19,2,100,55,50,21,39,55,9,18,21,6,2,6.5,381.48,64,HomeOwner,F,102000,151840,06MAY1986,Platinum,5,,,38,2.619047619
0,23,1,17,5,250,250,250,11,16,14,5,7,6,1,1,50,4251.64,41,HomeOwner,F,22000,101920,08JUN1986,Gold,5,,,38,22.727272727
0,52,1,17,3,100,112.5,75,24,43,91,6,15,22,9,2,20,829.7,103,HomeOwner,M,70000,145600,13JUN2005,Platinum,5,,,19,4.6875
0,15,0,16,5,75,75,75,11,16,13,4,4,5,1,0,,779.05,40,Unknown,M,70000,90870,21DEC1981,Gold,,,,43,6.8181818182
0,0,8,15,1,75,106.9,83.25,24,44,95,10,21,36,46,3,22.63,836.74,93,Unknown,F,64000,66820,26DEC1997,Platinum,3,,,27,4.4541666667
0,15,1,24,5,75,75,75,7,17,16,3,7,6,1,1,15,772.71,48,HomeOwner,F,70000,91130,,Gold,5,,,,10.714285714
0,46,1,20,3,75,50,30,12,32,34,6,15,14,5,2,5,500.37,64,HomeOwner,F,161000,105690,,Platinum,5,,,,4.1666666667
0,22,1,24,5,75,75,75,7,17,15,3,7,6,1,1,15,789.29,48,Unknown,M,70000,106340,07DEC1985,Gold,5,,,39,10.714285714
0,32,5,18,1,70,75.7,65.55,14,35,47,6,16,19,9,2,16,581.31,80,HomeOwner,F,80000,113100,06JUL2000,Platinum,2,,,24,5.4071428571
1,48,1,18,3,75,70,46.1,13,33,47,6,15,19,9,2,13,522.08,81,HomeOwner,M,110000,112190,14MAY2001,Platinum,3,,,23,5.3846153846
0,38,2,21,3,225,208.35,193.75,13,33,38,6,17,17,4,2,47.5,1736.66,69,HomeOwner,M,28000,58630,16MAY2007,Platinum,5,,,17,16.026923077
0,49,0,23,10,75,0,75,8,8,13,3,3,5,1,0,,486.61,47,HomeOwner,F,70000,101920,,Gold,,,,,0
0,30,0,25,3,125,83.35,80,26,44,59,5,5,13,5,1,,957.2,69,HomeOwner,M,66000,72150,19NOV2005,Platinum,5,,,19,3.2057692308
0,25,1,15,3,85,55,55,11,17,17,4,7,6,2,1,17,662,44,Unknown,F,94000,34710,01JUN1992,Gold,5,,,32,5
0,34,3,19,1,75,63.35,64.45,26,42,54,11,18,20,9,2,15,506.04,56,Unknown,F,81000,112840,,Platinum,3,,,,2.4365384615
0,54,1,22,3,125,133.35,99.2,13,35,76,6,17,28,19,3,25,1738.63,123,HomeOwner,F,54000,84630,20OCT2005,Platinum,4,,,19,10.257692308
0,37,0,4,10,50,0,53.75,28,28,90,4,4,26,12,3,,347.09,152,Unknown,F,96000,89830,20JUL2005,Platinum,2,,,19,0
0,35,1,17,5,125,125,125,11,16,14,5,7,6,1,1,25,1745.56,41,Unknown,M,43000,66300,,Gold,5,,,,11.363636364
0,65,3,15,2,50,53,47.3,14,35,56,5,15,22,13,3,11,393.83,100,HomeOwner,M,108000,101400,05MAY2002,Platinum,2,,,22,3.7857142857
0,40,0,15,5,80,80,80,7,9,9,2,2,3,1,0,,1085.78,39,Unknown,F,66000,32890,,Member,,,,,11.428571429
0,39,1,17,5,100,100,100,10,15,13,4,6,5,1,1,20,1117,41,HomeOwner,M,54000,76310,28APR1993,Gold,5,,,31,10
0,65,1,17,3,75,37.5,38,12,32,37,6,15,15,5,2,5,486.97,77,HomeOwner,F,131000,101400,09MAR1997,Platinum,5,,,27,3.125
0,35,3,18,2,75,65,38.15,13,33,74,6,17,34,19,3,12.33,505.59,150,HomeOwner,F,130000,46800,26DEC1950,Platinum,3,,,74,5
0,28,1,17,5,75,75,75,10,15,13,4,6,5,1,1,15,779.67,41,HomeOwner,M,70000,76310,09NOV1989,Gold,5,,,35,7.5
0,22,3,18,3,130,115,104.4,24,43,89,6,15,21,8,2,23,1117.55,100,Unknown,F,51000,50960,,Platinum,5,,,,4.7916666667
0,33,1,24,5,75,75,75,7,17,15,3,7,6,1,1,15,780.52,48,HomeOwner,M,70000,102830,26JUN2001,Gold,5,,,23,10.714285714
0,35,1,22,3,75,61.65,33.15,12,32,67,6,15,30,16,3,15,490.25,152,Unknown,F,147000,46800,17JUL2007,Platinum,3,,,17,5.1375
0,37,0,16,5,200,200,200,12,17,14,5,5,6,1,0,,1740.45,40,HomeOwner,F,27000,52130,,Gold,,,,,16.666666667
1,30,3,6,1,100,60,54.6,29,49,76,11,20,27,13,2,11.67,274.51,92,HomeOwner,F,94000,115570,,Platinum,3,,,,2.0689655172
0,18,1,16,5,75,75,75,13,18,15,4,6,5,1,1,15,771.55,40,Unknown,F,70000,112190,30NOV1988,Gold,5,,,36,5.7692307692
0,31,0,26,10,90,0,106.65,27,27,94,5,5,26,21,3,,669.87,129,HomeOwner,F,50000,110890,22DEC1995,Platinum,3,,,29,0
0,34,1,18,3,160,161.65,152.5,13,34,35,6,16,15,4,1,35,1738.25,63,HomeOwner,F,36000,129350,19MAY1990,Platinum,5,,,34,12.434615385
0,20,8,7,1,20,38.2,36.95,29,50,95,11,22,38,28,3,8,236.25,148,HomeOwner,M,134000,23790,16JUL2002,Platinum,1,,,22,1.3172413793
0,21,1,17,5,115,115,115,11,16,14,5,7,6,1,1,23,1112.35,41,HomeOwner,F,47000,45110,10JUL1992,Gold,5,,,32,10.454545455
0,26,1,21,5,110,110,80,5,13,17,2,6,8,2,2,22,1112.56,68,Unknown,M,66000,308750,27FEB1979,Member,5,,,45,22
0,36,3,19,1,50,46.65,39.7,13,34,56,5,15,21,17,3,8.67,282.04,89,Unknown,F,126000,92300,03APR1989,Platinum,2,,,35,3.5884615385
0,34,3,20,3,75,75,68.9,13,32,46,6,17,19,9,2,15,698.04,78,HomeOwner,F,76000,174590,05JUL1992,Platinum,3,,,32,5.7692307692
0,28,1,20,5,100,100,100,11,18,16,4,7,6,1,1,20,1111.69,44,Unknown,M,54000,112320,31MAR1978,Gold,5,,,46,9.0909090909
0,26,1,25,5,155,155,67.5,5,13,20,1,5,8,8,2,31,1750.4,77,Unknown,F,78000,84500,13JUN1997,Member,4,,,27,31
0,41,1,17,3,150,125,88.75,13,31,61,6,15,27,8,2,30,1739.2,149,HomeOwner,F,60000,70590,21FEB1996,Platinum,4,,,28,9.6153846154
0,49,0,7,10,60,0,55.35,26,26,82,5,5,23,15,2,,494.9,110,HomeOwner,M,93000,54080,,Platinum,2,,,,0
0,16,1,21,5,75,75,75,8,15,13,3,6,5,1,1,15,778.96,45,Unknown,M,70000,56030,,Gold,5,,,,9.375
0,36,1,19,3,120,85,58.75,5,13,17,2,6,8,4,2,24,961.12,69,HomeOwner,F,88000,144950,,Member,5,,,,17
0,26,1,15,5,100,100,100,12,17,15,5,7,6,2,1,20,1109.75,41,HomeOwner,M,54000,96850,26FEB2000,Gold,5,,,24,8.3333333333
0,35,3,19,2,100,70,54.3,13,34,70,6,17,30,14,3,13.33,498.31,136,HomeOwner,F,95000,72540,05MAR2005,Platinum,3,,,19,5.3846153846
0,51,2,19,2,100,100,66.8,15,36,63,6,16,28,11,2,20,836.72,126,HomeOwner,U,78000,106860,21DEC2003,Platinum,3,,,21,6.6666666667
0,33,2,18,3,125,108.35,97.5,13,33,74,6,17,32,18,3,22.5,1116.93,150,HomeOwner,M,55000,133510,09FEB2000,Platinum,4,,,25,8.3346153846
0,47,1,15,5,100,100,100,8,10,10,3,4,4,1,1,20,1108.83,39,HomeOwner,F,54000,109850,09JAN1998,Member,5,,,27,12.5
0,35,3,8,1,50,42.15,39.75,20,38,73,9,18,28,20,3,8.33,276.07,147,HomeOwner,F,126000,49400,07JUN1998,Platinum,2,,,26,2.1075
0,32,1,18,3,75,88.35,88.35,12,28,27,6,13,11,3,1,25,711.84,56,HomeOwner,M,60000,54730,19DEC2005,Platinum,5,,,19,7.3625
0,55,2,18,2,60,53.75,38.35,15,33,77,6,14,28,15,3,10.5,386.11,137,HomeOwner,M,130000,94900,25MAY2004,Platinum,2,,,20,3.5833333333
0,0,0,16,5,20,50,31.65,13,19,18,5,5,6,3,0,,380.32,44,Unknown,F,153000,91650,25NOV1988,Gold,,,,36,3.8461538462
0,35,1,19,3,75,72.5,45.9,13,32,66,6,16,26,11,2,14,551.96,123,HomeOwner,M,111000,111670,25JAN2003,Platinum,3,,,22,5.5769230769
1,33,1,15,5,125,125,125,8,10,10,3,4,4,1,1,25,1356.69,39,HomeOwner,M,43000,223210,31MAR1995,Member,5,,,29,15.625
0,31,1,19,3,75,65,51.65,10,26,26,4,11,11,3,2,11,537.96,62,Unknown,F,99000,156910,,Platinum,5,,,,6.5
0,0,3,18,2,50,42,37.5,13,33,53,6,16,21,14,3,8.67,316.9,89,HomeOwner,F,132000,70200,04JUN1990,Platinum,2,,,34,3.2307692308
0,45,0,26,10,50,0,64.6,27,27,90,4,4,26,13,2,,345.18,127,HomeOwner,F,81000,76960,22JAN2002,Platinum,2,,,23,0
0,29,1,17,5,125,125,125,12,17,15,5,7,6,1,1,25,1748.04,41,Unknown,F,43000,125710,15NOV1991,Gold,5,,,33,10.416666667
0,61,1,16,2,50,61.25,49.05,13,33,81,6,15,30,21,3,12,383.27,149,HomeOwner,U,104000,82030,13JAN2006,Platinum,2,,,19,4.7115384615
0,35,1,23,5,100,100,100,9,19,17,3,7,6,1,1,20,1119.04,47,Unknown,M,54000,93600,,Gold,5,,,,11.111111111
0,50,2,18,3,85,78.35,65,12,31,32,6,15,14,4,2,15,710.47,65,Unknown,M,80000,82550,,Platinum,5,,,,6.5291666667
1,24,5,21,1,15,18.15,17.6,10,32,75,5,16,31,31,3,3.6,167.4,152,Unknown,F,249000,73190,05NOV2005,Platinum,1,,,19,1.815
0,20,1,18,2,75,43.75,38.55,20,34,54,10,16,21,7,2,5,322.1,99,Unknown,F,129000,64610,,Platinum,5,,,,2.1875
0,43,1,16,3,75,91.65,57.5,13,34,60,6,16,24,12,2,15,712.17,110,HomeOwner,F,90000,71370,23JUL2003,Platinum,3,,,21,7.05
1,40,4,22,2,55,57,57,12,31,30,6,15,13,5,2,11.25,253.19,56,HomeOwner,F,91000,194350,12OCT1995,Platinum,2,,,29,4.75
0,40,1,18,5,125,125,125,10,14,11,4,6,5,1,1,25,1748.11,42,Unknown,M,43000,63570,,Gold,5,,,,12.5
0,27,1,19,3,75,70,47.75,13,31,61,5,14,22,11,2,13,547.4,99,HomeOwner,F,107000,89310,,Platinum,3,,,,5.3846153846
0,35,0,20,5,100,100,100,10,16,15,4,4,5,1,0,,1108.94,44,Unknown,M,54000,45370,,Gold,,,,,10
0,44,2,17,3,60,53.35,39.35,14,34,67,6,15,29,15,3,11,500.95,146,Unknown,M,127000,70980,01JUL2006,Platinum,2,,,18,3.8107142857
0,30,1,17,5,100,100,100,10,15,14,4,6,5,1,1,20,1111.67,41,Unknown,F,54000,61620,,Gold,5,,,,10
0,21,0,18,3,125,125,50.65,15,37,77,6,6,32,16,3,,1742.1,146,Unknown,F,101000,51870,23OCT2001,Platinum,4,,,23,8.3333333333
0,52,2,18,3,75,50,33,14,31,37,6,13,13,5,2,10,492.23,77,Unknown,F,148000,114660,,Platinum,5,,,,3.5714285714
0,32,1,15,3,100,75,75,15,30,40,5,10,13,4,2,12,701.94,76,Unknown,M,70000,109980,,Platinum,5,,,,5
0,42,4,24,2,45,48,36.45,11,31,44,6,17,21,17,3,9.5,279.98,81,Unknown,F,136000,114400,18APR1996,Platinum,2,,,28,4.3636363636
0,33,3,16,2,75,63.75,61,15,30,29,6,14,12,5,2,13.33,506.75,53,Unknown,F,85000,67860,,Platinum,5,,,,4.25
0,0,1,17,5,100,100,100,10,15,13,4,6,5,1,1,20,1124.3,41,Unknown,F,54000,85540,23OCT2004,Gold,5,,,20,10
0,25,1,23,5,85,85,58.35,12,32,63,6,15,26,9,2,17,1076.56,129,Unknown,F,89000,60840,17JUN1989,Platinum,3,,,35,7.0833333333
1,32,1,17,3,75,87.5,75,14,31,41,6,14,16,4,2,15,599.06,77,Unknown,F,70000,64740,,Platinum,5,,,,6.25
0,35,1,18,1,50,49.15,49.3,24,40,52,11,18,20,7,1,13,290.42,56,HomeOwner,F,104000,27430,02JUL1998,Platinum,3,,,26,2.0479166667
0,28,1,16,5,90,90,90,11,16,13,4,6,5,1,1,18,1086.59,40,HomeOwner,F,59000,62530,11FEB1986,Gold,5,,,39,8.1818181818
1,33,4,17,2,110,111,74.1,15,35,76,6,16,31,17,3,21.25,817.7,128,Unknown,U,71000,79040,20JAN2006,Platinum,3,,,19,7.4
0,47,2,19,3,75,37.5,50,13,26,23,6,12,10,3,2,7.5,496.42,51,HomeOwner,M,102000,86970,28FEB1997,Gold,5,,,27,2.8846153846
0,20,1,5,5,500,500,236.9,29,47,67,6,15,21,8,2,100,8646.28,85,Unknown,M,23000,78000,,Platinum,5,,,,17.24137931
0,60,2,20,3,75,71.65,53.15,13,33,51,6,15,20,8,2,15,540.7,89,HomeOwner,M,97000,88530,22JAN1994,Platinum,3,,,31,5.5115384615
0,34,4,18,1,90,54.15,30.5,12,31,71,5,16,26,42,3,9.75,394.15,117,HomeOwner,U,158000,81250,,Platinum,3,,,,4.5125
0,48,3,18,2,55,55,43.55,13,32,56,6,16,22,14,3,11,382.2,101,HomeOwner,F,116000,91910,02NOV2000,Platinum,2,,,24,4.2307692308
0,25,0,26,10,80,0,52.25,11,11,59,4,4,21,11,2,,676.11,112,HomeOwner,F,98000,94250,19MAR1989,Platinum,3,,,35,0
0,54,3,16,3,160,141.65,96.65,16,36,65,6,17,26,12,3,28.33,1755.66,112,HomeOwner,M,55000,98020,19JUL2005,Platinum,4,,,19,8.853125
0,30,1,16,3,250,250,157.5,13,32,43,6,15,18,4,2,50,4249.19,80,Unknown,F,35000,44460,28MAY2006,Platinum,5,,,18,19.230769231
0,40,1,18,3,125,100,90,13,34,40,6,16,16,5,2,20,1123.93,69,HomeOwner,M,59000,118040,16JUN1994,Platinum,5,,,30,7.6923076923
0,21,3,15,1,25,34.4,33.85,23,38,50,11,18,19,13,2,7,230.47,56,Unknown,F,145000,31200,10JUL1977,Platinum,1,,,47,1.4956521739
0,56,3,17,2,50,38.75,24.35,15,36,62,6,17,27,15,3,7.67,325.35,129,HomeOwner,M,192000,130260,13NOV2003,Platinum,2,,,21,2.5833333333
0,30,2,17,3,250,187.5,187.5,8,23,21,4,11,9,2,2,37.5,1749.39,59,HomeOwner,M,29000,240500,12OCT1996,Platinum,5,,,28,23.4375
0,61,1,18,3,125,85,61.65,13,24,22,6,12,11,3,2,9,950.34,64,Unknown,F,84000,67730,,Platinum,5,,,,6.5384615385
0,25,1,23,3,100,105,86.9,13,34,61,6,16,23,8,2,20,825.41,105,HomeOwner,F,61000,80730,24APR1997,Platinum,5,,,27,8.0769230769
0,38,0,16,5,80,80,80,13,18,15,4,4,5,1,0,,1078.95,40,HomeOwner,M,66000,54080,14JUN1998,Gold,,,,26,6.1538461538
0,24,4,12,2,100,129,87.05,29,51,111,11,22,40,30,3,23.25,1745.81,113,HomeOwner,F,61000,222170,02AUG2003,Platinum,3,,,21,4.4482758621
0,40,0,20,5,125,125,125,8,14,12,3,3,4,1,0,,1755.58,44,HomeOwner,M,43000,47970,08DEC1997,Gold,,,,27,15.625
0,29,2,15,2,90,83,70.7,27,48,89,11,21,32,14,2,14.5,578.45,98,HomeOwner,F,74000,52650,25OCT1995,Platinum,3,,,29,3.0740740741
0,60,1,15,3,150,100,55.3,16,37,75,6,16,29,16,3,20,1123.33,153,HomeOwner,F,93000,59800,,Platinum,4,,,,6.25
1,31,2,17,2,50,39,36.9,13,34,37,6,16,16,8,2,8,421.06,67,HomeOwner,F,134000,88530,26OCT1992,Platinum,2,,,32,3
0,0,2,20,3,55,43.35,39.15,13,33,65,6,15,27,18,3,7.5,339.1,150,HomeOwner,F,127000,112450,,Platinum,2,,,,3.3346153846
0,26,1,21,3,90,85,56.65,5,23,56,2,10,22,9,2,16,704.51,129,HomeOwner,F,91000,133120,03MAY1999,Platinum,3,,,25,17
0,22,1,20,3,75,50,43.75,13,29,34,6,13,13,4,1,10,500.48,68,Unknown,F,115000,96460,,Platinum,5,,,,3.8461538462
0,32,3,21,3,125,108.35,108.35,13,26,25,6,13,11,3,2,21.67,1117.18,53,HomeOwner,M,50000,112450,07NOV1988,Platinum,5,,,36,8.3346153846
0,32,1,26,3,50,60,36.8,10,32,48,5,16,21,14,2,6,589.47,88,HomeOwner,F,135000,72670,24NOV1999,Platinum,2,,,25,6
0,38,1,17,3,125,112.5,83.35,13,32,33,6,15,14,3,1,25,1121.13,63,HomeOwner,M,64000,78130,,Platinum,5,,,,8.6538461538
0,39,1,21,5,75,75,75,8,15,13,3,6,5,1,1,15,778.44,45,HomeOwner,M,70000,45500,30OCT1999,Gold,5,,,25,9.375
0,32,2,17,3,75,55,61.65,13,30,28,6,14,12,3,2,11,492.4,57,HomeOwner,F,84000,84630,25OCT1991,Platinum,5,,,33,4.2307692308
0,38,3,18,2,60,85,71.45,13,32,31,6,16,14,7,2,15,586.2,60,Unknown,F,74000,59280,05JUN2006,Platinum,3,,,18,6.5384615385
0,33,2,17,3,50,45,27.75,13,31,56,6,15,23,11,3,10.5,340.83,129,Unknown,M,172000,268970,14FEB2007,Platinum,2,,,18,3.4615384615
0,15,1,16,5,75,75,75,11,16,13,4,6,5,1,1,15,783.45,40,HomeOwner,M,70000,61620,21OCT1994,Gold,5,,,30,6.8181818182
0,24,4,18,1,30,31.1,27.4,13,35,59,6,17,23,27,3,5.5,213.07,92,HomeOwner,M,174000,84240,17JUN2002,Platinum,1,,,22,2.3923076923
0,15,1,24,5,100,100,100,7,17,15,3,7,6,1,1,20,1123.78,48,HomeOwner,F,54000,74750,14FEB1987,Gold,5,,,38,14.285714286
0,38,4,18,1,90,63.35,61.8,26,41,52,11,18,19,11,2,10.75,508.3,56,Unknown,M,84000,79170,,Platinum,3,,,,2.4365384615
0,37,1,18,2,45,39,27.2,13,34,70,6,16,32,27,3,7,281.19,149,HomeOwner,F,175000,109070,06APR2005,Platinum,2,,,19,3
0,35,3,21,2,50,32,22.75,12,32,81,5,15,32,31,3,6.67,317.01,148,Unknown,F,203000,66560,17FEB2003,Platinum,2,,,21,2.6666666667
0,29,1,17,5,100,100,100,10,15,13,4,6,5,1,1,20,1114.14,41,Unknown,F,54000,57720,,Gold,5,,,,10
0,34,1,23,5,135,135,110,7,26,50,4,13,19,6,2,27,1749.57,99,Unknown,F,49000,98410,,Platinum,4,,,,19.285714286
0,39,2,16,3,125,75,75,14,26,23,5,10,9,2,2,15,961.88,52,Unknown,M,70000,152490,,Platinum,5,,,,5.3571428571
0,30,3,4,3,25,113.35,59.15,17,34,55,8,17,20,23,2,22.67,823.58,115,HomeOwner,F,88000,266370,,Gold,1,,,,6.6676470588
0,34,0,23,10,100,0,100,8,8,13,3,3,5,1,0,,668.19,47,Unknown,M,54000,28470,07MAY2006,Gold,,,,18,0
0,24,0,16,5,100,100,58.35,11,26,29,5,5,12,3,2,,1113.36,69,Unknown,F,89000,71760,,Platinum,5,,,,9.0909090909
0,24,1,22,3,200,162.5,116.65,13,28,36,6,13,14,3,2,40,1745.14,76,HomeOwner,M,46000,215800,16DEC1996,Platinum,5,,,28,12.5
0,51,1,24,5,125,125,125,9,19,17,4,8,7,1,1,25,1737.33,48,HomeOwner,F,43000,58500,,Gold,5,,,,13.888888889
0,49,1,20,3,125,112.5,65.7,15,36,75,6,16,32,14,3,25,1121.09,154,HomeOwner,M,80000,96460,16JUL2005,Platinum,4,,,19,7.5
0,29,4,19,1,60,49.3,45.75,24,42,59,11,20,24,13,3,8.5,282.06,65,Unknown,M,111000,122590,,Platinum,2,,,,2.0541666667
0,14,1,15,2,175,115,96.65,13,35,38,6,17,17,6,2,17,1119.27,64,Unknown,F,55000,87750,,Platinum,5,,,,8.8461538462
0,33,0,19,5,100,100,66.65,29,48,86,6,6,27,9,2,,1114.06,145,HomeOwner,F,79000,55900,,Platinum,3,,,,3.4482758621
0,41,0,20,5,75,75,75,8,15,12,3,3,5,1,0,,782.25,44,Unknown,F,70000,55510,18MAR1955,Gold,,,,69,9.375
0,26,1,16,3,125,125,88,12,29,54,5,13,21,5,2,25,1740.96,112,HomeOwner,F,60000,99190,16APR1996,Platinum,4,,,28,10.416666667
0,35,1,15,5,50,15,31.65,11,14,14,4,6,5,3,1,3,336.11,41,Unknown,M,153000,49660,,Gold,3,,,,1.3636363636
0,33,0,15,5,75,75,75,7,9,9,2,2,3,1,0,,777.38,39,HomeOwner,M,70000,556400,10DEC1999,Member,,,,25,10.714285714
0,31,1,25,3,50,56.65,100.85,10,31,70,5,15,29,12,3,10,387.7,124,HomeOwner,F,53000,139490,31JAN2006,Platinum,2,,,19,5.665
0,53,1,26,3,75,66.65,57.5,11,32,69,5,16,29,20,3,10,540.19,136,Unknown,M,90000,107770,25JAN2007,Platinum,3,,,18,6.0590909091
0,38,1,18,3,110,105,62.2,13,34,73,6,16,31,9,2,20,1120.12,152,Unknown,M,84000,285480,22JUN1994,Platinum,3,,,30,8.0769230769
0,23,0,18,10,75,0,95,29,29,91,6,6,27,9,2,,495.16,149,Unknown,F,56000,61880,,Platinum,3,,,,0
0,45,1,17,5,100,100,100,11,16,14,5,7,6,1,1,20,1121.24,41,HomeOwner,F,54000,101140,25MAY2000,Gold,5,,,24,9.0909090909
0,46,6,18,1,50,50,48.7,14,33,64,6,17,26,19,3,10,391.11,114,Unknown,M,105000,278590,22NOV2006,Platinum,2,,,18,3.5714285714
0,31,1,21,5,75,75,75,8,15,13,3,6,5,1,1,15,788.45,45,Unknown,M,70000,58110,10MAY1955,Gold,5,,,69,9.375
0,25,2,16,3,60,55,47.5,14,22,19,6,10,8,4,2,11,483.41,45,HomeOwner,F,107000,98930,01MAR1998,Gold,3,,,26,3.9285714286
0,48,2,17,2,75,71.25,47.5,15,36,68,6,17,29,14,3,15,496.36,129,Unknown,M,107000,247260,25MAY2003,Platinum,3,,,21,4.75
0,38,1,15,3,80,68.35,68.35,12,25,24,5,11,11,3,1,10,647.52,53,Unknown,F,77000,83070,05MAY1997,Platinum,5,,,27,5.6958333333
0,32,0,19,5,125,125,125,11,17,17,4,4,5,1,0,,1746.51,43,Unknown,M,43000,150280,,Gold,,,,,11.363636364
0,28,2,6,3,60,58.35,59.1,25,43,83,10,19,31,11,3,12.5,487.44,101,Unknown,F,88000,75920,07JUN2001,Platinum,2,,,23,2.334
0,38,1,23,5,75,75,75,9,19,18,3,7,6,1,1,15,789.58,47,HomeOwner,F,70000,73060,17NOV1967,Gold,5,,,57,8.3333333333
0,59,1,15,3,125,100,100,12,19,17,5,8,7,2,1,15,1116.22,45,Unknown,F,54000,239980,18APR2002,Gold,5,,,22,8.3333333333
0,45,1,24,5,75,75,75.45,11,31,82,6,15,32,22,3,15,776.63,151,Unknown,F,70000,292500,10FEB2006,Platinum,3,,,19,6.8181818182
0,35,1,17,3,60,61.65,45.85,13,34,83,6,17,35,29,3,12,494.4,150,Unknown,M,111000,57330,14MAR2006,Platinum,2,,,18,4.7423076923
0,0,1,16,3,105,98.35,65.4,12,30,55,6,16,23,12,2,21,965.09,103,Unknown,U,80000,95160,16MAR2007,Platinum,3,,,17,8.1958333333
0,30,2,15,3,75,61.65,52.5,10,27,29,5,12,12,4,2,11,502.42,64,HomeOwner,F,98000,190060,28JUN2004,Platinum,5,,,20,6.165
0,20,1,17,5,115,115,115,11,16,14,5,7,6,1,1,23,1122.39,41,HomeOwner,F,47000,162630,30APR1992,Gold,5,,,32,10.454545455
0,0,2,6,1,75,97.6,67.3,27,47,100,10,21,37,23,2,20.5,585.58,92,Unknown,F,78000,114790,,Platinum,3,,,,3.6148148148
0,43,1,26,3,150,137.5,75.55,11,31,64,5,16,27,9,2,25,1755.5,123,Unknown,M,70000,190320,25NOV2004,Platinum,4,,,20,12.5
0,16,1,18,3,125,125,100,13,35,54,6,17,21,5,2,25,1747.8,89,HomeOwner,M,54000,158730,12JAN1997,Platinum,5,,,28,9.6153846154
0,48,3,17,2,50,27.5,23,13,30,66,6,15,29,15,3,6,311.37,149,Unknown,F,201000,140140,25JAN2005,Platinum,2,,,20,2.1153846154
0,30,1,18,3,50,45,27.5,12,31,77,5,13,30,20,3,8,352.88,154,Unknown,M,173000,153140,18JAN1993,Platinum,2,,,32,3.75
0,66,2,16,3,50,66.65,50.7,15,35,80,6,16,33,22,3,15,550.94,154,HomeOwner,M,101000,74100,23JAN2004,Platinum,2,,,21,4.4433333333
1,44,1,24,3,85,85,67.5,11,31,40,6,15,18,4,2,17,656.64,75,Unknown,F,78000,94640,24FEB2005,Platinum,5,,,19,7.7272727273
0,35,0,16,5,125,125,125,12,17,14,5,5,6,1,0,,1745.53,40,Unknown,M,43000,34580,27NOV2002,Gold,,,,22,10.416666667
0,37,2,7,2,30,46,36.5,22,41,62,9,18,23,10,2,7,282.35,76,Unknown,M,136000,202410,30JUN1996,Platinum,2,,,28,2.0909090909
1,31,1,18,3,75,50,50,10,23,21,4,9,8,2,1,5,490.33,53,HomeOwner,F,102000,58760,10MAY1999,Platinum,5,,,25,5
0,45,2,18,2,60,48,35.7,15,37,65,6,17,24,21,3,8,322.06,100,Unknown,F,138000,83590,01MAR2004,Platinum,2,,,20,3.2
0,33,1,23,5,125,125,125,10,17,15,4,7,6,1,1,25,1741.95,47,HomeOwner,M,43000,30420,13MAY2004,Gold,5,,,20,12.5
0,47,2,15,1,75,75,63.85,13,34,51,6,17,20,13,2,15,585.82,80,Unknown,F,82000,85800,22JUN1998,Platinum,3,,,26,5.7692307692
0,45,2,17,3,100,80,52.85,15,34,50,6,15,18,7,2,16,708.29,105,Unknown,F,97000,83590,05NOV2000,Platinum,5,,,24,5.3333333333
0,34,2,18,3,100,83.35,83.35,13,31,28,6,14,12,3,2,15,697.78,56,HomeOwner,M,64000,91780,01NOV1995,Platinum,5,,,29,6.4115384615
0,39,1,21,3,75,61.65,61.65,11,26,27,5,12,10,3,1,15,502.24,56,HomeOwner,F,84000,111410,09FEB2004,Platinum,5,,,21,5.6045454545
0,18,0,26,10,90,0,53.45,27,27,91,5,5,27,16,3,,668.14,137,HomeOwner,F,96000,107120,22APR2000,Platinum,3,,,24,0
0,40,0,15,3,130,100,71,13,30,33,6,6,13,5,1,,1125.52,69,Unknown,F,74000,63830,22OCT1999,Platinum,5,,,25,7.6923076923
0,34,2,22,2,50,118.75,157.15,13,35,57,6,17,22,7,2,10,839.45,93,Unknown,F,35000,86970,05JUL2004,Platinum,2,,,20,9.1346153846
0,30,1,17,5,100,100,100,10,15,13,4,6,5,1,1,20,1115.09,41,Unknown,F,54000,80080,,Gold,5,,,,10
0,42,1,17,5,100,100,100,10,15,13,4,6,5,1,1,20,1113.57,41,HomeOwner,M,54000,216060,20JUN1999,Gold,5,,,25,10
0,47,1,18,3,105,90,90,11,26,24,5,11,10,2,1,15,968.42,56,HomeOwner,M,59000,93860,07FEB1984,Platinum,5,,,41,8.1818181818
0,31,1,24,3,75,50,41.25,10,29,32,5,13,13,4,2,5,495.58,66,HomeOwner,F,122000,69420,23MAY1993,Platinum,5,,,31,5
0,0,1,20,5,115,115,115,10,17,15,4,7,6,1,1,23,1118.09,44,Unknown,M,47000,33800,14JUN1993,Gold,5,,,31,11.5
0,46,0,18,3,50,50,39.25,12,32,85,6,6,34,30,3,,398.82,149,HomeOwner,U,127000,90480,03MAR2002,Platinum,2,,,22,4.1666666667
0,47,4,20,2,100,81.25,57.85,13,34,59,6,16,24,14,3,16.25,578.9,116,Unknown,F,89000,111020,25OCT1994,Platinum,3,,,30,6.25
0,49,3,20,3,175,125,125,13,27,26,6,13,11,3,2,25,1749.56,53,HomeOwner,F,43000,63960,15JUL1989,Platinum,5,,,35,9.6153846154
0,48,1,17,5,100,100,100,10,15,13,4,6,5,1,1,20,1121.7,41,HomeOwner,F,54000,136110,,Gold,5,,,,10
0,0,2,18,2,50,27,26.9,10,30,56,5,15,21,16,3,7,317.15,101,Unknown,M,176000,107900,,Platinum,2,,,,2.7
0,41,1,26,2,140,128,86.2,11,33,61,5,16,24,21,3,25,1746.71,115,HomeOwner,F,62000,73060,27FEB2003,Platinum,4,,,21,11.636363636
0,49,2,25,3,300,275,146,11,33,43,6,17,18,5,2,55,13995.33,77,HomeOwner,M,37000,71500,04JUL1983,Platinum,4,,,41,25
0,26,0,20,5,100,100,100,10,16,15,4,4,5,1,0,,1110.37,44,Unknown,F,54000,47060,28JUN2000,Gold,,,,24,10
0,28,2,16,3,125,187.5,111.1,12,23,59,5,13,28,9,3,37.5,1736.41,151,HomeOwner,M,48000,86710,17MAY2002,Platinum,4,,,22,15.625
0,40,1,21,5,75,75,75,8,14,12,3,6,5,1,1,15,784.32,45,Unknown,U,70000,105040,,Gold,5,,,,9.375
0,44,4,18,1,75,62.5,51.35,14,34,52,6,17,21,15,3,13.25,506,87,HomeOwner,F,100000,60840,17JUL2005,Platinum,3,,,19,4.4642857143
0,34,1,21,5,100,100,100,10,17,15,4,7,6,1,1,20,1120.88,45,Unknown,F,54000,33410,30DEC2004,Gold,5,,,20,10
0,32,1,11,2,1000,393.75,259.4,30,46,61,11,19,23,8,2,200,8634.49,100,HomeOwner,M,21000,43680,07DEC2004,Platinum,5,,,20,13.125
0,49,2,17,3,75,70,61.65,13,30,49,6,15,20,9,3,14,551.24,93,HomeOwner,F,84000,63960,21JAN1955,Platinum,3,,,70,5.3846153846
0,32,3,21,2,50,70,67.9,13,34,77,6,17,30,24,3,13.33,421.79,129,Unknown,F,77000,114660,08DEC2006,Platinum,2,,,18,5.3846153846
0,34,1,16,5,75,75,75,11,16,13,4,6,5,1,1,15,774.37,40,HomeOwner,F,70000,44200,28JAN1986,Gold,5,,,39,6.8181818182
0,50,5,17,1,50,40.7,37.2,16,35,39,6,15,14,9,2,8.4,281.94,65,HomeOwner,M,133000,180180,,Platinum,2,,,,2.54375
1,34,6,20,1,50,36.65,33.65,13,34,38,6,16,15,11,3,6.67,351.56,65,Unknown,M,146000,71630,01JUN1990,Platinum,2,,,34,2.8192307692
0,0,4,5,2,150,125,126.35,31,52,81,11,21,28,11,3,25,1753.4,83,HomeOwner,F,43000,192270,,Platinum,4,,,,4.0322580645
0,30,2,17,3,150,110,82.5,13,29,39,6,13,15,4,2,22,1114.92,79,HomeOwner,F,64000,110890,09APR2001,Platinum,5,,,23,8.4615384615
0,38,1,18,3,75,100,58.5,13,35,62,6,17,25,10,2,20,827.37,128,Unknown,M,89000,65390,,Platinum,3,,,,7.6923076923
0,42,1,23,3,50,50,32.5,12,30,68,6,14,28,12,2,10,397.71,146,HomeOwner,F,150000,53170,22APR2007,Platinum,2,,,17,4.1666666667
0,43,1,18,3,50,50,50,12,23,22,6,11,9,3,1,10,393.06,47,Unknown,M,102000,193830,,Gold,3,,,,4.1666666667
0,33,1,21,5,75,75,75,8,15,13,3,6,5,1,1,15,788.84,45,HomeOwner,M,70000,53040,22JUL1970,Gold,5,,,54,9.375
0,37,1,4,3,500,275,376.9,29,50,109,6,17,24,13,2,60,8632.53,99,HomeOwner,M,15000,468520,,Platinum,4,,,,9.4827586207
1,38,4,22,1,50,57.85,53,12,33,36,6,16,15,10,2,12.25,293.67,64,HomeOwner,F,97000,51090,23NOV2004,Platinum,2,,,20,4.8208333333
0,36,0,18,3,125,187.5,141.65,13,35,36,6,6,16,3,1,,1743.58,64,Unknown,F,38000,118040,,Platinum,5,,,,14.423076923
0,28,1,16,5,175,175,175,11,16,14,4,6,6,1,1,35,1753.11,40,HomeOwner,M,31000,42770,30JUN2000,Gold,5,,,24,15.909090909
0,41,5,23,1,95,79.15,61.65,12,32,43,6,17,19,12,3,16,582.48,76,Unknown,U,84000,61880,,Platinum,3,,,,6.5958333333
0,27,1,20,5,100,100,100,10,16,14,4,7,6,1,1,20,1116.59,44,Unknown,F,54000,45110,,Gold,5,,,,10
0,29,1,19,3,125,87.5,87.5,13,29,26,6,13,11,2,1,10,949.11,57,HomeOwner,M,61000,90220,16JAN2003,Platinum,5,,,22,6.7307692308
0,28,0,18,3,150,137.5,117.85,13,35,60,6,6,25,7,2,,1737.62,112,Unknown,F,46000,38480,,Platinum,5,,,,10.576923077
0,33,0,5,10,125,0,93.5,38,38,102,6,6,27,20,3,,666.77,129,HomeOwner,F,57000,67600,,Platinum,4,,,,0
0,37,1,16,5,75,75,75,11,16,13,4,6,5,1,1,15,781.1,40,HomeOwner,F,70000,47450,24JUL1981,Gold,5,,,43,6.8181818182
0,20,2,24,3,75,75,51.65,12,34,49,6,17,21,6,2,15,707.08,100,HomeOwner,F,99000,79430,16JAN1999,Platinum,5,,,26,6.25
0,42,2,21,3,60,50,45,12,34,43,6,17,19,10,2,10,493.94,78,HomeOwner,F,113000,80080,16MAR1993,Platinum,2,,,31,4.1666666667
0,28,6,12,1,45,48.15,38.4,28,49,98,11,21,37,34,3,9.5,239.5,92,HomeOwner,F,130000,240370,11APR2005,Platinum,2,,,19,1.7196428571
0,28,1,16,5,115,115,115,13,18,15,5,7,6,1,1,23,1125.51,40,Unknown,U,47000,41860,,Gold,5,,,,8.8461538462
0,40,1,24,5,100,100,61.35,11,31,76,6,15,31,15,3,20,1123.38,149,HomeOwner,F,85000,74490,,Platinum,3,,,,9.0909090909
0,45,3,16,1,35,30,30,12,28,29,6,13,11,6,2,5.67,203.52,56,HomeOwner,M,161000,114660,13MAY2001,Platinum,2,,,23,2.5
0,14,0,12,5,100,100,89.15,25,40,71,5,5,19,6,2,,1108.77,107,HomeOwner,M,60000,227240,11NOV2004,Platinum,5,,,20,4
0,35,1,19,3,80,75,44,15,34,65,6,14,27,10,2,14,716.21,145,HomeOwner,F,115000,92170,24NOV2005,Platinum,3,,,19,5
0,32,0,4,10,0,0,68.35,31,31,73,4,4,15,6,2,,502.91,92,HomeOwner,M,77000,115700,18FEB2001,Platinum,5,,,23,0
0,23,0,27,5,75,75,45,9,28,29,4,4,12,2,1,,775.02,63,Unknown,F,113000,66430,14MAR2002,Platinum,5,,,22,8.3333333333
0,34,1,18,5,125,500,212.5,13,35,38,6,17,16,4,2,100,4259.72,65,Unknown,M,26000,118950,30MAR1995,Platinum,5,,,29,38.461538462
0,26,0,18,10,150,0,104,13,13,57,6,6,23,10,2,,669.78,89,HomeOwner,F,52000,72930,21MAY1987,Platinum,5,,,37,0
0,42,4,20,1,35,35,32.5,14,33,45,6,16,17,10,2,7,233.25,83,HomeOwner,F,150000,96200,04MAY1999,Platinum,1,,,25,2.5
0,33,2,19,3,125,91.65,62.5,13,35,47,6,17,21,8,2,15,952.67,81,HomeOwner,F,83000,67860,13FEB1987,Platinum,4,,,38,7.05
0,49,2,5,3,75,71.65,58.75,24,44,97,11,20,36,16,3,15.5,536.86,112,HomeOwner,F,88000,371020,09DEC2005,Platinum,3,,,19,2.9854166667
0,35,0,15,3,85,67.5,55,9,22,29,3,3,9,3,1,,644.03,69,HomeOwner,M,94000,30550,19NOV2003,Member,5,,,21,7.5
0,34,0,11,10,25,0,70,32,32,76,5,5,18,9,2,,489.34,86,Unknown,F,75000,63960,,Platinum,2,,,,0
0,55,2,16,3,25,43.35,37,13,29,33,6,12,12,5,2,10.5,309.06,69,HomeOwner,F,134000,111800,21JUN2004,Platinum,2,,,20,3.3346153846
0,20,1,8,5,0,105,78.1,13,32,72,6,15,25,13,3,21,1109.01,120,HomeOwner,F,68000,151710,23MAR1990,Platinum,4,,,34,8.0769230769
0,44,2,18,3,100,83.35,64.3,13,30,52,6,14,21,7,2,15,706.43,106,Unknown,M,81000,98150,19APR1996,Platinum,3,,,28,6.4115384615
0,17,2,13,3,2500,2000,1714.3,35,56,102,6,16,21,7,2,400,82991.71,77,HomeOwner,F,3000,96980,19MAR1989,Platinum,5,,,35,57.142857143
0,36,0,16,3,100,95,56.25,15,32,63,5,5,25,8,2,,703.2,129,Unknown,F,92000,85280,03JUN2003,Platinum,5,,,21,6.3333333333
0,34,2,18,2,100,105,87.5,13,35,45,6,17,19,8,2,22.5,824.37,78,HomeOwner,F,61000,95420,12FEB1999,Platinum,3,,,26,8.0769230769
0,40,2,22,3,100,100,100,12,31,29,6,15,13,3,2,20,839.46,57,Unknown,M,54000,81640,03MAY1992,Platinum,5,,,32,8.3333333333
0,0,1,5,5,1250,500,418.5,31,50,81,6,15,26,10,2,100,83007.36,147,Unknown,M,13000,236600,22MAY1990,Platinum,4,,,34,16.129032258
0,26,1,20,3,90,78.35,74.15,13,34,46,6,16,19,6,2,12,701.13,80,Unknown,F,71000,77610,18NOV1994,Platinum,5,,,30,6.0269230769
0,38,3,18,2,50,52.5,49.6,13,35,51,6,17,21,13,3,10.67,377.07,91,Unknown,M,103000,118950,07NOV2006,Platinum,2,,,18,4.0384615385
0,40,2,27,3,50,83.35,52.35,9,28,57,4,14,22,15,3,20,700.46,93,Unknown,F,98000,81640,06JUN2004,Platinum,2,,,20,9.2611111111
0,22,1,21,5,2500,2500,916.65,23,38,42,6,13,13,3,2,500,83000.1,66,Unknown,F,6000,342160,,Platinum,5,,,,108.69565217
0,26,6,15,1,35,28.2,24.85,13,34,75,6,17,33,30,3,5.5,170,119,Unknown,M,188000,44720,31JUL1986,Platinum,1,,,38,2.1692307692
0,54,2,20,3,50,35,29.4,13,32,58,6,15,22,16,3,9,341.15,100,HomeOwner,F,164000,94120,28MAR1997,Platinum,2,,,27,2.6923076923
0,56,2,19,2,50,44,34.75,11,31,59,5,16,24,21,3,9,312.52,105,HomeOwner,M,142000,102310,25FEB2006,Platinum,2,,,18,4
0,23,3,22,3,125,103.35,83.75,13,34,36,6,16,15,4,2,20.67,1108.59,63,Unknown,M,63000,63440,,Platinum,5,,,,7.95
0,34,0,20,5,125,125,100,13,30,41,6,6,16,3,2,,1749.73,80,HomeOwner,F,54000,168090,07JUL2001,Platinum,5,,,23,9.6153846154
1,21,0,8,5,125,100,73.15,30,48,73,6,6,17,8,2,,972.84,92,HomeOwner,M,72000,87880,13JUN1998,Platinum,5,,,26,3.3333333333
0,28,0,15,5,150,150,93.75,12,24,43,5,5,17,4,2,,1742.43,104,Unknown,M,57000,135850,07DEC1992,Platinum,5,,,32,12.5
1,56,2,24,3,50,50,37.1,9,28,71,4,12,30,19,3,10,368.06,147,Unknown,F,134000,102310,04JUN2005,Platinum,2,,,19,5.5555555556
0,16,0,18,3,100,86.65,62.5,13,32,49,6,6,21,6,2,,710.95,104,Unknown,M,83000,126230,09APR1987,Platinum,5,,,37,6.6653846154
0,24,2,19,3,80,68.35,54.3,14,34,52,6,16,20,7,2,12.5,641.45,88,HomeOwner,U,95000,51350,26OCT1990,Platinum,5,,,34,4.8821428571
0,24,0,18,3,125,125,97.2,14,36,71,6,6,31,9,2,,1745.6,154,HomeOwner,M,55000,109200,31MAY1994,Platinum,4,,,30,8.9285714286
0,59,1,16,3,25,33.35,30,12,29,32,6,14,13,5,2,10,314.16,64,HomeOwner,F,161000,137540,10JAN2006,Platinum,2,,,19,2.7791666667
0,28,0,27,5,75,75,41.65,10,25,34,4,4,13,3,1,,790.37,77,HomeOwner,F,121000,109590,10NOV1992,Platinum,5,,,32,7.5
0,38,2,4,3,125,75,72.5,28,46,78,11,19,29,10,2,15,961.91,98,HomeOwner,M,73000,415610,30JUN2003,Platinum,4,,,21,2.6785714286
0,32,0,18,2,100,95,67.8,13,32,58,6,6,25,9,2,,585.21,129,HomeOwner,M,77000,68120,30MAR2006,Platinum,5,,,18,7.3076923077
0,46,1,18,3,100,62.5,58.35,12,26,25,6,13,11,3,1,5,645.25,53,HomeOwner,M,89000,151190,25DEC1981,Platinum,5,,,43,5.2083333333
0,35,0,18,5,169.75,169.75,109.9,13,28,29,6,6,11,2,1,,1741.56,65,HomeOwner,F,49000,163670,11JAN1992,Platinum,5,,,33,13.057692308
0,26,1,18,3,100,90,63.75,14,34,40,6,15,16,4,2,20,697.82,76,Unknown,M,82000,140140,,Platinum,5,,,,6.4285714286
0,25,0,25,5,75,75,62.5,5,24,23,2,2,10,2,1,,785.29,62,HomeOwner,F,83000,86190,31DEC1983,Platinum,5,,,41,15
0,47,3,17,1,40,33.55,22.05,13,34,76,6,17,34,29,3,7.67,231.64,153,Unknown,U,208000,0,24DEC2005,Platinum,2,,,19,2.5807692308
0,30,0,26,5,75,75,52.85,8,27,44,4,4,17,7,1,,776.47,89,Unknown,M,97000,100230,01NOV1999,Platinum,5,,,25,9.375
0,32,3,18,2,50,85,78.35,14,34,61,6,17,24,12,3,21.67,579.65,99,HomeOwner,M,67000,96070,28JUN2003,Platinum,2,,,21,6.0714285714
0,42,1,18,3,125,91.65,72.5,13,27,45,6,13,18,6,2,15,968.37,99,HomeOwner,M,73000,75920,10MAR2002,Platinum,5,,,22,7.05
0,53,1,21,5,125,125,125,11,18,16,5,8,7,1,1,25,1750.04,45,Unknown,M,43000,73580,21MAY2002,Gold,5,,,22,11.363636364
0,30,2,24,3,105,90,65,12,32,42,6,15,17,4,2,18,968.41,77,HomeOwner,M,80000,108940,29MAY1997,Platinum,3,,,27,7.5
0,26,1,17,5,75,75,75,11,16,14,4,6,5,1,1,15,788.7,41,Unknown,F,70000,111280,,Gold,5,,,,6.8181818182
1,50,2,18,3,50,33.35,33.35,13,23,22,6,11,9,3,2,5,255.03,48,HomeOwner,F,147000,77090,13NOV2001,Gold,3,,,23,2.5653846154
0,53,1,18,3,50,53.35,53.35,12,23,20,6,11,9,3,1,10,394.15,47,HomeOwner,F,96000,73580,17FEB2005,Gold,3,,,19,4.4458333333
0,25,0,20,5,80,80,65,10,24,27,4,4,9,2,1,,1093.67,65,HomeOwner,F,80000,118950,27MAR1999,Platinum,5,,,25,8
0,36,2,22,3,100,75,75,10,27,25,4,11,10,2,2,15,701.57,57,Unknown,F,70000,67080,06JUN2001,Platinum,5,,,23,7.5
0,24,0,26,5,200,200,162.5,10,31,33,5,5,14,2,1,,1738.23,64,Unknown,F,34000,135720,03JUN2006,Platinum,5,,,18,20
0,28,3,20,2,50,51,38.5,22,36,53,11,18,21,10,2,10.33,377.82,85,HomeOwner,F,129000,480220,15MAY1982,Platinum,2,,,42,2.3181818182
1,39,0,26,5,100,100,75,10,29,30,4,4,13,2,1,,711.56,65,Unknown,F,70000,91130,16MAR1983,Platinum,5,,,41,10
0,6,2,4,3,75,112.5,85.7,17,35,47,6,14,18,7,2,22.5,828.31,76,Unknown,M,62000,196040,11FEB2006,Platinum,5,,,19,6.6176470588
0,22,2,21,3,25,36.65,33.75,6,12,12,2,5,5,4,2,7.5,314.65,53,Unknown,U,145000,152620,,Member,2,,,,6.1083333333
0,30,3,21,2,100,118.75,101,13,31,32,6,15,13,5,2,23.33,824.62,57,HomeOwner,F,53000,85020,22JUL2004,Platinum,5,,,20,9.1346153846
0,26,0,17,3,210,197.5,179,13,35,49,6,6,20,5,2,,1750.23,92,HomeOwner,F,31000,160680,15APR1997,Platinum,5,,,27,15.192307692
0,27,2,18,2,50,33.75,33.75,12,26,22,6,12,10,4,2,5,315.42,54,HomeOwner,F,145000,129220,05DEC1994,Platinum,3,,,30,2.8125
0,31,3,21,2,35,38,37.85,12,30,29,6,15,13,7,2,7.67,290.52,59,Unknown,F,131000,89050,22MAY1971,Platinum,2,,,53,3.1666666667
1,50,5,18,2,50,44,33.9,15,33,48,6,17,20,18,3,8.8,606.84,77,HomeOwner,F,145000,77090,27OCT2002,Platinum,2,,,22,2.9333333333
0,37,0,19,3,125,125,134.6,13,35,67,6,6,27,12,2,,1741.35,115,HomeOwner,F,40000,91130,06FEB2001,Platinum,4,,,24,9.6153846154
0,34,2,7,2,75,61.25,35.15,25,45,98,10,19,38,33,3,10,384.7,154,Unknown,M,140000,65910,,Platinum,3,,,,2.45
0,37,0,26,5,105,105,62,9,26,46,4,4,20,5,2,,1119.75,115,HomeOwner,U,84000,69810,24FEB2001,Platinum,5,,,23,11.666666667
0,39,0,24,5,175,110,73.8,25,46,94,5,5,23,21,2,,1106.82,99,HomeOwner,F,71000,59150,,Platinum,4,,,,4.4
0,25,0,17,3,75,75,60,13,35,52,6,6,20,6,2,,699.27,89,HomeOwner,F,87000,73450,05MAR1995,Platinum,5,,,29,5.7692307692
0,34,1,24,5,100,100,100,7,17,15,3,7,6,1,1,20,1120.79,48,Unknown,F,54000,153400,14JUL2005,Gold,5,,,19,14.285714286
0,62,0,18,5,150,150,141.65,13,26,42,6,6,17,3,2,,1751.39,91,Unknown,M,38000,63700,02JUL1988,Platinum,5,,,36,11.538461538
0,35,2,18,3,35,40,40,12,22,21,6,11,9,3,2,8.5,315.39,48,HomeOwner,M,125000,96980,11APR2003,Gold,2,,,21,3.3333333333
0,25,0,18,3,100,90,58.35,13,33,49,6,6,19,6,1,,709.54,93,HomeOwner,F,89000,89830,08MAY1988,Platinum,5,,,36,6.9230769231
0,29,1,16,5,20,90,55,10,14,13,4,6,5,2,1,18,1077.24,41,HomeOwner,F,94000,56680,02APR2000,Gold,2,,,24,9
0,19,0,18,3,220,195,144.3,13,35,63,6,6,25,7,2,,1741.72,137,Unknown,U,38000,0,,Platinum,5,,,,15
0,27,1,16,2,125,83.75,63.55,13,30,50,6,14,19,7,2,12,963.18,101,HomeOwner,F,82000,92040,14JUN1997,Platinum,4,,,27,6.4423076923
0,37,0,16,2,50,52.5,52.5,12,27,24,6,6,11,4,0,,394.43,56,HomeOwner,M,98000,89310,22FEB2002,Platinum,,,,22,4.375
0,36,3,18,1,80,70,59.5,14,35,54,6,16,22,10,2,14,511.41,105,Unknown,F,87000,67080,31DEC2000,Platinum,3,,,24,5
0,21,0,27,10,90,0,70,25,25,48,4,4,9,3,1,,665.6,68,HomeOwner,F,75000,58500,05NOV1991,Platinum,5,,,33,0
0,51,1,17,3,125,125,102.5,14,35,78,6,17,34,10,2,25,1750.43,152,HomeOwner,F,52000,94900,30MAR1991,Platinum,4,,,33,8.9285714286
0,39,0,25,5,100,100,58.75,11,31,43,6,6,17,4,2,,1107.92,81,Unknown,F,88000,62660,18MAY1992,Platinum,5,,,32,9.0909090909
0,32,0,26,10,80,0,46.9,27,27,67,5,5,17,8,2,,668.31,81,HomeOwner,M,108000,127920,04DEC1983,Platinum,3,,,41,0
0,23,0,15,3,150,137.5,125,12,27,34,5,5,14,3,1,,1754,76,HomeOwner,F,43000,72800,17DEC1993,Platinum,5,,,31,11.458333333
0,37,2,22,3,55,55,39.65,12,33,71,6,16,31,14,3,10.5,399.59,147,HomeOwner,M,126000,89310,01JUL1996,Platinum,2,,,28,4.5833333333
0,21,0,19,3,100,85,50,14,33,51,6,6,19,7,2,,698.33,91,Unknown,F,102000,75270,17MAR2007,Platinum,5,,,17,6.0714285714
0,0,2,11,2,0,51.25,40.9,30,49,58,5,14,14,11,2,9.5,280.59,65,HomeOwner,F,123000,107900,03APR2006,Platinum,5,,,18,1.7083333333
0,32,0,15,5,125,125,43.75,12,29,58,5,5,24,8,2,,1749.99,135,HomeOwner,F,115000,63830,25MAR1955,Platinum,4,,,69,10.416666667
0,29,1,24,5,75,75,58.75,10,29,36,5,13,14,4,2,15,779.03,69,HomeOwner,F,88000,54080,23JAN1993,Platinum,5,,,32,7.5
0,44,1,15,1,50,63.35,51.8,16,36,77,6,15,28,14,2,15,423.06,116,Unknown,F,99000,69550,01JAN2004,Platinum,2,,,21,3.959375
0,34,1,13,3,0,40,26.25,13,25,40,5,9,15,8,2,4,303.59,134,Unknown,F,180000,102830,,Platinum,5,,,,3.0769230769
0,37,4,16,2,125,100,100,14,27,26,6,12,10,4,2,20,1127.01,53,HomeOwner,M,54000,128960,13JAN2003,Platinum,4,,,22,7.1428571429
0,42,0,16,10,0,0,81,25,25,64,5,5,18,5,1,,499.76,76,HomeOwner,M,65000,179790,19NOV1973,Platinum,5,,,51,0
0,40,3,16,2,100,95,77.65,15,37,69,6,17,27,19,3,17.33,578.26,116,HomeOwner,M,68000,138450,08MAR2003,Platinum,3,,,21,6.3333333333
0,32,1,20,3,500,375,312.5,31,43,49,6,12,11,4,2,100,8637.34,83,HomeOwner,F,18000,650000,15JAN1990,Platinum,5,,,35,12.096774194
0,29,1,17,5,75,75,56,13,31,66,6,15,29,10,3,15,788.73,147,Unknown,F,92000,141310,31MAR2000,Platinum,3,,,24,5.7692307692
0,40,2,15,1,75,61.65,43.8,16,34,77,6,14,32,25,3,12.5,384.1,154,HomeOwner,M,115000,162500,04MAY1992,Platinum,3,,,32,3.853125
0,44,0,24,5,75,75,43,9,26,34,4,4,13,5,2,,790.22,99,HomeOwner,M,117000,56940,20DEC1989,Platinum,5,,,35,8.3333333333
0,34,1,14,3,125,275,172.5,25,45,75,6,16,25,10,2,60,4250.25,109,HomeOwner,M,32000,200850,11FEB2001,Platinum,4,,,24,11
0,41,5,15,1,50,51.45,42.7,9,29,81,4,15,32,28,4,10.4,386.96,154,HomeOwner,F,118000,135590,22MAY2004,Platinum,2,,,20,5.7166666667
0,17,1,18,5,105,105,80,14,28,71,6,12,21,11,3,21,1107.16,112,Unknown,F,66000,328120,20APR2004,Platinum,3,,,20,7.5
0,29,2,18,2,40,35,35,14,28,26,6,12,10,5,2,5,287.25,55,Unknown,M,141000,141310,,Platinum,3,,,,2.5
0,47,3,21,2,50,37.5,31.1,13,32,76,6,16,32,23,3,8.33,312.51,150,HomeOwner,F,156000,73320,24JUN2007,Platinum,2,,,17,2.8846153846
0,46,2,18,3,125,83.35,93.75,14,32,30,6,15,13,4,2,15,963.46,57,HomeOwner,M,57000,119470,23NOV1988,Platinum,5,,,36,5.9535714286
0,28,1,18,3,100,75,56.65,12,27,24,6,14,12,3,1,10,713.77,53,Unknown,F,91000,108420,08MAR1979,Platinum,5,,,45,6.25
0,25,0,18,3,125,117.5,78.35,13,34,56,6,6,23,6,2,,1112.59,112,Unknown,F,67000,40300,02APR1992,Platinum,4,,,32,9.0384615385
0,35,6,24,1,50,58.55,51.7,20,40,98,8,19,36,41,4,12.33,385.85,129,Unknown,M,99000,126880,,Platinum,2,,,,2.9275
0,12,0,18,5,100,100,75,12,30,39,6,6,16,3,1,,1106.5,77,HomeOwner,F,70000,56940,16NOV1996,Platinum,5,,,28,8.3333333333
0,17,1,23,5,80,80,69,11,29,61,4,12,18,5,2,16,1092.02,101,HomeOwner,F,76000,441740,05JUL1987,Platinum,3,,,37,7.2727272727
0,25,0,17,3,250,200,135,13,35,70,6,6,29,8,2,,1753.42,125,HomeOwner,M,40000,55380,08APR2002,Platinum,4,,,22,15.384615385
0,30,1,14,3,100,116.65,105,23,39,48,6,13,15,5,2,25,826.7,80,HomeOwner,M,51000,310570,22MAR2003,Platinum,5,,,21,5.0717391304
0,38,1,27,5,100,100,50,10,31,55,5,15,22,6,2,20,1107.45,116,Unknown,F,102000,162500,04FEB1985,Platinum,3,,,40,10
0,34,3,15,3,125,100,106.25,15,29,28,6,13,11,4,2,20,1127.13,53,HomeOwner,F,51000,119990,16MAY1998,Platinum,5,,,26,6.6666666667
0,29,0,19,3,100,86.65,77.5,15,34,37,6,6,13,4,1,,711.73,65,HomeOwner,M,68000,96850,05FEB1994,Platinum,5,,,31,5.7766666667
0,39,0,5,3,100,61.65,64.1,32,49,96,8,8,27,22,3,,669.32,137,HomeOwner,M,81000,138840,16OCT2000,Platinum,3,,,24,1.9265625
0,27,0,19,5,80,80,65,10,24,27,4,4,9,2,1,,1088.4,65,Unknown,F,80000,107250,,Platinum,5,,,,8
0,28,1,21,5,75,75,60,10,26,44,4,10,15,5,2,15,770.64,88,HomeOwner,F,87000,99970,24JUL1994,Platinum,5,,,30,7.5
0,28,0,16,3,75,68.35,49,16,27,39,6,6,13,5,2,,545.36,92,HomeOwner,M,104000,133510,04MAR1986,Platinum,5,,,38,4.271875
0,22,1,17,3,50,41.65,32.5,13,31,62,5,13,27,12,3,10,352.01,148,HomeOwner,F,150000,91650,04DEC1999,Platinum,2,,,25,3.2038461538
0,34,0,18,5,125,80,59,13,33,41,6,6,16,5,1,,1090.29,77,HomeOwner,F,88000,94640,27OCT2002,Platinum,5,,,22,6.1538461538
0,25,1,18,2,250,160,100.6,13,35,69,6,17,27,17,3,25,1752.62,116,HomeOwner,F,53000,104130,14APR1997,Platinum,4,,,27,12.307692308
0,29,4,24,1,80,75,62,11,31,48,6,16,20,10,2,15.5,580.3,89,HomeOwner,M,84000,104520,24APR2002,Platinum,3,,,22,6.8181818182
0,24,4,21,2,75,50,37.7,23,43,82,11,20,31,13,3,11.25,382.96,113,HomeOwner,M,132000,88920,12JAN1998,Platinum,3,,,27,2.1739130435
0,31,0,18,3,150,137.5,83.35,13,34,48,6,6,19,6,1,,1738.36,86,HomeOwner,F,64000,69290,20MAY1997,Platinum,5,,,27,10.576923077
0,47,0,5,10,50,0,53.1,30,30,92,4,4,28,13,2,,348.18,147,HomeOwner,M,97000,223210,16MAY2007,Platinum,2,,,17,0
0,29,0,17,5,200,200,133.35,13,35,37,6,6,16,3,1,,1750.8,64,HomeOwner,F,41000,219050,03MAY1987,Platinum,5,,,37,15.384615385
0,42,2,8,3,0,125,91.2,18,38,87,6,16,34,17,3,25,1745.48,150,HomeOwner,M,58000,106600,12MAY2002,Platinum,4,,,22,6.9444444444
0,39,3,18,2,100,94,82.25,13,34,62,6,17,26,11,2,19.67,595.04,117,HomeOwner,M,64000,169000,01APR1987,Platinum,3,,,37,7.2307692308
0,55,1,16,3,60,53.35,50,14,34,74,6,15,29,14,3,12,502.56,146,Unknown,M,102000,111670,22NOV2004,Platinum,2,,,20,3.8107142857
0,65,2,24,3,200,208.35,150.9,11,32,67,6,17,27,11,3,40,1737.49,116,HomeOwner,F,36000,363090,27JUL1988,Platinum,4,,,36,18.940909091
0,31,3,5,3,75,50,38,26,46,100,10,19,35,20,3,10,499.21,129,HomeOwner,M,131000,95680,22JUN2006,Platinum,3,,,18,1.9230769231
0,41,0,17,5,75,75,62.5,10,24,28,4,4,10,2,1,,779.26,67,HomeOwner,F,83000,105170,16NOV1977,Platinum,5,,,47,7.5
0,39,2,18,3,250,150,95,13,32,37,6,16,16,5,2,30,1737.61,68,HomeOwner,M,56000,67340,10APR1995,Platinum,5,,,29,11.538461538
0,34,1,18,2,50,30,27.5,12,31,31,6,15,14,6,2,4,325.52,64,HomeOwner,M,173000,119860,19NOV2000,Platinum,3,,,24,2.5
0,39,0,26,5,90,85,72.5,12,33,58,5,5,22,8,2,,1094.13,99,HomeOwner,M,73000,53040,18MAY2006,Platinum,5,,,18,7.0833333333
0,38,0,19,3,100,80,54.45,13,33,56,6,6,21,9,1,,698.87,99,HomeOwner,M,95000,136110,20JUN1998,Platinum,5,,,26,6.1538461538
0,29,1,18,2,100,101.25,68.55,15,37,72,6,17,28,17,2,25,839.13,127,HomeOwner,F,76000,134030,11JUL2005,Platinum,3,,,19,6.75
0,35,2,26,3,80,75,67,12,31,42,5,15,17,5,2,14.5,714.09,81,HomeOwner,M,78000,116220,08JUL1985,Platinum,3,,,39,6.25
1,44,3,5,2,125,100,62.1,26,48,111,11,22,42,25,3,20,938.39,150,Unknown,F,84000,112190,,Platinum,4,,,,3.8461538462
0,30,0,26,3,75,62.5,50,10,23,33,4,4,11,3,1,,548.94,77,Unknown,F,102000,135850,04MAR1982,Platinum,5,,,42,6.25
0,40,1,26,3,50,50,38.55,12,31,69,4,13,21,14,2,10,398.57,104,Unknown,M,129000,95810,25MAR2003,Platinum,2,,,21,4.1666666667
0,31,1,19,5,115,115,115,11,18,16,5,8,7,1,1,23,1120.54,43,HomeOwner,F,47000,134290,15NOV1999,Gold,5,,,25,10.454545455
0,33,2,18,1,50,24.15,22.85,11,26,28,5,11,9,7,2,4,226.36,56,Unknown,F,202000,53690,,Platinum,3,,,,2.1954545455
0,27,2,15,2,25,37.5,33,13,31,31,6,14,13,5,2,7.5,291.42,64,HomeOwner,F,148000,79430,01DEC1998,Platinum,2,,,26,2.8846153846
0,31,5,18,1,45,35.65,31.6,13,35,53,6,17,23,19,3,7.4,224.97,90,HomeOwner,F,154000,134290,09MAY2005,Platinum,2,,,19,2.7423076923
1,27,5,24,1,75,82.15,63.65,12,31,36,6,16,15,11,2,18,420.29,65,Unknown,F,82000,63310,,Platinum,3,,,,6.8458333333
1,44,5,23,2,60,60,49.55,13,30,54,4,14,14,11,2,12,335.42,68,HomeOwner,F,103000,157560,01AUG1986,Platinum,2,,,38,4.6153846154
0,49,1,19,5,60,60,68.8,12,31,75,5,13,28,17,2,12,485.4,137,Unknown,M,76000,120770,07FEB2006,Platinum,2,,,19,5
0,31,1,21,3,75,65,34.1,12,29,67,5,12,27,11,3,15,550.93,152,HomeOwner,U,144000,134290,,Platinum,3,,,,5.4166666667
0,37,1,20,3,50,66.65,70,12,32,42,6,15,17,5,1,10,541.45,73,Unknown,U,75000,116740,29MAR1988,Platinum,3,,,36,5.5541666667
0,35,3,4,1,0,55,50.5,21,42,46,6,17,16,10,2,10,235.8,65,Unknown,M,101000,88660,08JAN2005,Platinum,4,,,20,2.619047619
0,37,3,17,2,90,65,65,14,24,22,6,12,10,4,2,14.67,499.74,57,HomeOwner,M,80000,64740,03DEC2003,Platinum,5,,,21,4.6428571429
0,30,1,24,5,125,125,80,12,32,53,6,15,21,5,2,25,1750.38,100,HomeOwner,F,66000,134030,30NOV1993,Platinum,5,,,31,10.416666667
0,46,4,17,1,50,37.5,33.75,13,25,25,6,12,10,8,2,7.5,235.08,53,HomeOwner,F,145000,65650,06NOV2002,Platinum,2,,,22,2.8846153846
0,29,2,5,1,50,54.15,62.8,41,61,93,11,20,29,16,2,15,388.51,86,Unknown,M,83000,0,,Platinum,2,,,,1.3207317073
0,40,1,15,3,100,125,125,13,28,25,6,13,11,3,1,25,1736.6,54,HomeOwner,M,43000,114530,16MAY1986,Platinum,5,,,38,9.6153846154
0,46,3,16,2,30,32.5,29,14,30,28,6,13,11,5,2,5.33,218.75,57,HomeOwner,M,165000,65650,,Platinum,2,,,,2.3214285714
0,28,0,16,3,125,100,51.5,13,31,53,6,6,21,10,2,,1121.79,111,HomeOwner,F,100000,90740,11JUL1997,Platinum,4,,,27,7.6923076923
0,42,1,15,5,30,140,85,13,18,15,5,7,6,2,1,28,1748.28,40,HomeOwner,M,63000,77220,29NOV2000,Gold,2,,,24,10.769230769
0,47,3,21,2,50,35,35,13,26,25,6,12,10,4,2,6,325.66,55,HomeOwner,F,141000,105040,22MAY2003,Platinum,3,,,21,2.6923076923
0,0,0,6,3,50,66.65,59.2,34,55,115,8,8,35,19,2,,541.39,144,Unknown,M,88000,44070,13JUN2003,Platinum,2,,,21,1.9602941176
0,43,0,17,5,125,125,116.65,13,35,36,6,6,16,3,0,,1748.81,65,HomeOwner,F,46000,109590,25DEC1990,Platinum,,,,34,9.6153846154
0,33,1,21,5,100,100,100,10,17,15,4,7,6,1,1,20,1124.85,45,Unknown,M,54000,65910,05NOV2000,Gold,5,,,24,10
0,42,1,24,3,75,55,37.5,12,32,46,6,15,18,8,2,15,499.99,87,Unknown,F,132000,150800,29JUN2004,Platinum,5,,,20,4.5833333333
0,27,5,16,2,150,105,60,23,39,94,9,18,35,25,3,21,1115.5,147,Unknown,F,87000,41470,15MAY2006,Platinum,4,,,18,4.5652173913
0,43,2,18,3,150,133.35,109.4,13,34,55,6,17,22,8,2,25,1736.91,92,HomeOwner,F,49000,95680,04JUN1999,Platinum,4,,,25,10.257692308
0,0,1,18,3,125,137.5,88.35,30,48,96,6,14,30,12,3,30,1748.93,128,Unknown,M,60000,70070,,Platinum,4,,,,4.5833333333
0,38,0,19,3,90,72.5,47.85,13,31,48,6,6,19,7,1,,647.33,88,HomeOwner,M,106000,45240,14NOV2004,Platinum,5,,,20,5.5769230769
0,41,0,18,3,95,90,61.65,13,33,68,6,6,26,18,3,,704.58,113,HomeOwner,F,84000,84760,13OCT1954,Platinum,3,,,70,6.9230769231
0,39,0,18,5,250,250,60,13,27,52,6,6,22,8,2,,4261.74,126,HomeOwner,M,87000,46670,22OCT2004,Platinum,4,,,20,19.230769231
0,27,6,8,1,50,64.4,62.6,30,52,99,11,22,36,21,3,12.67,412.27,116,Unknown,F,83000,55380,06DEC2004,Platinum,2,,,20,2.1466666667
0,37,0,26,5,150,150,75.85,9,27,60,4,4,26,6,2,,1752.8,146,HomeOwner,M,70000,66170,01AUG2005,Platinum,4,,,19,16.666666667
0,0,0,26,10,50,0,45.85,23,23,95,4,4,29,24,3,,345.62,149,Unknown,M,111000,130390,26MAR1993,Platinum,2,,,31,0
1,40,1,21,3,55,50,32.5,6,18,56,2,7,21,16,3,11,525.18,147,HomeOwner,M,150000,114530,06APR2006,Platinum,2,,,18,8.3333333333
0,15,2,14,3,0,125,125,12,30,28,6,15,13,3,2,25,1750.24,56,Unknown,M,43000,133250,,Platinum,5,,,,10.416666667
0,27,0,18,3,125,91.65,52.8,14,34,46,6,6,17,9,2,,962.88,77,Unknown,F,97000,93990,,Platinum,5,,,,6.5464285714
0,42,2,20,2,125,77.5,38.35,13,35,75,6,17,32,21,3,17.5,954.03,134,Unknown,F,130000,113750,26NOV1999,Platinum,4,,,25,5.9615384615
0,33,0,18,3,150,150,97.2,13,35,71,6,6,31,9,2,,1749.45,137,Unknown,U,55000,46280,,Platinum,4,,,,11.538461538
0,33,0,9,10,0,0,40,30,30,64,4,4,13,6,1,,188.51,80,Unknown,F,125000,93470,22MAR2001,Platinum,5,,,23,0
0,46,2,23,3,45,45,35.6,10,20,39,4,9,18,17,3,8.5,388.8,115,HomeOwner,M,139000,115180,12NOV1978,Platinum,2,,,46,4.5
0,35,2,15,2,75,50,50,12,25,25,5,11,10,4,2,10,394.17,52,Unknown,M,102000,115180,,Platinum,5,,,,4.1666666667
0,29,0,18,5,125,110,63.35,13,34,64,6,6,29,9,2,,1121.49,123,Unknown,F,82000,65390,23JUL1989,Platinum,5,,,35,8.4615384615
0,32,0,9,3,75,72.5,63.55,17,38,53,7,7,20,7,2,,551.82,89,HomeOwner,F,82000,67990,25APR2003,Platinum,5,,,21,4.2647058824
0,29,0,16,5,250,250,85.7,12,30,51,5,5,22,7,2,,4264.45,103,HomeOwner,F,62000,91910,20OCT2003,Platinum,5,,,21,20.833333333
0,26,2,19,2,140,90,51.65,14,35,65,6,16,25,15,3,14.5,953.76,124,Unknown,F,99000,64870,,Platinum,4,,,,6.4285714286
0,30,0,18,3,110,105,67.5,14,34,41,6,6,16,4,2,,1123.98,77,HomeOwner,M,78000,42900,07FEB1985,Platinum,5,,,40,7.5
0,28,1,4,5,75,125,90,20,25,22,6,8,7,4,2,25,1749.77,40,Unknown,F,59000,99060,07NOV1989,Gold,5,,,35,6.25
0,53,1,16,3,40,40,35,14,32,54,6,14,21,10,2,8,316.65,101,HomeOwner,M,141000,150150,17DEC2003,Platinum,2,,,21,2.8571428571
0,23,5,20,2,190,115,102.65,13,33,75,6,17,31,17,3,23,1123.05,139,Unknown,U,52000,81640,,Platinum,4,,,,8.8461538462
0,35,1,18,3,50,40,34.45,6,19,62,2,8,25,18,3,6,353.54,152,Unknown,F,143000,115180,28APR2006,Platinum,2,,,18,6.6666666667
0,0,0,10,3,1000,350,256.25,31,53,92,6,6,32,12,3,,8636.81,137,HomeOwner,M,22000,106470,,Platinum,4,,,,11.290322581
1,29,0,19,3,100,66.65,56,14,35,40,6,6,16,5,1,,939.25,68,Unknown,F,92000,89050,,Platinum,5,,,,4.7607142857
0,29,1,5,5,80,125,88.75,21,26,24,6,8,7,4,2,25,1736.69,41,HomeOwner,F,60000,173030,23MAR1990,Gold,5,,,34,5.9523809524
0,33,2,21,3,100,91.65,66.45,13,33,68,6,16,26,14,3,20,697.26,116,Unknown,F,79000,182910,,Platinum,3,,,,7.05
0,34,1,4,3,0,82.5,56.65,25,45,74,6,17,26,15,3,17,703.57,113,Unknown,F,91000,59150,20JAN2003,Platinum,4,,,22,3.3
0,36,0,27,5,90,90,58.75,10,30,55,5,5,23,8,2,,1083.69,105,Unknown,M,88000,91130,03MAY1998,Platinum,5,,,26,9
0,25,4,15,1,30,45.85,29.65,13,31,53,6,16,21,15,3,10,232.46,88,HomeOwner,M,162000,48360,07NOV2004,Platinum,1,,,20,3.5269230769
1,26,5,16,1,50,30.85,29.4,11,30,34,5,15,14,8,2,6.4,231.93,64,Unknown,F,164000,101920,24JUN1983,Platinum,2,,,41,2.8045454545
0,31,1,7,3,0,35,24.55,11,30,55,5,15,23,17,3,4,319.32,99,Unknown,M,190000,79430,14NOV1995,Platinum,4,,,29,3.1818181818
0,25,2,16,3,55,45,41.25,8,20,19,4,9,8,4,2,11,354.24,56,Unknown,F,122000,75140,,Platinum,3,,,,5.625
0,27,1,19,5,80,80,65,11,19,27,4,7,10,2,2,16,1083.74,77,Unknown,F,80000,80210,07MAR2002,Platinum,5,,,22,7.2727272727
0,24,0,24,3,50,50,41.15,11,28,63,5,5,23,13,2,,392.52,116,Unknown,F,122000,78910,,Platinum,2,,,,4.5454545455
0,40,3,4,1,50,68.55,68.6,26,46,104,11,21,41,18,3,12,413.2,134,Unknown,U,76000,211120,,Platinum,2,,,,2.6365384615
0,32,0,19,3,80,65,42.15,13,32,51,6,6,19,7,2,,645.88,101,HomeOwner,M,119000,49140,05DEC2005,Platinum,5,,,19,5
0,11,0,16,5,0,75,68.75,31,51,83,6,6,23,8,2,,771.84,117,HomeOwner,F,76000,69810,02JUN2004,Platinum,5,,,20,2.4193548387
0,35,1,18,3,75,68.35,68.35,12,30,27,6,14,12,3,1,10,548.78,57,HomeOwner,M,77000,95290,28JUN2002,Platinum,5,,,22,5.6958333333
0,40,3,11,1,45,57.5,44.7,28,49,83,11,21,33,16,3,12.33,354.5,89,Unknown,M,113000,123240,,Platinum,2,,,,2.0535714286
1,33,2,27,3,70,70,44.25,10,29,71,4,14,30,17,3,14,726.44,145,Unknown,F,114000,48100,28MAY2004,Platinum,2,,,20,7
0,35,1,20,2,50,58.75,46.65,10,25,42,4,11,15,9,2,12,392.85,137,Unknown,F,109000,80470,04NOV2003,Platinum,2,,,21,5.875
0,18,0,20,5,125,125,125,11,18,17,5,5,7,1,0,,1744.43,44,Unknown,F,43000,54210,,Gold,,,,,11.363636364
0,30,1,26,3,75,62.5,62.5,6,12,11,2,5,5,2,1,10,1034.66,53,Unknown,M,83000,252070,,Member,5,,,,10.416666667
0,34,3,18,2,30,37.5,35,14,28,27,6,13,11,6,2,8.33,290.83,52,HomeOwner,M,141000,49920,27FEB2000,Platinum,2,,,24,2.6785714286
0,0,1,17,5,50,50,64.2,6,14,56,2,6,20,19,3,10,519.65,135,HomeOwner,M,81000,82940,,Member,2,,,,8.3333333333
0,34,0,18,3,75,58.35,39.5,13,32,76,6,6,32,20,3,,495.01,152,Unknown,F,126000,64220,14APR1994,Platinum,3,,,30,4.4884615385
1,30,7,5,1,50,51.9,45.35,24,43,115,9,19,43,43,4,10.14,393.16,150,Unknown,F,112000,69680,22OCT2002,Platinum,2,,,22,2.1625
0,39,2,19,2,50,60,57.15,12,32,42,6,15,17,7,2,12,387.93,79,Unknown,M,91000,59540,13NOV1998,Platinum,3,,,26,5
0,34,1,19,3,80,70,60,13,34,54,6,16,20,7,2,12,644.21,89,HomeOwner,F,87000,116220,11NOV1993,Platinum,5,,,31,5.3846153846
0,32,1,15,3,100,75,41.9,7,20,48,3,8,20,8,2,10,705.07,114,Unknown,F,120000,51090,,Platinum,3,,,,10.714285714
0,37,0,7,3,50,50,50.35,34,52,91,6,6,29,15,3,,393.8,150,Unknown,M,102000,77480,27JAN2005,Platinum,2,,,20,1.4705882353
0,32,0,21,5,100,100,87.5,10,17,30,4,4,9,2,1,,1121.75,88,Unknown,M,61000,54860,05APR2000,Platinum,5,,,24,10
1,48,1,18,2,250,147.5,147.5,14,33,32,6,15,13,4,1,20,2900.19,56,Unknown,M,37000,174590,,Platinum,5,,,,10.535714286
0,22,0,18,3,125,87.5,87.5,13,27,26,6,6,11,2,0,,967.13,52,Unknown,F,61000,49270,,Platinum,,,,,6.7307692308
0,30,0,20,5,75,75,75,10,16,15,4,4,5,1,0,,784.2,44,HomeOwner,F,70000,107640,03JUL1997,Gold,,,,27,7.5
0,31,3,20,2,25,28.75,28.75,11,24,22,5,11,9,4,2,4.33,221,55,Unknown,F,167000,34710,,Platinum,2,,,,2.6136363636
0,30,1,16,3,160,155,151,15,36,76,6,17,33,10,2,32,1748.37,122,Unknown,U,36000,174590,,Platinum,5,,,,10.333333333
0,30,2,15,3,125,78.35,78.35,13,23,22,5,9,8,3,2,11,950.11,48,Unknown,F,67000,87750,21OCT2005,Gold,5,,,19,6.0269230769
0,25,2,18,3,80,81.65,73.75,12,26,24,6,13,11,4,2,16.5,716.5,53,HomeOwner,F,71000,58760,11JUN1974,Platinum,5,,,50,6.8041666667
1,24,5,15,1,55,30.85,28.55,11,30,31,5,14,14,7,2,5.2,200.17,65,Unknown,F,168000,57850,06NOV1993,Platinum,2,,,31,2.8045454545
0,37,1,18,3,75,67.5,49.3,14,33,58,5,13,22,7,2,15,537.88,114,HomeOwner,M,104000,171210,18NOV2003,Platinum,5,,,21,4.8214285714
0,24,0,18,3,100,70,65,12,32,32,6,6,14,4,1,,641,61,Unknown,F,80000,42640,,Platinum,5,,,,5.8333333333
0,24,1,18,1,75,41.65,43.15,26,41,51,11,18,19,8,1,3,280.41,56,Unknown,F,117000,75140,,Platinum,5,,,,1.6019230769
0,26,0,20,5,75,75,48.9,12,30,65,4,4,27,9,2,,787.02,153,Unknown,M,104000,50310,26OCT1993,Platinum,3,,,31,6.25
0,29,2,22,3,100,91.65,91.65,12,31,30,6,15,13,3,2,17.5,709.53,57,HomeOwner,F,58000,53950,19FEB1993,Platinum,5,,,31,7.6375
1,29,1,17,5,100,100,71.55,8,19,49,4,9,17,13,3,20,1011.98,153,Unknown,M,73000,82030,08DEC1992,Platinum,3,,,32,12.5
0,19,2,23,3,125,112.5,77.65,13,35,75,6,17,29,17,3,22.5,1112.17,127,HomeOwner,M,68000,66170,07JAN1999,Platinum,4,,,26,8.6538461538
1,32,0,19,3,100,95,51.05,8,25,52,4,4,22,14,3,,800.13,151,Unknown,F,100000,46410,22MAR2004,Platinum,3,,,20,11.875
0,49,2,18,3,50,35,42.5,11,18,18,5,8,7,4,2,7,341.57,47,HomeOwner,M,118000,73320,,Gold,3,,,,3.1818181818
0,29,2,16,2,50,50,41.45,14,32,72,6,14,30,14,3,10,391.83,150,HomeOwner,M,121000,30550,10APR1992,Platinum,2,,,32,3.5714285714
0,37,2,15,3,100,75,75,12,19,17,5,8,7,2,2,15,711.6,44,HomeOwner,F,70000,104000,02AUG1997,Gold,5,,,27,6.25
0,29,1,18,2,70,64,48.9,13,27,45,6,12,16,9,2,15,416.62,93,Unknown,F,104000,40690,20APR2005,Platinum,3,,,19,4.9230769231
0,50,1,17,2,35,29,29,12,27,25,6,13,11,5,1,7,231.24,56,HomeOwner,M,165000,86710,02DEC2003,Platinum,2,,,21,2.4166666667
0,35,3,15,1,30,28.35,28.35,13,29,26,6,13,11,6,2,4.33,198.83,57,HomeOwner,F,169000,50960,09JUN1973,Platinum,2,,,51,2.1807692308
0,9,0,19,5,75,75,60,27,46,89,6,6,23,14,2,,789.77,102,HomeOwner,M,87000,155220,,Platinum,3,,,,2.7777777778
0,28,2,19,3,70,61.65,37.15,12,31,64,5,14,25,14,3,11.5,497.37,128,HomeOwner,M,133000,46020,20MAR2004,Platinum,2,,,20,5.1375
0,49,1,22,3,105,90,73.55,13,32,50,6,15,21,7,2,21,966.97,91,Unknown,F,72000,112580,11JUL2003,Platinum,5,,,21,6.9230769231
0,18,4,18,2,60,63,55.85,13,27,25,6,13,11,6,2,12.75,413.12,53,HomeOwner,M,92000,88920,,Platinum,2,,,,4.8461538462
0,34,4,24,2,75,62.5,49.45,11,30,53,6,16,22,9,3,12.5,510.47,104,HomeOwner,M,103000,117000,09MAY1986,Platinum,3,,,38,5.6818181818
0,37,1,20,3,45,47.5,25,13,31,61,6,14,23,17,3,10,382.11,113,HomeOwner,M,188000,63700,12JAN2000,Platinum,2,,,25,3.6538461538
0,34,2,20,3,75,100,100,12,29,26,6,14,12,2,2,20,828.76,56,HomeOwner,F,54000,93730,22APR1994,Platinum,5,,,30,8.3333333333
0,18,0,18,5,75,85,61.35,14,35,81,6,6,32,15,3,,1076.12,148,Unknown,M,85000,80730,,Platinum,3,,,,6.0714285714
0,37,4,16,1,50,38.35,48.1,26,42,89,4,12,20,26,3,9,228.62,153,HomeOwner,F,106000,85150,10JUN1955,Platinum,2,,,69,1.475
0,32,0,26,5,85,85,60,10,28,48,5,5,19,5,2,,1084.3,93,Unknown,F,87000,122850,29JAN1993,Platinum,5,,,32,8.5
0,44,2,18,2,75,66,57.85,13,34,39,6,16,15,7,2,11.5,503.83,68,Unknown,M,89000,78910,10JUN1974,Platinum,5,,,50,5.0769230769
0,28,1,17,5,100,100,31.5,14,31,59,6,14,27,10,3,20,1107.02,149,HomeOwner,F,154000,54730,28MAR2001,Platinum,3,,,23,7.1428571429
0,0,3,20,1,105,114.15,96.45,26,48,110,11,22,40,35,3,22.33,1125.57,129,Unknown,M,55000,110630,,Platinum,3,,,,4.3903846154
0,21,2,16,3,75,75,55.85,13,31,47,6,13,16,6,2,15,703.69,88,HomeOwner,F,92000,59800,26NOV1997,Platinum,3,,,27,5.7692307692
0,39,2,22,3,100,77.5,24.25,12,24,46,6,12,22,13,3,15.5,701.79,127,Unknown,F,192000,82550,22JAN2002,Platinum,3,,,23,6.4583333333
0,33,0,18,5,55,55,37.1,11,25,65,4,4,27,19,3,,514.27,150,HomeOwner,F,134000,31070,27JUN2000,Platinum,2,,,24,5
0,29,0,26,10,90,0,101.25,26,26,67,5,5,19,4,1,,666.04,103,Unknown,F,53000,30420,31OCT2003,Platinum,5,,,21,0
0,31,2,17,3,50,50,43.35,13,21,19,6,10,8,3,2,10,400.14,45,HomeOwner,M,116000,33540,10NOV1999,Gold,3,,,25,3.8461538462
0,31,2,25,3,150,137.5,88.75,11,33,60,6,17,25,8,2,27.5,1752.77,101,HomeOwner,F,60000,71110,07MAR1998,Platinum,4,,,26,12.5
0,23,1,21,5,50,50,44.75,12,26,53,5,12,24,19,3,10,526.13,130,HomeOwner,M,113000,54860,23MAY2000,Platinum,2,,,24,4.1666666667
0,22,1,11,3,50,145,129.4,28,46,65,10,20,26,8,2,25,1744.59,101,HomeOwner,F,42000,92300,12FEB2002,Platinum,2,,,23,5.1785714286
0,29,0,19,3,85,70,52.5,12,31,38,6,6,15,4,2,,649.99,80,Unknown,M,98000,76180,,Platinum,5,,,,5.8333333333
0,24,2,4,1,75,47.85,53.75,28,46,59,11,20,22,16,2,11,273.4,57,HomeOwner,F,96000,512980,14NOV2002,Platinum,3,,,22,1.7089285714
0,41,0,18,3,250,125,100,14,36,75,6,6,30,14,3,,1744.82,135,HomeOwner,U,54000,119600,16MAR1997,Platinum,4,,,27,8.9285714286
0,25,2,19,3,150,108.35,108.35,13,32,30,6,15,13,3,2,20,1120.41,57,HomeOwner,F,50000,69290,26JAN1987,Platinum,5,,,38,8.3346153846
0,22,1,15,3,55,43.35,40,11,23,21,5,10,9,4,1,5,344.56,53,HomeOwner,M,125000,83980,26JAN1984,Platinum,3,,,41,3.9409090909
0,66,1,17,5,75,75,88.9,9,18,58,4,10,23,9,3,15,772.34,135,HomeOwner,M,60000,73450,03AUG2005,Platinum,3,,,19,8.3333333333
0,26,2,20,3,40,40,21.1,12,26,69,6,12,27,18,3,8,305.1,154,Unknown,F,216000,39260,,Platinum,2,,,,3.3333333333
0,56,2,22,3,50,62.5,51,12,31,82,5,15,32,30,3,12.5,540.64,145,HomeOwner,M,100000,109070,22APR1993,Platinum,2,,,31,5.2083333333
0,27,2,18,3,50,75,66.65,13,26,25,6,13,11,3,2,15,704.94,55,Unknown,M,79000,77220,17MAR1991,Platinum,3,,,33,5.7692307692
0,66,4,24,2,50,50,36.55,10,31,68,5,15,30,16,3,10,379.56,154,Unknown,F,135000,73450,01AUG2005,Platinum,2,,,19,5
0,31,0,20,5,125,125,60,12,24,42,6,6,17,4,2,,1747.95,101,HomeOwner,F,87000,60060,13OCT1993,Platinum,5,,,31,10.416666667
0,27,1,25,5,125,125,81.25,11,31,49,6,15,19,4,2,25,1752.73,98,Unknown,M,65000,94640,19OCT2004,Platinum,5,,,20,11.363636364
0,21,0,17,5,85,85,124.5,13,34,69,6,6,27,10,2,,1095.11,113,HomeOwner,F,43000,110240,27JUN2006,Platinum,3,,,18,6.5384615385
0,57,1,19,3,50,40,34.6,14,33,72,5,14,24,24,3,6,353.13,110,HomeOwner,F,142000,101140,09JAN2004,Platinum,2,,,21,2.8571428571
0,37,0,18,3,50,50,36.4,11,30,76,4,4,30,18,3,,394.94,152,HomeOwner,M,136000,72410,05JUL2000,Platinum,2,,,24,4.5454545455
0,41,2,5,3,500,133.35,130.5,20,38,69,7,16,27,10,2,25,11178.39,129,Unknown,U,42000,272740,,Platinum,4,,,,6.6675
0,57,1,17,3,55,50,28.35,6,18,46,2,6,14,18,3,11,382.3,153,HomeOwner,F,169000,101140,17NOV2001,Platinum,2,,,23,8.3333333333
0,39,2,18,3,50,51.65,48.7,14,33,72,5,14,26,19,3,10.5,385.95,124,HomeOwner,M,105000,123370,31JUL2004,Platinum,2,,,20,3.6892857143
0,32,1,17,2,50,35,28,13,32,70,6,14,29,15,3,6,313.65,150,HomeOwner,M,170000,73970,16DEC2003,Platinum,2,,,21,2.6923076923
0,31,0,13,10,0,0,90,20,20,60,3,3,14,9,2,,500.65,117,HomeOwner,M,59000,403390,05MAR2001,Platinum,4,,,23,0
0,13,0,15,5,85,85,80,11,18,16,5,5,7,2,0,,1094.74,47,HomeOwner,M,66000,80210,22JUL1996,Gold,,,,28,7.7272727273
0,25,0,26,3,75,75,56.65,11,33,51,5,5,20,9,2,,705.45,87,HomeOwner,M,91000,99450,02JAN1994,Platinum,5,,,31,6.8181818182
1,21,2,18,2,75,56.25,43.15,13,33,44,6,15,17,8,2,10,454.2,80,Unknown,F,117000,97630,23JAN1996,Platinum,3,,,29,4.3269230769
0,34,1,6,3,125,137.5,135.7,24,42,58,9,19,22,7,2,25,1752.13,92,HomeOwner,F,40000,166790,03AUG1977,Platinum,5,,,47,5.7291666667
0,18,1,24,3,50,50,40.85,9,27,64,4,11,24,12,3,10,382.25,140,HomeOwner,M,123000,87750,08DEC2004,Platinum,2,,,20,5.5555555556
0,20,0,24,5,110,110,74.1,11,28,71,6,6,30,11,2,,1112.89,146,HomeOwner,F,71000,67080,26JAN2003,Platinum,3,,,22,10
0,33,2,16,3,50,50,45.45,13,29,67,5,11,28,11,3,10,393.19,151,Unknown,M,111000,35230,12DEC1990,Platinum,2,,,34,3.8461538462
0,23,1,6,3,75,62.5,57,35,46,73,6,12,18,15,2,10,551.1,126,Unknown,F,91000,59410,14JUL2005,Platinum,3,,,19,1.7857142857
0,27,2,17,2,75,67.5,52.8,13,29,56,6,14,21,9,2,14,508.67,104,HomeOwner,M,97000,30940,30JUN1984,Platinum,3,,,40,5.1923076923
0,13,1,18,2,155,147.5,128,13,33,36,6,16,15,5,2,12,1753.06,65,Unknown,M,42000,66040,06NOV1997,Platinum,5,,,27,11.346153846
0,45,3,17,3,125,108.35,108.35,13,26,25,6,13,11,3,2,21.67,1123.65,53,HomeOwner,F,50000,79950,25JUL2000,Platinum,5,,,24,8.3346153846
0,42,1,6,3,50,68.35,65.9,19,40,83,8,18,32,11,2,10,556.13,126,HomeOwner,M,79000,158470,22MAR2001,Platinum,2,,,23,3.5973684211
0,0,1,18,3,60,53.35,26.05,12,31,67,6,14,29,14,3,12,501.96,149,Unknown,M,181000,26130,,Platinum,2,,,,4.4458333333
0,33,1,24,3,50,47.5,39.7,10,30,68,5,14,31,17,3,10,393.82,144,HomeOwner,F,126000,76050,03MAR2006,Platinum,2,,,18,4.75
0,24,0,18,5,60,60,20,11,28,68,4,4,29,20,3,,499.78,151,Unknown,F,225000,19500,,Platinum,2,,,,5.4545454545
0,30,1,23,3,75,76.65,82.5,13,29,27,6,14,12,4,1,15,711.04,55,HomeOwner,M,64000,76050,01AUG1998,Platinum,5,,,26,5.8961538462
0,38,0,17,3,125,112.5,76.65,14,32,55,6,6,25,6,2,,1114.32,129,HomeOwner,F,69000,63050,13JUN1998,Platinum,4,,,26,8.0357142857
0,22,1,17,3,60,50,41.95,13,34,79,6,17,32,23,3,10,502.05,148,HomeOwner,F,120000,61230,,Platinum,2,,,,3.8461538462
0,19,0,15,3,45,45,34.45,14,33,58,6,6,26,9,2,,390.78,147,HomeOwner,U,143000,54990,02DEC1988,Platinum,2,,,36,3.2142857143
0,59,4,9,1,25,112.5,112.5,19,40,73,7,18,27,14,3,25,839.72,112,Unknown,M,48000,143260,23NOV2004,Platinum,1,,,20,5.9210526316
0,39,1,23,5,80,80,34.45,10,27,68,4,11,27,18,3,16,1094.24,151,HomeOwner,F,143000,90090,17JUN1992,Platinum,3,,,32,8
0,34,2,15,3,250,193.35,138,13,35,39,6,17,16,5,2,33,1745.38,64,HomeOwner,F,39000,70720,28NOV1995,Member,5,,,29,14.873076923
0,31,0,18,2,50,37.5,43.75,17,35,53,6,6,18,8,2,,309.2,96,Unknown,F,115000,106080,20JUL2005,Platinum,3,,,19,2.2058823529
0,25,1,18,2,100,81.25,70.85,15,35,42,6,15,17,6,2,10,595.97,78,Unknown,F,74000,76180,08FEB2003,Platinum,5,,,22,5.4166666667
0,25,0,26,3,70,65,42.35,10,29,71,4,4,29,17,3,,1029.73,148,Unknown,M,119000,23790,18JAN1998,Platinum,2,,,27,6.5
0,49,3,18,2,50,50,45.45,12,33,61,6,16,25,11,2,10,390.28,128,HomeOwner,F,111000,147680,23NOV1997,Platinum,2,,,27,4.1666666667
0,25,0,18,3,50,62.5,34.05,13,34,69,6,6,30,16,3,,552.25,146,Unknown,F,144000,75530,20DEC1997,Platinum,2,,,27,4.8076923077
0,3,1,22,5,75,75,75,4,8,7,1,4,4,1,1,15,773.38,46,Unknown,M,70000,78780,,Member,5,,,,18.75
0,27,1,18,3,70,65,40.75,12,31,69,5,13,31,13,3,12,538.17,146,HomeOwner,M,123000,106080,01JUN2000,Platinum,2,,,24,5.4166666667
0,49,1,17,2,50,43.75,53.35,15,36,75,6,16,32,15,3,5,313.87,135,HomeOwner,F,96000,88140,16MAR2002,Platinum,2,,,22,2.9166666667
0,34,2,18,2,25,25,22.85,12,30,35,6,14,14,7,2,5,223.26,68,Unknown,M,202000,53820,13OCT2000,Platinum,2,,,24,2.0833333333
0,35,1,18,3,125,125,79.5,14,33,66,6,15,30,10,2,25,1747.1,118,HomeOwner,F,67000,88140,28MAY1998,Platinum,5,,,26,8.9285714286
0,29,1,19,3,75,65,47,11,29,45,5,12,16,5,2,11,546.11,87,Unknown,M,108000,65000,01APR1985,Platinum,3,,,39,5.9090909091
0,66,4,17,2,165,129,140.85,17,34,33,6,14,12,6,2,24.25,1756.11,57,Unknown,M,39000,96720,,Platinum,4,,,,7.5882352941
0,24,2,15,2,25,28.75,28.75,10,22,23,4,8,7,4,2,7.5,220.52,56,HomeOwner,M,167000,41340,09MAR2005,Platinum,2,,,19,2.875
0,0,1,20,3,125,125,103.1,21,42,103,9,19,39,13,2,25,1737.43,125,HomeOwner,F,52000,182910,27APR1984,Platinum,4,,,40,5.9523809524
0,26,0,19,3,100,87.5,45.65,12,30,71,5,5,31,16,3,,703.38,147,HomeOwner,M,111000,78390,15OCT1999,Platinum,3,,,25,7.2916666667
0,42,3,18,1,70,60,51.35,13,33,45,6,17,19,11,2,12.33,394.86,77,HomeOwner,M,100000,63440,10MAR2006,Platinum,2,,,18,4.6153846154
0,30,1,24,3,50,55,50.75,11,31,70,5,14,32,13,3,10,386.23,126,Unknown,F,101000,42770,05JAN2005,Platinum,2,,,20,5
0,34,2,15,3,75,75,75,12,18,16,5,8,7,2,2,15,705.18,45,Unknown,F,70000,81120,,Gold,5,,,,6.25
0,34,2,26,3,55,48.35,50.4,9,29,56,4,13,21,12,3,9,397.59,99,HomeOwner,F,102000,61750,,Platinum,2,,,,5.3722222222
0,45,4,21,2,40,33,26,10,28,55,5,14,22,15,3,7.5,291.11,104,Unknown,F,181000,764140,,Platinum,2,,,,3.3
0,34,0,19,3,60,53.35,32.75,13,33,62,6,6,27,11,2,,501.59,146,HomeOwner,M,149000,46930,07MAR2005,Platinum,2,,,19,4.1038461538
0,31,2,26,3,125,116.65,69.6,19,40,111,8,19,43,23,3,22.5,1120.96,150,HomeOwner,F,75000,156390,,Platinum,4,,,,6.1394736842
0,60,4,25,2,85,78,65,12,31,60,6,17,26,14,2,15.25,591.94,104,HomeOwner,U,80000,188240,12NOV2002,Platinum,3,,,22,6.5
0,66,0,20,5,75,75,60,13,26,64,4,4,26,8,2,,770.93,154,Unknown,F,87000,96720,12APR2002,Platinum,3,,,22,5.7692307692
0,35,1,20,3,100,75,87.5,11,25,61,4,10,25,6,2,10,704.34,134,HomeOwner,F,61000,65130,,Platinum,3,,,,6.8181818182
0,26,2,18,3,85,78.35,63,12,30,41,6,15,16,5,2,15,716.81,77,HomeOwner,F,83000,149370,,Platinum,5,,,,6.5291666667
0,32,3,15,2,55,53.75,42.9,12,28,53,5,14,21,12,2,11,388.45,100,HomeOwner,F,117000,86710,01MAR1977,Platinum,2,,,47,4.4791666667
0,32,2,15,3,100,51.65,39,12,30,31,5,12,12,5,2,12.5,676.19,62,HomeOwner,F,128000,89570,01MAY1986,Platinum,5,,,38,4.3041666667
0,33,2,18,2,25,29,29.15,13,28,26,6,14,12,6,2,4.5,220.76,53,HomeOwner,F,165000,63700,21JUL2002,Platinum,2,,,22,2.2307692308
1,40,4,5,2,35,30,31.5,48,68,122,12,22,36,30,3,6.25,204.45,149,Unknown,M,154000,42380,28JUN2002,Platinum,1,,,22,0.625
0,41,0,18,5,150,250,122.2,13,35,70,6,6,31,9,2,,4264.09,135,HomeOwner,M,44000,70850,19MAY2001,Platinum,4,,,23,19.230769231
0,32,3,19,2,50,57,40.4,14,33,60,6,17,26,12,3,12,385.01,135,Unknown,M,124000,86970,06MAR1991,Platinum,2,,,33,4.0714285714
1,21,3,18,2,50,32.5,23.4,7,19,47,4,12,21,22,3,5.33,250.96,147,HomeOwner,F,198000,51740,08DEC2005,Platinum,2,,,19,4.6428571429
0,0,0,5,10,25,0,44.3,32,32,63,4,4,12,7,1,,192.38,81,Unknown,F,114000,104000,21DEC1998,Platinum,2,,,26,0
1,50,1,20,2,50,56.25,47.85,6,22,41,4,11,15,7,2,10,328.21,91,HomeOwner,M,106000,84890,08DEC1995,Platinum,3,,,29,9.375
0,0,3,16,3,100,83.35,83.35,12,25,25,5,11,10,3,2,16.67,707.1,53,HomeOwner,F,64000,49140,30MAY1993,Platinum,5,,,31,6.9458333333
0,33,1,21,5,50,50,48.65,11,29,59,5,13,22,15,3,10,511.96,103,HomeOwner,F,105000,68770,21MAR1997,Platinum,2,,,27,4.5454545455
0,0,2,8,3,1250,750,916.65,31,49,48,6,14,12,3,2,150,82994.86,57,HomeOwner,M,6000,128050,19MAY1986,Platinum,5,,,38,24.193548387
1,29,1,18,2,50,45,40,12,27,38,6,12,15,6,2,10,295.16,81,HomeOwner,M,125000,100880,19JAN1996,Platinum,3,,,29,3.75
0,46,1,16,3,100,57.5,57.5,10,16,15,5,8,7,2,1,3,671.03,45,HomeOwner,F,90000,168220,26DEC1991,Gold,5,,,33,5.75
0,31,1,19,3,45,38.35,27.65,7,18,36,3,7,13,15,2,9,318.29,114,HomeOwner,M,172000,87360,13MAR2006,Platinum,2,,,18,5.4785714286
0,29,0,18,5,75,75,30,11,25,54,4,4,21,7,2,,771.33,135,Unknown,U,161000,46930,12NOV2005,Platinum,3,,,19,6.8181818182
0,39,0,22,10,190,0,190,11,11,17,5,5,7,1,0,,678.12,46,Unknown,F,29000,59800,,Gold,,,,,0
0,37,3,6,1,100,74.15,67.1,26,46,71,11,21,29,12,2,14,505.09,77,HomeOwner,F,78000,122590,12NOV1985,Platinum,3,,,39,2.8519230769
0,24,2,18,2,50,47,39.3,12,25,40,6,12,16,7,2,10,314.02,91,Unknown,F,127000,68770,,Platinum,3,,,,3.9166666667
0,0,2,9,3,125,66.65,81.25,22,35,32,7,13,11,4,2,17.5,652.03,52,Unknown,M,65000,30940,,Platinum,5,,,,3.0295454545
0,38,2,16,3,50,50,50,12,23,21,5,10,9,3,2,10,397.74,50,HomeOwner,F,102000,107120,03APR1992,Gold,3,,,32,4.1666666667
0,47,1,16,3,125,112.5,60,14,33,34,6,14,13,5,2,25,1114.7,64,HomeOwner,F,87000,106080,25FEB1999,Platinum,5,,,25,8.0357142857
0,23,1,18,3,60,53.35,31.55,13,32,59,6,14,28,13,3,10,489.88,149,Unknown,F,154000,41600,,Platinum,2,,,,4.1038461538
0,24,1,18,3,125,125,104.15,13,32,61,6,15,25,6,2,25,1736.19,124,HomeOwner,F,52000,157820,31DEC1999,Platinum,4,,,25,9.6153846154
0,40,1,24,5,75,75,40,11,30,48,5,13,18,6,2,15,774.35,100,Unknown,F,125000,61750,30NOV1978,Platinum,3,,,46,6.8181818182
0,45,3,15,2,50,40,34.45,11,29,42,5,13,17,9,3,7.33,313.11,84,HomeOwner,M,143000,87750,25APR2006,Platinum,2,,,18,3.6363636364
0,34,1,15,3,50,58.35,47.5,12,29,40,6,14,17,6,2,15,508.27,81,HomeOwner,F,107000,72930,,Platinum,3,,,,4.8625
0,25,0,10,3,75,100,100,21,42,46,7,7,17,5,1,,824.39,68,Unknown,M,54000,80730,05MAY2006,Platinum,5,,,18,4.7619047619
0,34,3,16,2,35,31.25,32.5,14,27,28,6,12,10,6,2,6.67,224.01,52,HomeOwner,F,150000,80990,22JUL1995,Platinum,2,,,29,2.2321428571
0,24,1,18,3,50,37.5,53.45,24,44,83,10,19,29,16,2,5,340.29,93,HomeOwner,M,96000,132080,,Platinum,2,,,,1.5625
0,27,2,17,2,25,31.25,32.5,12,24,23,6,12,10,5,2,6,232.38,52,Unknown,M,150000,51350,17JUL1995,Platinum,2,,,29,2.6041666667
0,29,0,13,3,50,90,80,33,50,94,6,6,29,11,2,,711.64,122,HomeOwner,F,66000,78260,25OCT2004,Platinum,3,,,20,2.7272727273
0,41,2,17,3,45,48.35,33.35,8,21,34,4,11,14,12,2,9,386.68,81,Unknown,U,147000,60970,02JUL2002,Platinum,2,,,22,6.04375
0,28,3,20,3,80,66.65,61.9,13,35,81,6,17,32,21,3,13.33,639.47,141,Unknown,F,84000,88920,24FEB1997,Platinum,3,,,27,5.1269230769
0,40,2,15,2,50,55,54,14,28,27,6,13,11,5,2,11,386.65,55,Unknown,M,95000,83200,,Platinum,3,,,,3.9285714286
0,28,1,16,5,100,100,100,12,17,14,5,7,6,1,1,20,1108.31,40,HomeOwner,F,54000,83850,22NOV1988,Gold,5,,,36,8.3333333333
0,34,1,15,3,100,87.5,75,12,28,56,5,12,21,7,2,15,704.29,117,HomeOwner,M,70000,73580,16OCT2001,Platinum,3,,,23,7.2916666667
0,35,0,24,5,125,125,112.5,11,28,27,6,6,12,2,0,,1737.53,58,HomeOwner,M,48000,71500,08JAN2006,Platinum,,,,19,11.363636364
0,33,0,19,5,75,75,37.7,13,31,68,6,6,30,13,3,,778.75,152,Unknown,U,132000,76700,09MAR1998,Platinum,3,,,26,5.7692307692
0,25,2,22,3,250,183.35,183.35,12,31,30,6,15,13,3,2,50,1741.85,57,Unknown,F,30000,121810,,Platinum,5,,,,15.279166667
0,38,0,18,3,50,50,38.5,13,28,62,5,5,24,10,2,,396.66,137,Unknown,U,129000,67470,,Platinum,2,,,,3.8461538462
0,41,3,15,1,50,52.85,41.15,14,35,54,6,16,21,13,2,10.67,389.78,93,HomeOwner,M,122000,93470,25JAN1984,Platinum,2,,,41,3.775
1,38,4,18,1,50,37.5,36.5,13,33,38,6,16,15,10,2,7.75,219.7,64,Unknown,U,136000,57850,,Platinum,2,,,,2.8846153846
1,0,3,17,2,100,87.5,107.15,27,43,56,11,19,25,7,2,16.67,383.2,84,HomeOwner,F,50000,65390,01MAY1973,Platinum,3,,,51,3.2407407407
0,38,2,15,3,50,50,41.25,12,28,67,5,12,29,12,3,10,399.48,154,HomeOwner,U,122000,53820,25DEC2002,Platinum,2,,,22,4.1666666667
0,52,1,19,3,50,48.35,33.35,12,32,67,6,15,29,12,2,10,382.5,147,Unknown,F,147000,101140,15JUL2004,Platinum,2,,,20,4.0291666667
0,32,3,24,3,50,53.35,45.9,10,28,68,5,14,29,17,3,10.67,395.05,152,HomeOwner,F,111000,114140,19MAR1997,Platinum,2,,,27,5.335
0,25,0,4,10,50,0,66,31,31,77,4,4,17,10,2,,339.39,101,HomeOwner,F,79000,109070,21JUN1989,Platinum,3,,,35,0
0,40,2,23,3,35,45,37.5,12,24,25,6,12,12,4,2,9,386.8,69,Unknown,M,132000,99710,,Platinum,2,,,,3.75
0,40,2,17,3,50,37.5,35,12,20,19,6,10,9,3,2,7.5,335.52,45,HomeOwner,F,141000,102310,23JUN1987,Gold,3,,,37,3.125
0,29,4,22,1,75,66.65,66.65,6,21,26,4,13,11,6,2,13.75,507.54,60,Unknown,F,79000,90610,,Platinum,3,,,,11.108333333
0,22,3,16,2,25,32.5,32,14,27,24,6,12,10,5,2,5,218.79,53,HomeOwner,F,152000,65390,01AUG1981,Platinum,2,,,43,2.3214285714
0,30,0,25,5,75,75,50,9,28,29,4,4,12,3,0,,788.65,66,Unknown,F,102000,79820,29JAN2005,Platinum,,,,20,8.3333333333
0,44,3,17,3,125,100,89.3,11,19,45,5,11,18,7,3,20,1127.55,111,Unknown,U,60000,125060,22JUL2003,Platinum,4,,,21,9.0909090909
0,36,1,18,3,110,103.35,73.9,8,24,40,4,12,16,9,2,24,1126.65,105,Unknown,M,71000,54860,,Platinum,3,,,,12.91875
0,0,2,22,3,100,100,72,12,30,52,6,14,22,5,2,20,822.93,123,Unknown,F,73000,53690,26NOV1984,Platinum,5,,,40,8.3333333333
0,23,2,24,3,100,85,64,11,27,52,6,13,21,5,2,17,714.95,128,Unknown,M,82000,71890,,Platinum,3,,,,7.7272727273
0,34,1,16,5,90,90,73.35,13,30,38,6,13,15,3,2,18,1092.17,77,HomeOwner,F,72000,110370,08JAN1997,Platinum,5,,,28,6.9230769231
0,42,2,21,3,50,45,29.05,12,29,70,6,14,31,16,3,10,340.12,154,HomeOwner,F,165000,71370,16APR2007,Platinum,2,,,17,3.75
0,57,1,26,2,50,48,35.3,11,33,64,5,16,26,16,3,10,323.95,115,Unknown,F,140000,122460,05JUL1951,Platinum,2,,,73,4.3636363636
0,27,1,23,5,80,80,52,10,29,74,4,12,29,15,3,16,1088.6,152,HomeOwner,F,99000,71890,11DEC1991,Platinum,3,,,33,8
0,54,2,17,3,75,71.65,46.45,13,32,45,6,14,17,7,2,15,541.47,96,Unknown,F,109000,245310,28DEC2001,Platinum,3,,,23,5.5115384615
0,34,3,26,2,60,57.5,45.95,9,30,56,4,14,22,16,2,11.33,390.8,110,Unknown,M,110000,102310,,Platinum,2,,,,6.3888888889
0,33,2,9,3,60,75,53.65,25,45,84,11,21,32,11,2,12.5,699.43,91,Unknown,M,96000,148850,,Platinum,2,,,,3
0,24,2,6,2,50,45,56.45,24,43,85,11,20,33,14,2,7.5,327.61,117,Unknown,F,92000,54860,04JUL2004,Platinum,2,,,20,1.875
0,30,0,7,10,0,0,67.5,32,32,67,5,5,15,8,2,,503.4,99,HomeOwner,M,78000,357500,14MAY1994,Platinum,5,,,30,0
0,57,4,16,2,75,46.25,46.25,14,26,24,6,12,10,4,2,9.25,314.51,51,Unknown,F,110000,92950,,Platinum,3,,,,3.3035714286
0,43,3,15,2,25,29,27.9,13,33,55,6,16,23,12,3,5,230.74,105,HomeOwner,F,171000,469950,08MAR1992,Platinum,1,,,32,2.2307692308
0,32,0,15,3,50,62.5,43,13,29,61,5,5,27,10,2,,547.07,149,HomeOwner,F,117000,57980,,Platinum,3,,,,4.8076923077
1,33,2,24,3,125,87.5,87.5,12,30,29,6,14,12,2,2,17.5,472.69,57,HomeOwner,M,61000,250900,16DEC1998,Platinum,5,,,26,7.2916666667
0,22,0,26,5,200,200,120.85,10,28,60,5,5,24,6,2,,1745.95,134,HomeOwner,F,45000,86450,09MAR2002,Platinum,5,,,22,20
0,23,5,8,1,50,56.65,43.25,21,43,94,10,21,39,23,3,10.8,389.24,153,HomeOwner,M,117000,66560,,Platinum,2,,,,2.6976190476
0,65,0,18,5,50,50,50,11,28,69,4,4,27,17,3,,524.06,153,Unknown,F,102000,94770,,Platinum,2,,,,4.5454545455
0,22,1,16,5,100,100,58.75,11,25,37,5,11,15,4,2,20,1117.65,86,Unknown,U,88000,70070,,Platinum,5,,,,9.0909090909
0,29,3,18,2,50,50,50,15,32,32,6,14,12,4,2,10,384.02,57,HomeOwner,M,102000,80860,11MAR2000,Platinum,3,,,24,3.3333333333
0,34,0,26,10,125,0,86,26,26,62,5,5,15,5,2,,670.06,81,HomeOwner,M,62000,92040,13JAN1994,Platinum,5,,,31,0
0,44,0,26,5,85,85,47.8,9,29,67,4,4,27,9,2,,1088.17,137,Unknown,F,107000,73710,,Platinum,3,,,,9.4444444444
0,55,2,17,3,45,40,36,12,30,33,6,14,13,5,2,9.5,319.85,65,Unknown,F,137000,102050,09JUL2005,Platinum,3,,,19,3.3333333333
0,45,3,15,2,55,35,35,12,23,23,5,10,9,4,2,5.67,315.9,53,HomeOwner,F,141000,57330,19MAR2001,Platinum,3,,,23,2.9166666667
0,19,5,17,1,130,121.45,55.55,15,35,83,6,17,34,35,3,25.8,1740.83,152,HomeOwner,F,93000,70070,,Platinum,4,,,,8.0966666667
0,41,1,16,3,100,87.5,22.95,13,29,65,5,11,28,17,3,20,710.65,150,Unknown,F,201000,57850,28MAY2002,Platinum,3,,,22,6.7307692308
0,45,2,20,3,65,58.35,35.85,13,31,64,6,15,27,12,3,11.5,496.65,148,HomeOwner,M,138000,90610,19JUL2004,Platinum,2,,,20,4.4884615385
0,44,0,15,5,250,250,250,8,14,13,5,5,7,2,0,,4247.51,47,Unknown,F,22000,79430,,Gold,,,,,31.25
0,54,2,23,3,100,87.5,62.15,12,31,42,6,16,18,7,2,17.5,708.82,77,HomeOwner,F,84000,149630,18APR2005,Platinum,3,,,19,7.2916666667
0,26,2,18,3,50,35,35,12,24,23,6,12,10,5,2,7.5,347,53,HomeOwner,F,141000,122330,02APR1990,Platinum,3,,,34,2.9166666667
0,34,1,15,2,50,52.5,43.35,14,30,38,6,13,15,6,2,10,378.28,75,Unknown,F,116000,325780,23APR2006,Platinum,3,,,18,3.75
0,52,0,26,5,100,100,80.7,10,29,59,5,5,24,7,2,,1123.59,117,Unknown,M,66000,75270,14OCT2003,Platinum,3,,,21,10
0,29,1,16,2,110,103.75,82.15,13,34,43,6,16,19,7,2,16,1121.65,78,Unknown,F,65000,77610,22MAR1997,Platinum,5,,,27,7.9807692308
0,28,1,17,3,65,70,49,13,29,43,6,13,17,5,2,13,536.48,99,HomeOwner,F,104000,51870,04JUN2003,Platinum,3,,,21,5.3846153846
0,56,2,15,3,320,295,155.25,13,35,88,6,17,33,19,3,59,4248.52,150,HomeOwner,F,35000,266240,30OCT1996,Member,4,,,28,22.692307692
0,34,1,19,3,35,30,36.65,12,23,21,6,11,9,3,2,5,229.35,48,HomeOwner,M,135000,62790,31JUL2000,Gold,2,,,24,2.5
0,20,6,13,1,50,45.5,35.95,27,48,92,10,20,34,21,3,8.5,281.95,93,HomeOwner,F,137000,82940,22MAY1997,Platinum,2,,,27,1.6851851852
0,50,1,19,3,25,50,41.65,12,20,21,6,10,8,3,1,15,394.87,51,Unknown,M,121000,60060,19JAN2006,Platinum,2,,,19,4.1666666667
0,14,2,16,3,100,71.65,71.65,8,23,24,4,12,10,3,2,16.5,642.95,53,Unknown,F,73000,120250,,Platinum,5,,,,8.95625
0,34,0,19,3,50,50,29.45,9,28,72,4,4,28,19,3,,383.52,147,HomeOwner,U,163000,87750,15APR2004,Platinum,2,,,20,5.5555555556
0,24,0,4,10,50,0,92.8,40,40,107,5,5,28,18,3,,339.98,134,Unknown,M,58000,398190,,Platinum,2,,,,0
0,34,1,15,3,25,33.35,33.35,11,18,16,5,8,7,3,1,5,318.27,46,HomeOwner,M,147000,184470,26MAR2007,Gold,2,,,17,3.0318181818
0,38,1,18,3,500,350,268.75,15,36,37,6,16,15,4,1,100,8636.97,64,HomeOwner,F,21000,107120,10FEB2006,Platinum,5,,,19,23.333333333
0,25,0,18,5,225,225,200,13,32,38,6,6,15,3,1,,4251.83,69,Unknown,F,27000,295360,23MAY1997,Platinum,5,,,27,17.307692308
0,28,2,16,3,85,80,60,14,30,37,6,12,14,4,2,16,702.43,77,HomeOwner,M,87000,127920,06JUN1993,Platinum,3,,,31,5.7142857143
0,44,2,21,3,60,63.35,53,12,25,35,6,12,13,5,2,14,540.27,77,HomeOwner,F,97000,174070,09FEB1976,Platinum,3,,,49,5.2791666667
0,39,2,15,2,50,56,47.35,14,35,54,6,16,21,19,3,12.5,377.92,88,HomeOwner,M,107000,168350,01DEC2002,Platinum,2,,,22,4
0,31,0,18,3,75,75,62.5,10,29,55,4,4,22,6,2,,701.1,116,HomeOwner,M,83000,202020,24DEC1994,Platinum,3,,,30,7.5
0,33,1,10,3,100,141.65,125,21,42,44,7,17,16,5,2,25,1756.01,65,HomeOwner,F,43000,129350,17JAN1996,Platinum,5,,,29,6.7452380952
0,39,0,25,5,75,75,77.9,11,29,73,6,6,29,12,3,,785.88,150,HomeOwner,M,68000,111410,03JUN2003,Platinum,3,,,21,6.8181818182
0,57,1,18,3,95,90,56.65,13,33,53,6,15,22,6,2,17,704.75,116,HomeOwner,F,91000,164450,13MAY2000,Platinum,3,,,24,6.9230769231
0,27,0,18,5,95,95,85,10,24,35,4,4,12,3,1,,1078.25,85,HomeOwner,M,63000,158210,31JUL1995,Platinum,5,,,29,9.5
0,55,2,21,2,60,70,65.2,22,42,110,11,22,46,24,3,15.5,946.02,154,HomeOwner,M,80000,121420,21DEC2006,Platinum,2,,,18,3.1818181818
0,32,3,17,3,55,55,44.2,9,23,46,4,11,15,19,3,11,394.1,124,HomeOwner,F,114000,143910,27NOV2003,Platinum,2,,,21,6.1111111111
0,39,1,21,3,50,62.5,44.65,12,31,64,6,16,28,14,3,10,555.95,151,HomeOwner,M,113000,168350,10NOV2005,Platinum,2,,,19,5.2083333333
0,32,1,18,3,60,60,57.5,13,31,57,6,14,26,8,2,12,500.65,145,Unknown,F,90000,143910,13JUN2003,Platinum,2,,,21,4.6153846154
0,35,0,15,10,125,0,96.35,35,35,93,5,5,26,11,2,,666.82,129,HomeOwner,M,56000,82420,03AUG2005,Platinum,4,,,19,0
0,56,1,15,3,100,133.35,87.25,13,34,68,6,17,30,11,2,30,1754.43,153,HomeOwner,F,61000,266240,,Platinum,3,,,,10.257692308
0,25,1,18,3,75,48.35,34.5,13,34,58,6,16,23,10,2,7,486.31,124,HomeOwner,F,142000,76700,06APR1990,Platinum,3,,,34,3.7192307692
0,24,3,18,1,85,73.35,65,13,30,32,6,14,13,7,2,14.33,495,65,Unknown,M,80000,110760,,Platinum,3,,,,5.6423076923
0,31,0,9,3,125,100,87.5,20,38,41,7,7,15,4,1,,1116.28,68,Unknown,M,61000,123890,,Platinum,5,,,,5
0,30,1,19,3,100,75,53.55,13,32,59,6,14,24,7,2,10,700.67,116,HomeOwner,U,96000,131170,13FEB1993,Platinum,3,,,32,5.7692307692
0,27,0,7,10,50,0,50,36,36,99,5,5,30,19,3,,348.4,152,HomeOwner,F,102000,49010,11JAN1974,Platinum,2,,,51,0
1,22,3,21,3,95,85,67.5,13,30,50,6,14,21,6,2,17,808.64,110,HomeOwner,U,78000,476710,02JAN1993,Platinum,3,,,32,6.5384615385
0,24,1,23,3,125,116.65,66.15,13,35,83,6,17,32,26,3,25,1113.57,145,Unknown,F,79000,128700,14NOV1992,Platinum,4,,,32,8.9730769231
0,24,1,22,5,50,50,75,12,23,21,6,11,9,2,2,10,518.33,48,HomeOwner,F,70000,186290,04JUN2001,Gold,3,,,23,4.1666666667
0,31,0,18,3,65,65,41.3,11,30,72,4,4,28,23,3,,539.7,150,HomeOwner,M,121000,73190,25NOV1990,Platinum,2,,,34,5.9090909091
0,19,0,24,5,75,75,51,9,26,47,4,4,19,5,2,,781.18,105,HomeOwner,M,100000,479700,18JUL2005,Platinum,5,,,19,8.3333333333
0,28,1,5,5,100,75,50.4,17,36,73,6,14,28,13,2,15,778.65,147,HomeOwner,F,102000,47970,25MAY1998,Platinum,5,,,26,4.4117647059
0,25,2,24,3,55,55,34,10,29,63,5,14,25,15,3,11,391.54,117,HomeOwner,U,144000,96980,16NOV2002,Platinum,2,,,22,5.5
0,31,1,18,3,100,75,75,12,23,20,6,11,9,2,1,10,710.18,48,Unknown,M,70000,60970,,Gold,5,,,,6.25
0,12,0,18,5,100,100,60,12,26,34,6,6,13,3,2,,1121.56,77,Unknown,F,87000,298090,,Platinum,5,,,,8.3333333333
0,34,3,19,1,50,35,14.75,24,45,114,10,20,46,41,3,7.33,220.94,152,Unknown,M,285000,76050,,Platinum,2,,,,1.4583333333
0,29,2,19,2,30,32,27.5,12,27,37,6,13,15,8,2,6,217.25,88,HomeOwner,M,173000,61620,,Platinum,2,,,,2.6666666667
0,33,1,18,5,125,125,87.5,14,36,41,6,17,17,4,2,25,1746.41,68,Unknown,F,61000,95160,,Platinum,5,,,,8.9285714286
0,21,0,26,3,125,125,100,12,31,53,5,5,19,5,2,,1741.23,101,HomeOwner,M,54000,249860,19NOV2005,Platinum,5,,,19,10.416666667
0,49,2,15,1,90,70.85,54.05,16,37,75,6,17,29,16,3,15,512.69,129,Unknown,M,95000,92690,,Platinum,3,,,,4.428125
0,27,0,15,2,100,85,70.55,8,27,50,4,4,21,9,2,,582.71,113,HomeOwner,F,74000,210210,27JUL1999,Platinum,5,,,25,10.625
0,33,1,18,5,250,250,125,13,32,70,6,15,31,6,2,50,4250.87,147,Unknown,F,43000,80860,30MAY2003,Platinum,4,,,21,19.230769231
0,31,0,18,5,100,100,75,13,31,54,6,6,22,5,2,,1123.11,113,HomeOwner,U,70000,123760,19FEB2007,Platinum,5,,,17,7.6923076923
1,31,3,6,1,50,27.5,28.05,24,42,73,6,15,24,33,3,5,247.94,102,Unknown,M,170000,744250,,Platinum,2,,,,1.1458333333
0,31,0,6,5,50,25,30.65,37,56,67,5,5,13,16,1,,338.79,69,HomeOwner,M,158000,67860,21JUL1977,Platinum,3,,,47,0.6756756757
0,27,2,18,3,75,62.5,50.7,14,34,39,6,17,17,7,2,12.5,550.35,68,HomeOwner,M,101000,62010,23MAY1973,Platinum,5,,,51,4.4642857143
0,31,0,26,5,150,150,105,10,32,52,5,5,23,5,2,,1748.97,101,HomeOwner,M,51000,385840,02APR1998,Platinum,5,,,26,15
0,31,3,6,2,35,55,43.55,20,37,36,8,16,14,7,2,10.67,289.23,59,Unknown,F,116000,70850,,Platinum,1,,,,2.75
0,44,0,26,3,100,87.5,58.75,11,31,39,5,5,15,4,2,,713.43,77,Unknown,M,88000,228150,21JUN2000,Platinum,5,,,24,7.9545454545
0,29,3,16,2,60,50,38,9,24,43,4,11,17,10,2,10,385.76,105,Unknown,M,131000,49920,,Platinum,2,,,,5.5555555556
0,30,0,26,3,175,115,76.8,11,30,40,5,5,16,4,1,,1123.58,81,Unknown,F,69000,239720,30JUL1978,Platinum,5,,,46,10.454545455
0,27,0,15,2,55,37.5,37.5,11,23,21,5,5,9,4,0,,325.24,52,HomeOwner,M,132000,69810,24JUL2004,Platinum,,,,20,3.4090909091
0,28,0,26,5,100,100,67,9,26,47,4,4,18,5,2,,1113.14,99,Unknown,F,78000,198900,26JUL1997,Platinum,5,,,27,11.111111111
0,44,0,26,5,80,35,55,13,31,35,4,4,11,4,0,,677.46,64,HomeOwner,M,94000,60840,24OCT2004,Platinum,,,,20,2.6923076923
0,37,0,15,3,80,75,76.65,23,30,29,9,9,11,3,0,,699.1,43,HomeOwner,F,69000,68510,,Gold,,,,,3.2608695652
0,33,1,8,3,125,75,91.65,15,28,27,4,10,9,3,1,20,956.07,52,Unknown,F,58000,92820,23FEB2005,Platinum,5,,,19,5
0,30,1,15,2,35,33.75,33.75,10,23,22,5,11,10,4,1,5,284.1,55,HomeOwner,F,145000,75010,25MAR1989,Platinum,2,,,35,3.375
0,32,0,19,5,75,75,68.35,11,29,36,5,5,14,3,1,,789.41,68,HomeOwner,U,77000,156000,,Platinum,5,,,,6.8181818182
0,23,0,18,3,150,137.5,88.2,13,35,60,6,6,26,11,2,,1751.58,102,HomeOwner,F,60000,146250,21JAN2002,Platinum,5,,,23,10.576923077
0,42,0,26,10,125,0,103.35,30,30,88,5,5,23,15,2,,672.39,109,HomeOwner,F,52000,103870,05JUL2004,Platinum,4,,,20,0
0,15,1,17,5,75,75,43.45,12,29,73,4,12,31,16,3,15,776.43,150,Unknown,U,116000,58110,,Platinum,3,,,,6.25
0,24,0,10,10,50,0,69,30,30,77,5,5,20,10,2,,343.18,91,HomeOwner,F,76000,104650,19JUL2002,Platinum,3,,,22,0
0,18,2,20,3,40,43.35,38.75,13,26,25,6,11,9,4,2,9.5,309.5,55,HomeOwner,M,129000,70980,14JUL1991,Platinum,3,,,33,3.3346153846
1,35,3,8,2,15,22,21.1,16,35,40,7,16,17,9,2,4.33,215.83,77,HomeOwner,M,216000,118040,,Platinum,1,,,,1.375
0,23,1,16,2,75,61.25,54,14,31,33,6,13,13,5,2,15,382.45,69,HomeOwner,U,95000,56810,28OCT1992,Platinum,5,,,32,4.375
0,26,1,15,5,75,75,75,5,6,6,2,3,3,1,1,15,783.23,39,Unknown,F,70000,84630,,Member,5,,,,15
1,26,3,21,3,50,40,37.5,13,25,25,6,12,10,4,2,8,462.91,53,Unknown,F,132000,131820,04FEB1998,Platinum,3,,,27,3.0769230769
0,38,1,18,3,100,91.65,72.5,7,13,12,2,5,5,4,1,25,705.54,53,Unknown,M,73000,124800,,Member,5,,,,13.092857143
0,35,2,15,2,50,52.5,52.5,13,27,23,6,13,11,4,2,10,380.78,51,Unknown,F,98000,56810,17FEB1971,Platinum,3,,,53,4.0384615385
0,26,2,16,3,60,56.65,46.25,6,12,12,1,4,4,4,2,11,489.85,53,Unknown,U,110000,127530,,Member,3,,,,9.4416666667
1,26,1,19,3,85,78.35,78.35,11,26,25,5,12,11,3,1,20,746.17,56,HomeOwner,M,67000,72930,18JUN1990,Platinum,5,,,34,7.1227272727
0,17,1,18,2,500,255,201.95,31,53,92,6,17,29,23,3,51,8636.38,135,Unknown,F,27000,49530,03DEC2003,Platinum,4,,,21,8.2258064516
0,16,0,18,3,100,100,80,13,31,58,6,6,23,7,2,,829.36,121,HomeOwner,M,66000,103610,20NOV1988,Platinum,5,,,36,7.6923076923
0,36,1,18,3,55,65,33.45,13,29,62,6,13,25,13,3,15,555.84,137,HomeOwner,M,146000,82030,01JUN2006,Platinum,2,,,18,5
0,0,2,18,2,125,128,78.05,15,35,78,6,17,30,28,3,21,1754.97,135,Unknown,F,68000,51740,,Platinum,4,,,,8.5333333333
0,40,1,18,2,60,86.25,73.75,26,48,103,11,22,41,28,3,16,579.71,116,HomeOwner,F,71000,752830,09FEB1986,Platinum,2,,,39,3.3173076923
0,26,0,26,3,100,100,76,10,30,45,5,5,17,5,2,,838.25,89,HomeOwner,M,69000,180050,30MAY1994,Platinum,5,,,30,10
0,17,0,24,5,75,75,45,10,27,34,4,4,12,3,2,,788.01,79,HomeOwner,M,113000,97110,20JUL1982,Platinum,5,,,42,7.5
0,39,2,17,3,125,61.65,52.15,13,35,52,6,17,22,14,2,12.5,672.7,110,HomeOwner,M,98000,82680,25FEB2003,Platinum,4,,,21,4.7423076923
0,37,1,8,5,100,75,87.5,15,20,18,5,7,6,2,1,15,787.03,41,Unknown,M,61000,257010,06MAR1996,Gold,5,,,28,5
0,27,3,19,2,30,38.75,35.85,12,29,29,6,15,13,6,2,6.67,293.42,56,HomeOwner,F,138000,126360,30DEC2003,Platinum,2,,,21,3.2291666667
0,0,0,17,5,175,175,89.3,29,49,68,6,6,18,7,2,,1743.3,80,Unknown,F,60000,185900,,Platinum,5,,,,6.0344827586
0,0,1,15,2,100,93.75,71.25,13,33,48,6,15,19,8,2,20,581.79,91,Unknown,F,74000,70850,,Platinum,5,,,,7.2115384615
0,37,2,6,2,500,181.25,206.8,27,48,96,10,21,36,11,2,42.5,11165.97,101,HomeOwner,F,27000,691990,04APR2007,Platinum,4,,,17,6.712962963
0,20,0,18,5,75,75,61.65,10,21,33,4,4,12,3,1,,786.93,81,HomeOwner,M,84000,242450,16MAY1986,Platinum,5,,,38,7.5
0,29,0,19,5,200,200,31.65,13,33,77,6,6,33,24,3,,1743.34,151,HomeOwner,M,153000,51740,28JAN2002,Platinum,4,,,23,15.384615385
0,25,0,17,3,110,105,74,15,33,49,6,6,19,5,2,,1123.41,100,HomeOwner,F,71000,216320,30APR2000,Platinum,5,,,24,7
0,38,4,8,2,25,43.75,27.75,18,37,79,6,16,33,22,3,8.75,287.82,148,HomeOwner,M,172000,70330,01DEC1985,Platinum,1,,,39,2.4305555556
0,32,0,19,3,100,100,62.5,13,34,63,6,6,29,8,2,,829.05,150,HomeOwner,F,83000,71370,,Platinum,3,,,,7.6923076923
0,42,3,20,3,85,80,52.95,15,35,74,6,17,29,17,3,16,701.47,126,HomeOwner,M,97000,76830,28MAY2005,Platinum,3,,,19,5.3333333333
0,34,0,26,5,125,125,94.45,6,20,44,3,3,16,9,2,,1754.28,152,HomeOwner,M,57000,154830,21DEC2004,Platinum,4,,,20,20.833333333
0,27,0,18,5,80,80,64,10,23,46,4,4,16,5,2,,1079.2,93,Unknown,M,82000,76700,21MAR1997,Platinum,5,,,27,8
0,40,0,18,3,125,112.5,76,13,31,52,6,6,21,5,1,,1113,104,HomeOwner,F,69000,123240,08DEC2001,Platinum,5,,,23,8.6538461538
0,30,2,17,3,100,95,64.3,15,35,55,6,16,20,7,2,19,699.79,88,HomeOwner,F,81000,82030,20JUL2004,Platinum,3,,,20,6.3333333333
0,19,1,20,3,20,116.65,69.15,12,32,35,6,16,16,6,2,20,826.55,65,HomeOwner,M,76000,134940,18JUN2003,Platinum,2,,,21,9.7208333333
0,41,0,20,5,100,100,100,10,16,15,4,4,5,1,0,,1115.19,44,HomeOwner,M,54000,54340,26MAR1993,Gold,,,,31,10
0,30,1,18,3,50,45,23.55,13,34,59,6,16,27,14,3,7,354.84,129,HomeOwner,F,197000,82030,03JUN2006,Platinum,2,,,18,3.4615384615
0,28,0,13,5,225,150,83.95,28,50,81,7,7,30,14,2,,1738.74,129,HomeOwner,F,63000,118820,09FEB1996,Platinum,4,,,29,5.3571428571
0,30,1,24,3,75,75,42.25,11,32,64,6,16,30,11,3,15,697.04,154,HomeOwner,F,119000,82030,09DEC2001,Platinum,3,,,23,6.8181818182
0,20,3,11,1,125,143.35,111.35,28,48,133,11,22,48,37,3,22.67,1741.1,151,Unknown,U,48000,267670,24JUN2005,Platinum,4,,,19,5.1196428571
1,23,0,24,5,150,150,90.7,10,26,59,5,5,23,7,2,,1759.85,117,HomeOwner,M,59000,146640,14NOV2001,Platinum,4,,,23,15
0,28,1,5,2,25,37.5,37.6,20,41,73,9,19,28,21,3,10,294.5,112,HomeOwner,M,132000,58110,10FEB1997,Platinum,1,,,28,1.875
0,35,2,24,3,75,75,78.35,12,26,25,6,13,11,3,2,15,711.34,52,Unknown,F,67000,80990,,Platinum,5,,,,6.25
0,39,2,25,2,100,75,90.3,18,40,97,8,19,38,18,2,15,581.81,90,Unknown,F,59000,85280,,Platinum,3,,,,4.1666666667
0,35,1,17,3,50,58.35,58.35,13,28,28,6,12,11,3,1,10,397.25,56,HomeOwner,F,89000,80080,,Platinum,3,,,,4.4884615385
0,18,0,24,5,125,125,58.35,12,30,34,6,6,12,3,1,,1750.54,64,HomeOwner,F,89000,73450,16NOV1988,Platinum,5,,,36,10.416666667
0,27,0,19,5,100,100,87.5,11,25,45,4,4,18,4,2,,1118.23,104,Unknown,F,61000,188760,,Platinum,5,,,,9.0909090909
0,26,0,26,5,100,100,62.5,9,25,29,4,4,11,2,1,,1123.98,69,HomeOwner,F,83000,87490,20MAR1994,Platinum,5,,,30,11.111111111
0,10,0,18,3,125,125,85.7,13,35,58,6,6,23,7,2,,1747.02,100,HomeOwner,F,62000,215020,18JUN2003,Platinum,5,,,21,9.6153846154
0,31,0,16,3,100,100,88.5,13,31,61,6,6,23,10,2,,839.68,111,HomeOwner,M,60000,85280,26OCT1976,Platinum,3,,,48,7.6923076923
0,30,0,26,5,75,75,50,12,34,39,5,5,16,5,1,,781.9,69,Unknown,F,102000,89180,,Platinum,5,,,,6.25
0,46,3,16,1,55,51.65,51.65,27,42,51,11,18,20,6,2,9.67,381.38,57,HomeOwner,M,99000,184210,28MAR2006,Platinum,3,,,18,1.912962963
0,50,0,24,5,125,125,87.5,11,26,34,6,6,13,2,1,,1738.43,78,HomeOwner,F,61000,82940,07FEB2002,Platinum,5,,,23,11.363636364
0,26,0,24,5,100,100,46,10,21,43,4,4,16,5,2,,1116.7,135,HomeOwner,F,110000,87490,11NOV1985,Platinum,5,,,39,10
0,14,0,15,5,75.45,75.45,51.8,8,23,30,2,2,10,3,2,,779.99,68,HomeOwner,M,99000,63050,29APR1997,Member,5,,,27,9.43125
0,27,0,4,10,50,0,45.4,39,39,98,7,7,27,20,3,,353.99,137,HomeOwner,M,112000,51220,27MAR1992,Platinum,2,,,32,0
0,26,0,20,5,100,100,70,11,26,50,4,4,18,5,2,,1112.11,112,HomeOwner,F,75000,137540,21APR1992,Platinum,5,,,32,9.0909090909
0,36,1,16,5,50,50,48.9,7,14,39,4,8,17,9,2,10,507.13,113,HomeOwner,F,104000,50830,31OCT1997,Platinum,2,,,27,7.1428571429
0,20,0,26,5,115,115,77.5,9,26,46,4,4,18,4,1,,1123.23,99,HomeOwner,M,68000,90480,11APR1990,Platinum,5,,,34,12.777777778
0,21,0,27,10,80,0,44.15,26,26,62,4,4,14,6,2,,667.65,89,HomeOwner,M,114000,106860,15FEB2003,Platinum,5,,,22,0
0,24,2,15,3,250,175,175,12,19,17,5,8,7,2,2,35,1754.17,44,HomeOwner,F,31000,113750,12JUL2001,Gold,5,,,23,14.583333333
0,26,3,16,3,100,53.35,38,13,30,35,5,12,13,5,2,10.67,663.6,69,Unknown,F,131000,120380,05APR1992,Platinum,3,,,32,4.1038461538
0,37,0,21,5,125,125,82.5,12,32,36,6,6,15,4,1,,1754.21,69,HomeOwner,F,64000,109330,11JAN1979,Platinum,5,,,46,10.416666667
0,0,1,4,3,125,86.65,93.35,19,35,47,7,14,16,6,2,12,956.98,79,HomeOwner,F,57000,81900,,Platinum,5,,,,4.5605263158
0,28,2,17,3,75,62.5,66.65,13,35,63,6,17,28,9,2,12.5,553.2,139,Unknown,U,79000,160940,,Platinum,3,,,,4.8076923077
0,24,2,21,3,100,75,66.65,12,30,35,6,14,14,3,2,15,708.84,68,Unknown,F,79000,52390,,Platinum,5,,,,6.25
1,34,0,16,3,100,100,87.5,14,30,38,6,6,15,4,1,,510.19,77,HomeOwner,M,61000,170300,30JUL2003,Platinum,5,,,21,7.1428571429
0,22,1,21,5,75,75,75,8,15,13,3,6,5,1,1,15,777.49,45,Unknown,F,70000,117520,13FEB2004,Gold,5,,,21,9.375
0,35,0,18,5,135,135,87.2,11,31,55,5,5,21,9,1,,1755.39,126,Unknown,U,61000,115570,23MAR2006,Platinum,5,,,18,12.272727273
0,27,0,25,5,125,125,83.75,11,29,48,6,6,20,4,2,,1751,95,Unknown,F,63000,148070,16FEB2006,Platinum,5,,,18,11.363636364
0,30,0,25,3,100,100,77.15,12,34,43,6,6,19,7,1,,826.48,77,HomeOwner,F,68000,123240,28FEB2001,Platinum,5,,,23,8.3333333333
0,32,1,24,5,75,75,75,8,18,16,3,7,6,1,1,15,781.88,48,HomeOwner,F,70000,66040,10MAR2002,Gold,5,,,22,9.375
0,54,0,18,10,125,0,92.6,30,30,120,6,6,35,23,2,,660.54,157,HomeOwner,M,58000,55380,26APR2001,Platinum,4,,,23,0
0,34,1,15,1,35,39.4,36.35,24,44,84,11,22,37,22,2,10,222.26,150,HomeOwner,M,136000,101530,31JAN2000,Platinum,1,,,25,1.6416666667
1,38,1,18,3,100,25,41.25,13,30,30,6,12,10,4,1,5,217.12,60,HomeOwner,F,122000,59670,,Platinum,5,,,,1.9230769231
0,32,0,6,5,75,75,62.5,14,28,43,5,5,11,4,1,,774.3,65,HomeOwner,M,83000,653250,31DEC1999,Platinum,5,,,25,5.3571428571
1,22,1,22,5,100,100,100,6,10,9,1,4,4,1,1,20,1508.97,46,Unknown,F,54000,348010,,Member,5,,,,16.666666667
0,25,0,16,3,265,150,108.35,13,31,31,5,5,12,3,1,,1751.53,66,HomeOwner,M,50000,184600,,Platinum,5,,,,11.538461538
0,23,2,17,3,75,62.5,51.65,13,26,50,6,12,18,6,2,12.5,554.48,105,HomeOwner,F,99000,75270,18OCT2001,Platinum,5,,,23,4.8076923077
0,27,1,24,5,100,100,100,7,17,16,3,7,6,1,1,20,1108.49,48,Unknown,F,54000,63570,,Gold,5,,,,14.285714286
0,29,3,16,2,50,46.25,47.85,14,33,37,6,15,15,7,2,10.67,314.42,68,HomeOwner,M,106000,83070,,Platinum,2,,,,3.3035714286
0,32,4,6,2,80,65,63,26,46,56,11,20,21,10,2,13.25,503.18,69,HomeOwner,M,83000,80730,14FEB1993,Platinum,3,,,32,2.5
0,15,1,18,2,110,61.25,50,13,32,36,6,15,15,6,2,9,396,68,HomeOwner,F,102000,108290,29JUL1997,Platinum,5,,,27,4.7115384615
0,16,1,23,5,175,175,137.5,6,12,11,1,4,4,2,2,35,1753.25,52,Unknown,F,39000,317720,,Member,5,,,,29.166666667
0,23,2,16,2,25,32.5,30,13,29,29,6,13,11,6,2,8,227.96,56,HomeOwner,F,161000,74360,17FEB2004,Platinum,2,,,20,2.5
0,22,1,27,5,100,100,87.5,10,25,25,4,10,10,2,1,20,1116.46,57,HomeOwner,M,61000,112840,28OCT1981,Platinum,5,,,43,10
0,23,0,27,10,90,0,131.45,10,10,59,5,5,23,7,2,,661.57,114,Unknown,U,41000,212290,21APR2005,Platinum,5,,,19,0
1,37,1,5,3,50,50,47.15,45,65,85,7,16,20,21,2,10,365.9,81,HomeOwner,M,108000,202410,07JUN2001,Platinum,2,,,23,1.1111111111
0,22,0,15,3,75,60,45,9,23,33,3,3,11,4,2,,500.81,76,HomeOwner,F,113000,234260,,Member,5,,,,6.6666666667
0,33,2,20,3,75,100,100,12,30,31,6,13,11,3,2,20,825.79,61,HomeOwner,F,54000,80080,11APR2002,Platinum,5,,,22,8.3333333333
0,21,0,27,5,75,75,71.25,7,26,40,3,3,16,4,2,,771.22,80,HomeOwner,M,74000,168740,13DEC1983,Platinum,5,,,41,10.714285714
1,0,2,15,3,30,38.35,36.45,12,32,34,6,16,15,7,2,7.5,333.25,64,Unknown,F,136000,80340,,Platinum,2,,,,3.1958333333
0,26,0,17,3,150,150,88.35,13,35,76,6,6,32,12,2,,1746.3,146,HomeOwner,M,60000,258310,31OCT1997,Platinum,4,,,27,11.538461538
0,22,1,16,3,85,80,80,14,21,19,6,9,7,2,1,17,715.23,44,HomeOwner,M,66000,52520,17APR1987,Gold,5,,,37,5.7142857143
0,33,0,15,3,125,125,73.15,13,34,65,6,6,26,8,2,,1749.91,137,HomeOwner,F,72000,75010,16OCT1999,Platinum,5,,,25,9.6153846154
0,10,1,10,3,50,63.35,60.4,35,57,71,6,17,19,13,2,13,549.85,80,Unknown,F,86000,226850,,Platinum,3,,,,1.81
0,15,0,15,3,75,75,54,11,29,43,5,5,16,5,2,,701.23,81,HomeOwner,M,95000,478660,14APR2004,Platinum,5,,,20,6.8181818182
0,30,0,26,5,100,100,50,9,26,56,4,4,22,8,2,,1120.16,116,Unknown,F,102000,46670,23FEB1982,Platinum,3,,,42,11.111111111
0,35,0,18,5,75,75,41.25,11,28,33,5,5,15,4,2,,788.58,75,Unknown,F,122000,715000,26MAY2006,Platinum,5,,,18,6.8181818182
0,0,4,8,1,15,15.7,15,17,35,35,7,16,15,11,2,2.75,172.91,65,HomeOwner,M,281000,121550,,Platinum,1,,,,0.9235294118
0,15,0,18,3,250,187.5,187.5,13,33,44,6,6,20,4,1,,1742.64,80,Unknown,M,29000,411710,,Platinum,5,,,,14.423076923
0,24,0,6,5,50,50,47.7,27,42,69,4,4,17,13,2,,517.41,92,HomeOwner,M,107000,356070,28JAN2002,Platinum,2,,,23,1.8518518519
0,23,1,18,2,65,61,61,12,31,29,6,15,13,5,1,10,387.71,57,Unknown,F,85000,0,,Platinum,3,,,,5.0833333333
0,27,0,21,5,100,100,61.25,12,29,44,6,6,17,4,2,,1122.28,91,Unknown,U,85000,175240,,Platinum,5,,,,8.3333333333
0,42,0,18,5,75,75,67.5,13,32,35,6,6,15,4,1,,776.04,68,HomeOwner,M,78000,78520,07FEB1992,Platinum,5,,,33,5.7692307692
0,29,1,18,3,75,70,62.5,12,32,35,6,15,14,4,1,14,554.82,63,HomeOwner,M,83000,54600,,Platinum,5,,,,5.8333333333
0,20,0,25,5,175,175,135.7,11,29,63,6,6,26,7,2,,1741.43,129,HomeOwner,F,40000,87750,14JUL2002,Platinum,5,,,22,15.909090909
0,42,0,18,3,75,62.5,42.85,18,36,58,6,6,16,7,1,,544.8,89,HomeOwner,M,118000,76700,11JUL2005,Platinum,5,,,19,3.4722222222
0,25,0,15,3,200,162.5,118.75,12,32,41,5,5,17,4,1,,1743.35,76,Unknown,M,45000,180570,02FEB1997,Member,5,,,28,13.541666667
0,27,0,19,3,125,125,104.3,13,35,54,6,6,21,7,2,,1738.86,87,Unknown,F,51000,175240,,Platinum,5,,,,9.6153846154
0,20,0,15,3,105,105,60.55,12,33,68,5,5,30,9,2,,1111.75,126,HomeOwner,F,86000,90220,26JAN2000,Member,5,,,25,8.75
0,36,2,19,2,35,52.5,48.45,19,35,78,9,16,28,13,3,10,283.58,117,Unknown,U,105000,60190,,Platinum,1,,,,2.7631578947
0,54,0,19,3,75,62.5,50,13,33,51,6,6,22,7,2,,541.75,103,HomeOwner,M,102000,80340,10MAR2004,Platinum,5,,,20,4.8076923077
0,21,0,4,3,50,62.5,55.55,35,54,66,9,9,18,9,1,,545.52,65,Unknown,M,93000,101660,,Platinum,3,,,,1.7857142857
1,22,2,19,1,15,24.15,16.25,14,35,63,6,17,26,20,3,5,249.02,137,Unknown,F,265000,282360,,Platinum,1,,,,1.725
0,38,1,17,3,50,77.5,86.65,13,35,54,6,17,21,9,2,21,703.02,86,Unknown,F,61000,63440,10NOV1994,Platinum,2,,,30,5.9615384615
0,25,4,19,2,40,29,28.5,13,30,35,6,15,14,10,2,5.5,215.83,65,Unknown,M,168000,71890,,Platinum,2,,,,2.2307692308
0,33,0,25,5,90,90,51,9,29,67,4,4,29,10,3,,1078.87,150,HomeOwner,M,100000,68250,18APR2004,Platinum,3,,,20,10
1,33,8,15,1,15,15.75,12.9,14,33,80,6,17,35,39,4,2.63,151.32,154,Unknown,M,314000,93080,,Platinum,1,,,,1.125
0,60,0,16,10,50,0,60,31,31,85,4,4,21,10,2,,347.16,114,HomeOwner,U,87000,146250,02JAN2004,Platinum,2,,,21,0
0,32,1,18,2,55,47.5,40.85,13,34,33,6,16,15,6,2,5,318.03,62,HomeOwner,F,123000,112450,15MAY1999,Platinum,3,,,25,3.6538461538
1,29,5,18,1,25,23.55,18.9,12,34,73,6,17,29,23,3,4.6,172.22,129,Unknown,M,235000,58890,27JUN2004,Platinum,1,,,20,1.9625
0,31,0,19,3,100,100,100,10,23,37,4,4,13,3,1,,840.09,92,Unknown,M,54000,57460,01JAN2006,Platinum,5,,,19,10
0,26,1,21,5,75,75,75,8,15,13,3,6,5,1,1,15,787.33,45,HomeOwner,F,70000,184080,19JAN1983,Gold,5,,,42,9.375
0,30,0,18,5,125,125,68.75,13,32,41,6,6,16,4,1,,1754.14,81,HomeOwner,M,76000,47710,,Platinum,5,,,,9.6153846154
0,43,1,5,5,50,110,75.7,25,44,63,6,14,17,7,2,22,1113.23,76,HomeOwner,F,70000,156000,18MAR1981,Platinum,3,,,43,4.4
0,39,0,25,5,250,250,208.35,7,28,60,4,4,25,6,1,,4250.18,125,HomeOwner,M,26000,74490,17OCT2005,Platinum,5,,,19,35.714285714
0,42,1,18,3,100,75,75,6,13,13,2,6,6,2,1,10,705.35,56,Unknown,F,70000,96590,,Member,5,,,,12.5
1,34,0,19,3,100,75,60,12,30,29,6,6,12,3,1,,1238.74,66,Unknown,F,87000,53430,24MAR1996,Platinum,5,,,28,6.25
0,29,1,20,3,100,100,73.85,8,25,61,4,13,26,22,3,20,842.75,154,Unknown,M,71000,52000,,Platinum,3,,,,12.5
0,44,0,19,3,75,61.65,47.5,13,33,55,6,6,20,8,2,,495.54,93,HomeOwner,F,107000,180700,,Platinum,5,,,,4.7423076923
0,25,1,17,5,125,125,125,11,16,14,5,7,6,1,1,25,1746.98,41,Unknown,F,43000,53950,,Gold,5,,,,11.363636364
0,29,0,19,3,135,135,57.15,13,35,77,6,6,31,14,3,,1747.06,143,Unknown,M,91000,30810,05FEB2002,Platinum,4,,,23,10.384615385
0,16,0,26,3,85,55,55,9,25,23,4,4,10,2,0,,674.99,56,HomeOwner,F,94000,60580,14MAR1984,Platinum,,,,40,6.1111111111
0,32,0,18,3,125,137.5,88.1,13,34,73,6,6,33,13,2,,1741.46,149,HomeOwner,M,60000,49140,,Platinum,4,,,,10.576923077
0,27,3,17,1,25,33.35,33,23,42,61,9,19,23,10,2,7,238.35,79,Unknown,F,148000,73060,,Platinum,2,,,,1.45
0,39,0,17,10,125,0,87.5,13,13,58,6,6,22,6,2,,676.29,101,Unknown,M,61000,67340,,Platinum,5,,,,0
0,39,1,16,3,50,37.5,40.7,27,45,62,6,13,15,7,2,10,345.73,87,HomeOwner,F,123000,113880,17NOV2006,Platinum,3,,,18,1.3888888889
0,35,0,19,5,80,80,45.7,11,27,49,4,4,16,7,2,,1089.07,93,HomeOwner,M,111000,111410,17FEB1997,Platinum,5,,,27,7.2727272727
0,30,2,4,2,250,162.5,182.5,25,47,81,10,21,31,10,2,40,1749.65,77,Unknown,F,30000,103610,01MAR2005,Platinum,4,,,19,6.5
0,48,0,18,3,125,100,44.25,13,34,66,6,6,26,13,2,,1120.34,115,HomeOwner,F,114000,41470,29MAY1996,Platinum,4,,,28,7.6923076923
0,26,0,18,5,100,100,34.3,10,18,46,4,4,20,7,2,,1111.93,147,HomeOwner,M,143000,144950,10DEC2004,Platinum,3,,,20,10
0,47,0,18,3,80,75,53.35,11,28,51,4,4,18,6,1,,699.13,113,HomeOwner,M,96000,62400,24MAY2006,Platinum,5,,,18,6.8181818182
0,23,4,17,1,180,184.15,157.25,28,47,70,11,22,28,11,2,39,1739.14,87,Unknown,M,35000,120640,09MAY1990,Platinum,4,,,34,6.5767857143
0,27,0,18,3,75,62.5,33.55,12,30,49,5,5,19,7,2,,1031.55,105,Unknown,F,146000,24700,17JUN2007,Platinum,5,,,17,5.2083333333
0,18,0,19,3,75,75,60,12,33,43,6,6,17,6,2,,697.12,79,Unknown,F,87000,63440,23APR1990,Platinum,5,,,34,6.25
0,28,0,18,3,75,62.5,42.85,13,31,49,6,6,19,7,2,,549.66,100,HomeOwner,F,118000,40950,10OCT1989,Platinum,5,,,35,4.8076923077
0,31,3,15,1,25,35.7,30.95,27,47,123,10,19,49,32,3,9.33,230.63,152,Unknown,F,156000,106730,26APR2007,Platinum,1,,,17,1.3222222222
0,41,0,18,5,125,125,101.45,13,35,47,6,6,20,7,2,,1743.29,76,HomeOwner,M,53000,214240,21FEB2002,Platinum,5,,,22,9.6153846154
0,15,1,19,3,25,50,50,10,20,19,4,8,7,2,1,15,385.83,48,HomeOwner,F,102000,60190,,Gold,2,,,,5
0,34,0,26,3,150,133.35,100.45,11,33,72,5,5,28,11,2,,1749.87,127,HomeOwner,M,53000,57460,24MAR1999,Platinum,4,,,25,12.122727273
0,5,0,10,10,0,0,45.65,23,23,76,4,4,21,8,2,,194.78,120,Unknown,F,111000,22100,27JUN1989,Platinum,4,,,35,0
0,23,0,21,5,100,100,70.65,12,31,54,6,6,21,8,1,,1106.79,93,HomeOwner,F,74000,110500,21JUN1991,Platinum,5,,,33,8.3333333333
1,27,2,17,3,50,50,43.35,13,21,20,6,10,8,3,2,10,366.61,44,HomeOwner,M,116000,72020,13OCT1986,Gold,3,,,38,3.8461538462
0,28,0,15,5,75,75,45,10,25,39,4,4,13,4,1,,784.94,99,Unknown,F,113000,58370,17JUN1991,Platinum,5,,,33,7.5
0,26,2,21,3,75,50,50,6,13,14,1,5,5,3,2,10,489.19,57,Unknown,F,102000,155090,,Member,5,,,,8.3333333333
0,41,0,15,5,75,75,46.1,10,24,58,3,3,22,9,2,,779.38,126,HomeOwner,M,110000,83590,,Member,5,,,,7.5
0,41,0,19,5,75,75,45.65,6,18,46,3,3,21,8,2,,783.9,135,Unknown,F,111000,98930,17JUN1997,Platinum,3,,,27,12.5
0,19,0,18,3,85,80,53,12,32,46,6,6,18,5,2,,704.06,87,HomeOwner,F,97000,63440,17OCT1991,Platinum,5,,,33,6.6666666667
0,13,0,4,3,0,50,37.5,29,48,88,5,5,27,12,2,,389.53,148,HomeOwner,M,132000,104130,21APR2003,Platinum,4,,,21,1.724137931
0,45,0,16,5,100,100,77.5,10,20,44,5,5,17,4,1,,1109.44,102,Unknown,F,68000,53430,13JUL2003,Platinum,5,,,21,10
1,42,4,16,2,50,45,45,14,27,25,6,12,10,4,2,9,306.35,53,HomeOwner,M,113000,83200,02APR1992,Platinum,2,,,32,3.2142857143
0,35,0,18,3,75,65,51.65,10,28,29,4,4,11,3,1,,549.85,65,HomeOwner,M,99000,62660,02NOV1976,Platinum,5,,,48,6.5
0,36,5,13,1,35,57.5,77.6,25,46,95,11,22,32,25,3,14,367.45,112,HomeOwner,M,68000,169910,,Platinum,1,,,,2.3
0,43,0,18,3,100,100,72.5,8,23,47,4,4,19,8,2,,834.68,116,HomeOwner,M,73000,56030,06JUN2002,Platinum,5,,,22,12.5
0,37,1,17,3,75,62.5,62.5,11,24,22,4,10,9,2,1,10,547.84,53,Unknown,F,83000,75660,,Platinum,5,,,,5.6818181818
0,16,0,18,5,125,125,90,13,32,52,6,6,21,5,2,,1743.48,99,HomeOwner,M,59000,56290,21NOV2001,Platinum,5,,,23,9.6153846154
0,37,0,15,3,75,48.35,42.5,11,29,31,4,4,12,4,1,,490.95,65,HomeOwner,F,118000,85670,25MAY1994,Platinum,5,,,30,4.3954545455
0,32,0,25,5,75,75,63.35,10,28,50,5,5,19,6,1,,772.82,101,HomeOwner,M,82000,108030,04MAY1989,Platinum,5,,,35,7.5
0,35,3,15,2,30,31.25,29,12,23,22,5,10,9,5,2,6.33,225.1,53,Unknown,F,165000,181220,24DEC1975,Platinum,2,,,49,2.6041666667
0,28,0,26,5,250,250,150,10,31,59,5,5,23,5,2,,4263.4,113,HomeOwner,F,36000,58110,,Platinum,4,,,,25
0,37,3,16,1,50,45,37.8,16,35,47,6,15,17,9,2,8,277.77,89,Unknown,M,131000,106600,,Platinum,2,,,,2.8125
0,30,1,17,5,75,75,75,10,15,13,4,6,5,1,1,15,777.86,41,HomeOwner,M,70000,63050,07DEC2003,Gold,5,,,21,7.5
0,43,2,24,3,50,50,39.1,10,30,62,5,14,24,17,3,10,386.45,113,Unknown,F,128000,81250,12OCT1985,Platinum,2,,,39,5
0,32,0,22,5,125,125,125,10,17,15,4,4,6,1,0,,1752.91,46,HomeOwner,F,43000,111540,26JUN1995,Gold,,,,29,12.5
0,52,2,24,3,125,125,96.5,11,33,63,6,17,27,10,2,25,1743.84,117,HomeOwner,M,55000,314860,23APR1955,Platinum,5,,,69,11.363636364
0,36,1,17,5,75,75,75,10,15,13,4,6,5,1,1,15,776.61,41,Unknown,M,70000,92040,26NOV1999,Gold,5,,,25,7.5
0,34,0,26,10,90,0,47.8,26,26,79,5,5,22,9,2,,677.65,112,Unknown,F,107000,113490,04JUN1999,Platinum,3,,,25,0
0,29,0,26,5,250,250,85,6,16,40,4,4,15,4,2,,4264.91,109,Unknown,F,63000,26130,17JUL1996,Platinum,5,,,28,41.666666667
0,29,2,21,3,100,70,70,6,13,14,2,6,6,3,2,15,1029.44,56,Unknown,U,75000,652730,,Member,5,,,,11.666666667
0,30,0,18,3,200,175,87.2,13,33,71,6,6,33,9,2,,1750.53,151,Unknown,F,61000,44460,13JUN1994,Platinum,4,,,30,13.461538462
1,32,0,18,3,75,70,36.1,12,25,51,5,5,18,9,2,,728.28,116,HomeOwner,M,137000,53690,09DEC2003,Platinum,3,,,21,5.8333333333
0,25,1,15,5,125,125,125,11,14,12,5,7,6,1,1,25,1752.11,39,Unknown,M,43000,39910,,Gold,5,,,,11.363636364
0,35,0,26,10,90,0,64.5,26,26,78,5,5,26,10,2,,674.43,135,Unknown,F,81000,50960,19JUL2000,Platinum,3,,,24,0
0,45,1,21,5,100,100,100,10,17,15,4,7,6,1,1,20,1120.99,45,HomeOwner,M,54000,36270,13JUL2001,Gold,5,,,23,10
0,39,2,17,2,25,35,28.55,8,25,37,5,13,15,7,2,6.5,279.96,101,HomeOwner,F,168000,92820,17JUL2004,Platinum,2,,,20,4.375
0,28,0,18,5,85,85,55,12,30,56,5,5,23,6,2,,1094.6,115,Unknown,F,94000,68380,05FEB2006,Platinum,5,,,19,7.0833333333
0,33,4,19,1,55,51.65,42.75,13,32,47,6,16,18,11,2,10.25,381.04,89,HomeOwner,M,118000,53950,15MAY2002,Platinum,2,,,22,3.9730769231
0,42,0,18,3,150,112.5,83.35,13,33,34,6,6,14,3,1,,1127.7,65,HomeOwner,F,64000,65910,09MAR1995,Platinum,5,,,29,8.6538461538
0,33,0,18,5,125,175,68.85,13,33,72,6,6,30,13,3,,1741.88,150,HomeOwner,M,76000,100750,29DEC1998,Platinum,4,,,26,13.461538462
0,30,0,19,5,100,100,61,11,25,32,4,4,13,5,2,,1124.1,111,HomeOwner,M,85000,96980,30JUN2001,Platinum,5,,,23,9.0909090909
0,0,1,8,2,100,102.5,84.45,23,41,57,9,18,21,9,2,20,837.45,77,HomeOwner,F,63000,119860,23FEB2002,Gold,5,,,22,4.4565217391
0,40,0,19,5,135,135,88.2,13,26,63,6,6,25,11,2,,1747.84,149,Unknown,M,60000,87490,20JUL2005,Platinum,4,,,19,10.384615385
0,24,0,6,10,50,0,35.7,30,30,97,4,4,29,21,3,,347.96,154,HomeOwner,M,138000,99840,15JAN1995,Platinum,2,,,30,0
0,33,0,26,5,125,125,89,10,31,49,5,5,20,5,1,,1752.32,90,Unknown,F,60000,57070,03JAN1989,Platinum,5,,,36,12.5
0,39,1,24,5,75,75,75,7,17,15,3,7,6,1,1,15,776.81,48,HomeOwner,M,70000,32760,15MAY2004,Gold,5,,,20,10.714285714
0,35,0,15,3,125,125,86.45,13,35,51,6,6,21,7,1,,1744.41,85,Unknown,M,62000,42900,28JAN1992,Platinum,5,,,33,9.6153846154
0,23,1,15,3,55,55,34.4,12,31,78,5,13,31,24,3,11,391.08,152,Unknown,F,143000,59150,20JUN1998,Platinum,2,,,26,4.5833333333
0,37,0,26,5,75,75,46.45,9,29,60,4,4,28,7,2,,783.39,144,Unknown,F,109000,88660,26JUL1999,Platinum,5,,,25,8.3333333333
0,27,4,8,1,25,31.65,26.2,26,47,82,11,22,30,21,3,6.75,198.6,113,Unknown,M,180000,33800,18JUL2004,Platinum,1,,,20,1.2173076923
0,44,0,18,3,150,100,60,13,26,40,6,6,14,4,1,,1121.72,93,Unknown,F,87000,87750,30OCT2006,Platinum,5,,,18,7.6923076923
0,30,2,15,3,75,70,52,10,25,53,3,9,18,10,3,14,547.98,101,Unknown,F,99000,112190,21JUL1997,Member,3,,,27,7
0,43,0,18,3,90,85,51.05,12,29,56,5,5,22,7,1,,705.51,117,HomeOwner,M,100000,78910,15FEB2001,Platinum,5,,,24,7.0833333333
0,31,2,24,3,75,62.5,62.5,9,28,26,4,12,11,2,2,12.5,550.93,60,HomeOwner,M,83000,150280,17MAY2004,Platinum,5,,,20,6.9444444444
0,24,0,18,5,100,100,87.5,10,25,42,4,4,15,4,1,,1111.04,89,HomeOwner,F,61000,73710,20OCT2001,Platinum,5,,,23,10
1,27,4,16,1,50,30,27.25,12,30,36,5,14,15,11,2,6.25,250.67,69,HomeOwner,F,174000,112190,20MAY1996,Platinum,2,,,28,2.5
0,32,0,25,5,85,85,60,12,33,37,6,6,16,4,1,,1094.21,68,Unknown,M,87000,51870,07JUN2002,Platinum,5,,,22,7.0833333333
0,33,0,26,10,60,0,31.45,24,24,87,4,4,29,17,3,,501.09,154,Unknown,M,154000,133120,,Platinum,2,,,,0
0,23,0,26,3,75,70,59,10,29,45,5,5,19,5,1,,552.55,92,HomeOwner,F,88000,46410,05JUN1983,Platinum,5,,,41,7
0,31,0,26,5,100,100,75,9,22,21,4,4,8,2,0,,1116.11,54,Unknown,F,70000,138970,27FEB1990,Platinum,,,,34,11.111111111
0,27,5,15,1,45,50.55,48.75,14,33,38,6,15,14,12,2,10,225.54,65,HomeOwner,M,105000,52260,27MAY1976,Platinum,2,,,48,3.6107142857
0,34,3,6,1,50,62.5,60.5,26,41,53,11,18,21,10,2,10,412.16,57,Unknown,M,86000,97500,25JAN2005,Platinum,2,,,20,2.4038461538
0,34,0,19,5,125,125,52.5,13,29,61,6,6,27,8,2,,1750.6,140,Unknown,M,98000,38090,17FEB2001,Platinum,4,,,23,9.6153846154
0,41,0,26,5,175,175,162.5,11,25,23,5,5,9,2,0,,1744.98,55,HomeOwner,F,34000,104520,14DEC2005,Platinum,,,,19,15.909090909
0,30,0,18,3,225,187.5,117,13,32,58,6,6,23,5,2,,1753.89,104,HomeOwner,F,46000,382330,03MAR1994,Platinum,5,,,30,14.423076923
0,34,0,26,10,90,0,76.25,26,26,70,5,5,19,8,2,,662.83,87,Unknown,F,69000,52000,,Platinum,5,,,,0
0,33,0,26,5,100,100,73.35,10,30,32,5,5,14,3,2,,1124.56,69,HomeOwner,M,72000,173420,11MAY1996,Platinum,5,,,28,10
0,14,0,16,3,75,65,46,15,34,68,6,6,30,10,2,,555.73,139,Unknown,F,110000,55770,11JAN2003,Platinum,3,,,22,4.3333333333
0,25,0,18,10,125,0,99.5,13,13,53,6,6,23,10,2,,676.55,93,Unknown,F,54000,146250,20OCT2006,Platinum,4,,,18,0
0,23,3,18,1,75,59.15,50.85,23,43,79,9,18,29,12,2,11,395.12,80,Unknown,F,101000,117910,13JUN2005,Platinum,3,,,19,2.5717391304
0,48,0,18,3,125,100,70,13,29,45,6,6,16,4,2,,1114.01,88,HomeOwner,M,75000,76050,11JUL1995,Platinum,5,,,29,7.6923076923
0,0,1,15,3,45,53.35,46.25,13,31,32,6,13,12,4,2,16,399.01,65,Unknown,F,110000,53690,,Platinum,3,,,,4.1038461538
0,24,0,25,5,100,100,78.75,9,28,50,4,4,19,4,1,,1119.1,108,Unknown,M,67000,88400,04JUN1998,Platinum,5,,,26,11.111111111
0,30,0,15,3,80,65,51.65,13,24,23,5,5,9,3,1,,637.55,57,HomeOwner,F,99000,205140,14JUL2002,Platinum,5,,,22,5
0,43,0,15,5,105,105,98,10,21,48,3,3,18,5,1,,1124.76,105,HomeOwner,M,55000,104780,08APR2002,Member,5,,,22,10.5
1,27,2,18,2,50,53.75,48,12,31,33,6,14,13,5,2,11,367.21,65,HomeOwner,M,106000,80600,06FEB2000,Platinum,3,,,25,4.4791666667
0,31,0,18,3,250,250,122.2,13,34,50,6,6,20,9,2,,4262.86,81,HomeOwner,F,44000,249860,19JAN1992,Platinum,5,,,33,19.230769231
0,0,0,17,5,25,25,43.35,9,26,33,4,4,11,6,1,,223.19,68,Unknown,F,116000,0,27NOV2000,Platinum,2,,,24,2.7777777778
0,35,0,18,3,75,61.65,45.55,14,30,48,6,6,20,9,2,,488.6,100,HomeOwner,F,111000,83460,26APR2004,Platinum,5,,,20,4.4035714286
0,29,3,15,1,25,24.3,24.3,13,29,29,6,13,11,7,2,5,165.08,56,Unknown,F,192000,70200,01APR1997,Platinum,2,,,27,1.8692307692
0,29,0,18,3,125,112.5,62.2,13,33,55,6,6,24,9,2,,1127.74,137,Unknown,M,84000,85930,11DEC1989,Platinum,5,,,35,8.6538461538
0,41,0,15,3,125,82.5,56.25,10,22,34,3,3,11,4,1,,957.16,79,HomeOwner,M,92000,135070,07JUL2005,Member,5,,,19,8.25
0,23,0,17,3,500,500,178.15,15,37,64,6,6,25,8,2,,8635.27,113,HomeOwner,M,31000,70460,29MAY2001,Platinum,4,,,23,33.333333333
0,28,1,19,3,70,65,40.7,12,31,74,5,13,30,14,3,14,545.45,153,HomeOwner,M,123000,44850,26JUN2007,Platinum,2,,,17,5.4166666667
0,35,0,26,5,100,100,52.85,11,31,56,5,5,20,7,2,,1106.71,113,HomeOwner,F,97000,92950,30MAY1989,Platinum,5,,,35,9.0909090909
0,49,2,24,2,50,51.25,33.15,11,32,76,6,16,33,24,3,10.5,388.15,153,HomeOwner,F,147000,84890,17NOV1997,Platinum,2,,,27,4.6590909091
0,35,0,25,3,100,100,60,11,28,43,6,6,16,4,1,,840.3,81,Unknown,M,87000,28210,06MAY1999,Platinum,5,,,25,9.0909090909
0,17,2,19,3,50,41.65,40,6,13,13,2,6,6,5,2,7.5,335.34,56,Unknown,U,125000,56810,,Member,2,,,,6.9416666667
0,50,0,16,3,125,105,66,13,34,62,6,6,25,10,2,,1119.73,115,HomeOwner,M,79000,82160,14FEB2004,Platinum,4,,,21,8.0769230769
0,39,1,17,5,100,100,100,10,15,13,4,6,5,1,1,20,1123.53,41,HomeOwner,M,54000,178750,06DEC1997,Gold,5,,,27,10
0,34,0,25,3,100,100,100,12,34,54,6,6,23,7,2,,823.41,97,HomeOwner,M,54000,60320,22JUN1988,Platinum,5,,,36,8.3333333333
1,15,1,16,5,50,50,55.7,29,49,63,6,15,17,7,2,10,464.4,79,Unknown,F,93000,576550,,Platinum,2,,,,1.724137931
0,26,0,18,5,125,125,94.3,13,33,60,6,6,26,7,2,,1748.11,128,Unknown,F,57000,63570,07NOV1999,Platinum,5,,,25,9.6153846154
0,35,1,18,5,135,135,77.8,28,47,73,6,15,23,9,2,27,1753.77,139,Unknown,M,68000,400530,07JAN2006,Platinum,5,,,19,4.8214285714
0,31,0,25,5,75,75,62.5,9,26,28,4,4,10,2,1,,778.58,64,Unknown,F,83000,55510,03JUN1989,Platinum,5,,,35,8.3333333333
0,25,1,15,3,75,75,52.85,13,27,34,6,12,15,7,2,15,711.61,111,Unknown,M,97000,50830,19DEC1993,Platinum,3,,,31,5.7692307692
0,39,0,19,3,75,75,90,11,28,47,4,4,19,5,2,,710.07,110,HomeOwner,M,59000,171730,31OCT2003,Platinum,5,,,21,6.8181818182
0,28,0,26,10,90,0,58.5,25,25,88,4,4,28,10,2,,668.29,147,Unknown,F,89000,255190,27FEB1994,Platinum,3,,,30,0
0,39,0,15,5,100,100,76.65,12,30,57,5,5,23,6,2,,1123.06,115,HomeOwner,M,69000,137280,14DEC2005,Platinum,5,,,19,8.3333333333
0,39,0,26,5,75,75,58.35,9,29,31,4,4,13,3,0,,771.32,63,Unknown,F,89000,62270,02MAY2004,Platinum,,,,20,8.3333333333
0,32,0,22,5,100,100,53.35,10,18,31,4,4,10,3,1,,1120.82,86,HomeOwner,U,96000,160940,,Platinum,5,,,,10
0,32,1,21,5,625,625,203.35,31,50,92,6,15,30,12,3,125,26018.16,150,HomeOwner,U,27000,187460,23JUN1994,Platinum,4,,,30,20.161290323
0,34,0,23,5,125,125,71.65,12,31,59,6,6,26,6,2,,1738.32,137,HomeOwner,F,73000,53430,21JUN1987,Platinum,5,,,37,10.416666667
0,20,0,18,5,80,80,55.3,6,15,50,2,2,19,18,3,,1078.82,152,Unknown,M,93000,86190,10NOV2005,Platinum,3,,,19,13.333333333
0,42,0,17,5,75,75,53.55,13,32,58,6,6,26,7,2,,786.94,129,Unknown,M,96000,110630,11MAR2000,Platinum,5,,,24,5.7692307692
0,39,0,26,5,100,100,100,9,29,31,4,4,13,2,1,,1120.63,64,Unknown,F,54000,98020,,Platinum,5,,,,11.111111111
0,45,0,25,5,100,100,66.65,6,22,25,4,4,11,3,1,,1111.27,65,HomeOwner,M,79000,66690,07JUN1988,Platinum,5,,,36,16.666666667
0,26,1,19,3,80,75,62.85,10,28,54,4,11,19,7,2,14,699.36,111,HomeOwner,M,83000,107900,10APR1985,Platinum,3,,,39,7.5
0,39,0,18,5,250,250,111.1,13,35,64,6,6,26,9,2,,4263.46,110,Unknown,M,48000,128440,02FEB1997,Platinum,5,,,28,19.230769231
0,43,5,4,1,40,42.5,33.45,27,47,101,11,22,39,35,3,8.6,239.29,81,HomeOwner,M,146000,109850,22DEC2000,Platinum,2,,,24,1.5740740741
0,30,0,15,2,100,87.5,60,14,34,59,6,6,24,10,2,,586.48,142,Unknown,F,87000,27820,31DEC1973,Platinum,5,,,51,6.25
0,32,0,16,3,90,75,56,13,30,46,5,5,16,5,2,,706.28,89,Unknown,F,92000,79170,15JAN1994,Platinum,5,,,31,5.7692307692
0,31,0,20,3,85,85,65,11,23,30,5,5,12,3,1,,705.13,76,HomeOwner,U,80000,161200,,Platinum,5,,,,7.7272727273
0,14,0,17,5,125,80,71,33,49,57,5,5,11,5,0,,1086.61,68,HomeOwner,F,74000,53430,05APR1997,Platinum,,,,27,2.4242424242
0,42,0,18,5,75,75,61.65,10,27,29,4,4,11,3,1,,786.58,65,HomeOwner,M,84000,104390,12OCT1997,Platinum,5,,,27,7.5
0,39,1,16,2,60,55,55,12,26,24,6,13,11,4,1,10,396.51,52,HomeOwner,M,94000,55250,03MAR2003,Platinum,3,,,21,4.5833333333
0,30,0,17,5,75,75,43.75,13,35,54,6,6,22,8,2,,784.67,114,HomeOwner,M,115000,90480,18NOV1997,Platinum,5,,,27,5.7692307692
0,20,1,20,5,500,500,500,27,34,32,5,8,7,1,1,100,8650.3,44,HomeOwner,M,11000,80730,14FEB2006,Gold,5,,,19,18.518518519
0,34,0,25,3,125,91.65,65.45,12,34,71,6,6,31,11,2,,968.83,143,Unknown,F,80000,42770,,Platinum,4,,,,7.6375
0,21,0,19,5,75,75,37.5,10,23,46,4,4,19,6,2,,784.65,129,HomeOwner,M,132000,52130,30APR2003,Platinum,3,,,21,7.5
0,37,0,18,3,100,75,58.35,13,32,32,6,6,13,3,1,,706.54,64,Unknown,M,89000,51350,12NOV1985,Platinum,5,,,39,5.7692307692
0,37,2,15,2,30,28.75,25,6,13,13,1,5,5,6,2,5.5,232.78,57,Unknown,M,188000,80990,,Member,2,,,,4.7916666667
0,30,0,18,5,150,150,132.7,12,34,66,5,5,26,13,2,,1746.69,102,HomeOwner,F,41000,53690,04AUG1991,Platinum,4,,,33,12.5
0,35,0,26,3,70,90,65.45,24,45,80,5,5,25,11,2,,701.75,129,Unknown,F,80000,41340,16OCT2006,Platinum,3,,,18,3.75
0,36,0,18,5,100,100,75,12,31,39,6,6,16,3,1,,1115.08,77,Unknown,M,70000,50830,21OCT1996,Platinum,5,,,28,8.3333333333
0,36,5,15,1,15,26.65,27.5,24,46,105,11,22,39,40,3,5,183.51,104,Unknown,M,173000,161850,,Platinum,1,,,,1.1104166667
1,31,3,22,2,80,82,76.65,12,33,34,6,16,15,6,2,12.67,599.42,65,HomeOwner,F,69000,82420,07MAR1997,Platinum,3,,,27,6.8333333333
0,30,2,18,3,75,75,54.4,13,32,59,6,14,22,8,2,15,714.75,110,HomeOwner,F,95000,84110,09JAN1996,Platinum,3,,,29,5.7692307692
0,34,0,17,5,100,100,61.45,8,22,36,4,4,14,7,2,,1110.16,101,HomeOwner,M,85000,66690,10MAY2005,Platinum,5,,,19,12.5
0,28,7,7,1,15,21.35,19.3,34,53,82,14,23,29,21,3,4.43,171.69,87,Unknown,M,231000,178750,,Platinum,1,,,,0.6279411765
0,34,0,17,5,90,90,54,13,32,51,6,6,20,5,2,,1076.39,93,HomeOwner,F,95000,62140,14DEC1996,Platinum,5,,,28,6.9230769231
1,39,1,5,3,50,48.35,45,31,53,84,6,17,25,17,3,9,361.4,112,HomeOwner,F,113000,205400,04NOV2001,Platinum,2,,,23,1.5596774194
0,55,3,24,2,55,32.5,31,11,31,32,6,15,14,5,2,7,328.5,63,HomeOwner,M,156000,75920,31MAR1993,Platinum,3,,,31,2.9545454545
1,25,7,5,1,50,61.05,49.9,26,47,94,9,20,34,43,3,13,276.38,103,Unknown,F,102000,177840,22JUN2004,Platinum,2,,,20,2.3480769231
0,28,0,19,3,125,112.5,49.55,13,31,63,6,6,26,11,3,,1121.05,148,Unknown,F,103000,46670,18NOV1995,Platinum,4,,,29,8.6538461538
0,29,0,19,5,65,65,48.4,12,30,76,5,5,31,19,3,,549.17,152,Unknown,F,105000,44070,,Platinum,2,,,,5.4166666667
0,19,0,15,3,125,137.5,82.15,12,33,59,5,5,24,7,2,,1737.85,110,HomeOwner,M,65000,67730,10FEB1999,Member,4,,,26,11.458333333
0,24,0,18,3,100,100,65.5,13,34,62,6,6,25,10,2,,828.28,110,HomeOwner,F,80000,186680,09JUL1989,Platinum,5,,,35,7.6923076923
0,41,0,26,5,95,95,70,9,26,47,4,4,19,4,2,,1079.66,105,HomeOwner,M,75000,107250,07JUN1974,Platinum,5,,,50,10.555555556
0,40,0,18,3,75,87.5,52.65,13,34,72,6,6,31,15,2,,711.98,147,HomeOwner,F,98000,48230,23DEC1985,Platinum,3,,,39,6.7307692308
0,30,0,26,5,100,100,51.65,9,28,48,4,4,18,6,2,,1106.35,116,HomeOwner,F,99000,130130,30JUL2004,Platinum,5,,,20,11.111111111
0,63,4,5,1,35,36.65,38.15,23,37,38,10,17,16,8,2,7.25,241.51,53,HomeOwner,M,130000,90870,17JUL1990,Platinum,1,,,34,1.5934782609
0,56,0,27,3,230,217.5,122.2,11,31,70,5,5,30,9,2,,1742.6,148,HomeOwner,F,44000,71240,11JUN2005,Platinum,4,,,19,19.772727273
0,25,0,15,3,100,62.5,62.5,10,20,20,3,3,7,2,0,,652.56,51,HomeOwner,F,83000,55640,,Member,,,,,6.25
0,32,2,16,2,50,46.25,40.85,13,33,41,6,15,16,6,2,9.5,326.73,77,Unknown,U,123000,86320,,Platinum,3,,,,3.5576923077
0,26,0,18,5,100,100,53.35,14,28,37,6,6,13,3,1,,1123.91,80,Unknown,F,96000,67340,,Platinum,5,,,,7.1428571429
0,43,0,26,3,170,250,78.75,11,33,57,5,5,23,12,3,,4264.84,101,Unknown,M,67000,97630,15APR2001,Platinum,4,,,23,22.727272727
0,42,1,21,5,50,50,38.05,10,26,71,4,10,29,28,3,10,514.08,153,Unknown,F,131000,64480,03JAN1997,Platinum,2,,,28,5
0,26,0,18,3,75,62.5,50,11,27,29,5,5,11,3,1,,545.3,69,Unknown,U,102000,57460,18FEB2004,Platinum,5,,,20,5.6818181818
0,38,4,25,2,90,81.25,72.1,11,32,48,6,17,21,12,3,16.25,579.27,81,Unknown,F,73000,41340,,Platinum,3,,,,7.3863636364
0,42,0,26,5,200,200,66.45,11,29,73,5,5,28,14,3,,1755.28,153,HomeOwner,F,79000,34580,10JUL1989,Platinum,4,,,35,18.181818182
0,31,0,20,5,105,105,83.75,12,29,49,6,6,21,4,2,,1114,99,HomeOwner,F,63000,62530,08JAN2004,Platinum,5,,,21,8.75
0,46,0,18,3,145,122.5,68,13,33,42,6,6,17,5,1,,1744.23,80,HomeOwner,F,77000,27690,15DEC1996,Platinum,5,,,28,9.4230769231
0,44,3,18,2,65,56.25,42.5,13,31,59,6,15,26,10,2,11.67,395.69,150,HomeOwner,F,118000,343460,28JUL1994,Platinum,2,,,30,4.3269230769
0,31,0,15,5,170,170,122.85,12,31,69,5,5,29,7,2,,1737.94,124,Unknown,F,44000,49790,13DEC1999,Member,5,,,25,14.166666667
0,31,0,15,3,80,80,41.5,12,29,61,5,5,27,10,2,,703.72,147,HomeOwner,F,121000,109590,08NOV1991,Platinum,3,,,33,6.6666666667
0,41,0,20,3,100,85,49.3,7,23,45,4,4,18,7,2,,713,102,Unknown,F,104000,54080,25APR2005,Platinum,5,,,19,12.142857143
0,19,0,20,5,75,75,75,10,16,15,4,4,5,1,0,,779.8,44,Unknown,M,70000,44070,17MAY1994,Gold,,,,30,7.5
0,31,0,15,5,75,75,45.7,11,29,53,4,4,19,7,2,,789.89,101,Unknown,M,111000,44200,01MAR2006,Platinum,5,,,18,6.8181818182
0,23,0,17,2,100,57.5,51,13,33,32,6,6,14,5,0,,384.29,63,Unknown,F,100000,65390,26NOV1992,Platinum,,,,32,4.4230769231
0,35,0,26,3,85,97.5,71.25,11,32,34,5,5,14,4,1,,699.61,67,HomeOwner,F,74000,61620,01JUL1989,Platinum,5,,,35,8.8636363636
1,29,6,5,1,30,25,24.4,20,35,77,8,16,31,26,3,5,171.6,150,Unknown,M,191000,101920,19NOV2006,Platinum,1,,,18,1.25
0,34,0,26,5,125,125,99,11,32,75,5,5,29,10,2,,1750.08,140,Unknown,F,54000,78130,24JUN1998,Platinum,4,,,26,11.363636364
0,36,0,26,5,100,100,75,9,28,31,4,4,13,2,0,,1119.45,68,HomeOwner,M,70000,110890,06DEC1985,Platinum,,,,39,11.111111111
0,30,0,19,3,125,112.5,56.65,13,32,71,6,6,30,12,3,,1122.09,152,Unknown,F,91000,72540,07DEC1998,Platinum,4,,,26,8.6538461538
0,33,3,16,2,60,58.75,50,6,14,15,1,5,6,7,2,12.33,380.11,64,Unknown,U,102000,110110,,Member,2,,,,9.7916666667
0,22,0,17,3,125,112.5,60,13,31,54,6,6,21,7,2,,1124.46,104,HomeOwner,M,87000,44200,27JUL2004,Platinum,4,,,20,8.6538461538
0,58,0,13,5,50,100,66.75,41,62,104,6,6,32,17,3,,1116.34,150,HomeOwner,F,78000,71760,25OCT2000,Platinum,2,,,24,2.4390243902
0,23,0,19,5,75,75,47.5,6,16,28,2,2,9,6,2,,777.81,115,HomeOwner,M,107000,35230,01JUL1978,Platinum,5,,,46,12.5
0,28,0,18,5,75,75,58.35,11,26,35,4,4,12,3,1,,785.85,79,Unknown,F,89000,93470,02APR1983,Platinum,5,,,41,6.8181818182
0,33,0,19,3,75,75,60,5,23,42,2,2,18,6,2,,705.08,116,Unknown,M,87000,39390,,Platinum,5,,,,15
0,50,1,15,3,50,50,50,11,18,16,5,8,7,3,1,10,401.29,47,HomeOwner,M,102000,212290,,Gold,3,,,,4.5454545455
0,38,1,24,3,125,187.5,58.75,6,16,27,3,6,9,4,2,50,1742.76,92,Unknown,F,88000,48880,,Platinum,5,,,,31.25
0,22,0,26,10,90,0,24.65,26,26,75,5,5,21,14,2,,670.47,123,Unknown,U,190000,632840,,Platinum,3,,,,0
0,34,0,23,5,100,50,52.5,12,24,40,6,6,13,4,1,,670.42,89,Unknown,F,98000,53300,29APR1986,Platinum,5,,,38,4.1666666667
0,60,1,18,3,50,43.35,34,12,28,35,6,12,12,5,2,9,339.47,77,HomeOwner,F,144000,145210,22DEC2001,Platinum,3,,,23,3.6125
0,42,0,15,5,225,225,106.25,7,21,41,3,3,17,8,2,,4253.5,147,HomeOwner,F,51000,116480,20MAR2007,Member,5,,,17,32.142857143
0,36,6,17,1,50,47.5,45,14,34,40,6,17,17,10,3,9.5,288.51,69,HomeOwner,F,113000,75400,31JUL1989,Platinum,2,,,35,3.3928571429
0,26,0,18,5,100,100,50,13,32,47,6,6,18,5,1,,1120.88,100,Unknown,M,102000,41210,23MAR2003,Platinum,5,,,21,7.6923076923
0,50,1,18,5,100,100,72.15,13,30,51,6,14,20,7,2,20,1118.24,92,HomeOwner,M,73000,196040,31JUL1998,Platinum,3,,,26,7.6923076923
0,58,0,26,5,125,125,72,11,32,44,5,5,18,5,1,,1748.52,77,HomeOwner,F,73000,66170,26JAN2000,Platinum,5,,,25,11.363636364
0,34,1,15,2,15,20,20,11,29,27,5,13,11,5,1,3,193.81,60,Unknown,M,225000,235950,,Platinum,2,,,,1.8181818182
0,36,2,17,2,35,27.5,24.1,6,20,61,3,9,25,17,3,5,220.54,154,HomeOwner,F,193000,41210,07MAR2004,Platinum,1,,,20,4.5833333333
0,40,1,17,3,50,75,52.3,12,32,81,5,14,31,24,3,10,700.87,150,Unknown,F,98000,179790,18NOV1996,Platinum,2,,,28,6.25
1,24,7,16,1,60,53.5,46.05,14,33,38,6,17,17,14,3,10.43,290.58,69,Unknown,F,110000,38610,09JAN1990,Platinum,2,,,35,3.8214285714
0,32,2,18,2,50,43.75,28.1,13,33,63,6,15,26,13,3,7.5,325.36,128,Unknown,U,170000,147290,,Platinum,2,,,,3.3653846154
0,38,5,21,1,20,17.5,15.65,11,29,46,6,14,17,15,3,3.2,178.12,98,Unknown,F,272000,72280,,Platinum,1,,,,1.5909090909
0,32,0,18,5,100,100,58.35,11,27,54,4,4,22,6,2,,1122.85,126,HomeOwner,F,89000,85540,01DEC2000,Platinum,5,,,24,9.0909090909
0,39,6,16,1,20,22.15,21.25,12,30,29,6,15,13,8,2,4.33,167.61,57,HomeOwner,F,214000,69420,02MAY1987,Platinum,1,,,37,1.8458333333
0,21,0,20,5,100,100,100,10,16,15,4,4,5,1,0,,1111.58,44,HomeOwner,M,54000,254670,10MAR1997,Gold,,,,27,10
0,24,7,23,1,20,22.85,19.15,11,26,65,5,14,30,23,4,4.57,171.38,127,HomeOwner,M,233000,59410,15JAN2005,Platinum,1,,,20,2.0772727273
0,29,3,16,2,70,58,45.55,14,33,53,5,14,18,9,2,12,390.15,92,Unknown,F,111000,83070,,Platinum,2,,,,4.1428571429
0,35,3,16,1,30,30.05,28.3,13,33,58,5,15,21,17,3,6.33,213.98,112,HomeOwner,F,169000,169520,28JAN2001,Platinum,1,,,24,2.3115384615
0,0,2,15,3,25,25,25,13,19,18,5,7,6,3,2,5,219.34,45,Unknown,F,188000,139490,,Gold,2,,,,1.9230769231
0,30,1,18,3,60,55,41.8,11,29,70,4,12,28,14,3,10,488.34,139,HomeOwner,M,120000,103870,16JUL2005,Platinum,2,,,19,5
0,33,0,26,5,75,75,26.65,9,28,55,4,4,24,9,2,,786.26,147,HomeOwner,F,178000,77090,08JUL1992,Platinum,3,,,32,8.3333333333
0,19,1,18,3,60,60,30,8,21,38,4,10,16,11,3,12,494.26,105,Unknown,F,161000,64740,,Platinum,2,,,,7.5
0,46,3,15,2,70,63.75,46.25,13,34,76,6,16,30,24,3,13.67,406.41,149,Unknown,M,110000,118040,03JUN2006,Platinum,2,,,18,4.9038461538
0,33,0,18,5,50,75,57.5,13,28,62,6,6,21,10,2,,774.63,117,Unknown,F,90000,92950,24NOV2006,Platinum,2,,,18,5.7692307692
0,38,1,15,3,100,100,56.65,18,35,76,5,13,28,9,2,20,834.19,136,HomeOwner,F,91000,60970,02JUN2003,Platinum,3,,,21,5.5555555556
0,28,2,16,3,75,65,56.25,13,31,52,5,13,19,8,2,12,536.78,113,Unknown,M,92000,41860,20JUN1944,Platinum,3,,,80,5
0,27,1,5,3,100,61.65,43.9,24,44,66,11,20,28,9,2,11,670.04,77,HomeOwner,M,115000,47450,22MAR1994,Platinum,3,,,30,2.56875
0,49,7,17,1,30,29.4,28,12,29,34,6,16,15,10,3,5.71,205.98,65,Unknown,M,170000,37440,19OCT2001,Platinum,1,,,23,2.45
0,43,0,24,5,125,125,70.65,10,23,54,5,5,25,8,2,,1740.9,140,HomeOwner,M,74000,62790,01MAR2003,Platinum,4,,,21,12.5
0,42,2,18,3,50,55,38.2,15,32,70,6,15,30,14,3,11,387.18,154,HomeOwner,M,130000,55640,04APR2001,Platinum,2,,,23,3.6666666667
0,30,3,21,3,50,58.35,40,13,32,41,6,16,20,9,3,11.67,493.57,115,HomeOwner,M,125000,114140,09APR1999,Platinum,2,,,25,4.4884615385
1,35,5,15,1,25,25,26.4,11,33,83,5,16,32,43,3,5,194.95,154,HomeOwner,F,179000,57330,30NOV1997,Platinum,1,,,27,2.2727272727
0,35,1,14,3,50,100,75,27,38,46,7,12,10,4,1,20,838.15,50,Unknown,M,70000,60970,01JUL1988,Gold,3,,,36,3.7037037037
1,29,4,19,1,60,53.35,47.5,12,31,42,6,15,17,8,2,10.5,394.16,80,Unknown,F,107000,81770,,Platinum,2,,,,4.4458333333
1,38,1,8,3,50,58.35,56.25,25,33,31,11,15,13,4,2,15,458.35,45,Unknown,F,92000,61880,,Gold,3,,,,2.334
0,47,2,18,2,15,27,22.2,13,35,39,6,17,17,9,2,5,234.4,67,HomeOwner,F,207000,92950,,Platinum,2,,,,2.0769230769
0,19,0,18,3,75,75,63.35,13,31,53,4,4,20,6,2,,700.85,101,HomeOwner,F,82000,108940,26FEB2004,Platinum,5,,,20,5.7692307692
0,29,0,19,10,100,0,100,10,10,12,4,4,4,1,0,,671.74,43,Unknown,F,54000,28210,,Gold,,,,,0
0,24,3,19,2,50,39,39,12,29,29,6,14,12,5,2,6,323.9,57,HomeOwner,F,128000,212680,20JAN1989,Platinum,3,,,36,3.25
1,55,4,18,1,35,30.55,29.15,12,34,40,6,17,17,12,2,6.5,250.69,68,HomeOwner,F,165000,100490,04JUL2004,Platinum,1,,,20,2.5458333333
0,33,3,13,2,50,47.5,36.55,20,36,91,3,12,28,32,3,9.33,314.61,138,HomeOwner,F,135000,91260,,Platinum,2,,,,2.375
0,41,1,21,5,100,100,100,12,19,18,4,7,6,1,1,20,1108.39,45,Unknown,M,54000,60190,,Gold,5,,,,8.3333333333
0,42,0,11,5,175,175,137.5,28,48,89,5,5,27,10,2,,1736.26,123,Unknown,M,39000,59930,15NOV1994,Platinum,5,,,30,6.25
1,32,1,17,5,100,100,100,13,17,15,5,7,6,1,1,20,1508.97,41,HomeOwner,M,54000,43030,12NOV1991,Gold,5,,,33,7.6923076923
0,0,2,17,3,75,75,54.15,13,32,49,6,15,20,6,2,15,708.79,89,HomeOwner,F,95000,175890,03MAY2002,Platinum,3,,,22,5.7692307692
0,45,1,21,5,75,75,75,8,15,13,3,6,5,1,1,15,778.33,45,HomeOwner,M,70000,74490,06JUN2002,Gold,5,,,22,9.375
0,36,1,18,3,100,62.5,62.5,10,22,20,4,9,8,2,1,5,653.61,53,Unknown,U,83000,175630,,Platinum,5,,,,6.25
0,28,1,16,5,90,90,90,11,16,13,4,6,5,1,1,18,1081.59,40,Unknown,F,59000,39000,,Gold,5,,,,8.1818181818
0,31,0,26,3,95,77.5,58.75,9,28,41,4,4,15,4,1,,707.81,89,HomeOwner,F,88000,89440,28MAY2000,Platinum,5,,,24,8.6111111111
0,31,2,15,1,25,23.35,23.55,13,33,34,6,15,14,7,2,4,177.1,65,Unknown,M,197000,36660,07JUL1987,Platinum,2,,,37,1.7961538462
0,19,2,18,3,125,125,92.05,27,48,87,6,17,32,17,3,25,1736.47,129,HomeOwner,F,58000,119080,24JAN1986,Platinum,4,,,39,4.6296296296
1,29,5,16,1,25,26.65,25.4,13,32,49,6,17,21,13,3,5,172.93,88,HomeOwner,F,185000,43940,01FEB2002,Platinum,1,,,23,2.05
1,44,3,18,1,35,28.35,26.45,13,33,33,6,15,14,7,2,5,174.3,64,HomeOwner,M,179000,82160,16JUL1998,Platinum,2,,,26,2.1807692308
0,24,1,18,2,50,54,54,12,30,29,6,15,13,5,1,12,381.08,56,HomeOwner,M,95000,82160,11JAN2001,Platinum,3,,,24,4.5
0,20,0,25,5,75,75,99.55,16,30,70,4,4,13,11,1,,775.54,86,HomeOwner,F,54000,264030,,Platinum,5,,,,4.6875
1,27,3,17,2,50,42,40.65,13,32,33,6,16,15,8,2,8.67,301.2,65,HomeOwner,M,123000,70980,,Platinum,2,,,,3.2307692308
0,15,1,18,3,55,50,37.6,15,35,92,5,14,33,25,3,9,391.2,153,Unknown,M,132000,108290,01NOV2005,Platinum,2,,,19,3.3333333333
1,26,5,17,1,50,32.85,30.5,12,30,38,6,16,17,10,3,5.8,188.55,77,Unknown,F,158000,203450,31JAN2006,Platinum,2,,,19,2.7375
0,36,4,17,2,125,128.75,123.9,26,47,87,11,21,33,9,2,25.75,1737.81,80,HomeOwner,F,44000,91260,30APR1986,Platinum,4,,,38,4.9519230769
1,29,5,16,1,45,37.5,34.6,14,36,41,6,17,17,12,2,7.2,256.14,69,HomeOwner,F,142000,222950,25MAR1997,Platinum,2,,,27,2.6785714286
0,44,0,19,3,100,112.5,66,13,35,66,6,6,27,10,2,,824.41,124,HomeOwner,F,79000,80600,25NOV1995,Platinum,3,,,29,8.6538461538
1,0,2,8,2,50,45,45.85,19,35,34,8,15,13,6,2,10,306.17,56,Unknown,M,111000,55120,,Platinum,3,,,,2.3684210526
0,35,2,18,2,37.6,30.5,25.95,13,32,43,6,16,17,13,2,6,217.6,77,HomeOwner,F,182000,123890,,Platinum,2,,,,2.3461538462
1,58,1,15,5,30,100,65,12,17,14,4,6,5,2,1,20,1096.9,40,Unknown,F,80000,55900,29OCT1995,Gold,2,,,29,8.3333333333
0,26,0,15,3,145.25,97.65,57.2,12,26,47,3,3,15,7,2,,960.78,92,HomeOwner,U,90000,54080,06JAN2004,Member,4,,,21,8.1375
0,32,0,15,10,80,0,65,13,13,15,5,5,5,2,0,,660.83,43,HomeOwner,F,80000,43680,19JUN2006,Gold,,,,18,0
0,34,4,5,1,25,20.7,18.15,19,39,63,7,16,24,19,3,4,178.56,113,Unknown,F,243000,125840,,Platinum,1,,,,1.0894736842
0,32,3,15,1,50,42.85,42.85,15,36,37,6,16,14,7,2,10,275.32,60,Unknown,M,118000,47060,,Platinum,3,,,,2.8566666667
0,32,1,17,5,80,80,42.5,16,30,71,5,11,30,26,3,16,1078.36,159,HomeOwner,M,118000,155090,12JUN2004,Platinum,3,,,20,5
1,20,1,15,5,125,125,125,8,10,10,3,4,4,1,1,25,1356.69,39,Unknown,M,43000,71500,17JAN2002,Member,5,,,23,15.625
0,20,1,18,3,25,38.35,38.35,11,26,24,5,11,10,3,1,3,306.28,57,HomeOwner,F,130000,86840,22OCT1981,Platinum,2,,,43,3.4863636364
1,16,1,21,5,100,100,100,10,17,15,4,7,6,1,1,20,1008.97,45,HomeOwner,F,54000,110500,09NOV1983,Gold,5,,,41,10
0,16,0,18,5,80,80,75,14,33,80,6,6,24,18,2,,1086.66,112,HomeOwner,M,70000,42380,17FEB1951,Platinum,3,,,73,5.7142857143
0,31,0,16,5,75,75,75,11,16,13,4,4,5,1,0,,773.67,40,HomeOwner,M,70000,119600,09JUL1988,Gold,,,,36,6.8181818182
0,37,1,23,3,60,55,38.2,10,28,67,4,11,26,14,3,12,492.16,149,HomeOwner,M,130000,89180,18JUN2006,Platinum,2,,,18,5.5
0,37,2,15,2,50,43,39.3,12,32,35,6,15,15,7,2,8,321.07,69,Unknown,M,127000,54860,11OCT1990,Platinum,2,,,34,3.5833333333
0,34,0,26,5,75,75,45,9,27,41,4,4,15,4,1,,773.6,109,HomeOwner,F,113000,123370,30MAR1996,Platinum,5,,,28,8.3333333333
1,23,1,19,5,75,75,75,10,15,12,4,6,5,1,1,15,927.56,43,Unknown,M,70000,36530,,Gold,5,,,,7.5
0,34,1,25,3,75,65,43.75,12,33,50,6,16,21,8,2,11,537.48,101,Unknown,F,115000,218270,,Platinum,3,,,,5.4166666667
1,31,1,18,5,50,125,85,13,33,40,6,16,16,4,2,25,1264.51,67,Unknown,M,63000,27820,,Platinum,3,,,,9.6153846154
0,41,3,21,2,40,49,31.55,28,49,115,4,14,33,45,4,8.33,279.81,150,Unknown,M,154000,190710,24MAY2005,Platinum,2,,,19,1.75
0,23,2,21,2,40,43.75,38.35,12,32,33,6,15,14,6,2,9,296.7,65,HomeOwner,F,130000,50570,04MAY1964,Platinum,3,,,60,3.6458333333
1,31,1,5,5,0,75,75,11,16,13,4,6,5,1,1,15,1111.56,40,HomeOwner,F,70000,292500,14MAR2006,Gold,5,,,18,6.8181818182
1,18,1,17,5,100,100,100,10,15,13,4,6,5,1,1,20,1833.97,41,HomeOwner,F,54000,156650,26JUN1982,Gold,5,,,42,10
0,24,1,22,3,85,92.5,57.5,13,33,75,6,16,31,14,3,20,701.46,149,HomeOwner,F,90000,63700,30DEC2000,Platinum,3,,,24,7.1153846154
1,41,1,17,5,75,75,75,10,15,13,4,6,5,1,1,15,711.56,41,HomeOwner,M,70000,177320,03FEB2005,Gold,5,,,20,7.5
0,32,3,16,2,50,45,42.15,14,28,27,6,13,11,7,2,10,321.19,52,HomeOwner,M,119000,98670,26OCT1998,Platinum,3,,,26,3.2142857143
0,9,1,16,5,250,250,250,12,17,14,5,7,6,1,1,50,4253.35,40,Unknown,F,22000,48750,01AUG1993,Gold,5,,,31,20.833333333
0,8,6,4,1,45,41.25,37.85,26,47,89,11,21,33,21,3,8,230.71,88,HomeOwner,F,131000,108680,23OCT2002,Platinum,2,,,22,1.5865384615
0,29,1,23,5,100,100,100,8,18,17,3,7,6,1,1,20,1109.93,47,HomeOwner,F,54000,57200,06MAY2001,Gold,5,,,23,12.5
0,44,2,15,3,50,51.65,37.5,12,30,51,5,13,18,10,2,10.5,397.06,88,HomeOwner,M,132000,108030,18MAY2005,Platinum,2,,,19,4.3041666667
0,19,1,16,5,75,75,75,11,16,13,4,6,5,1,1,15,781.72,40,Unknown,M,70000,94380,10NOV1988,Gold,5,,,36,6.8181818182
0,41,0,6,3,95,100,75.75,23,45,93,9,9,34,27,2,,830.52,210,HomeOwner,M,70000,256880,13JAN2004,Platinum,3,,,21,4.347826087
0,29,0,16,5,75,75,75,7,12,9,2,2,3,1,0,,780.3,40,Unknown,F,70000,42770,,Gold,,,,,10.714285714
0,6,1,25,3,100,87.5,83.35,5,13,13,1,5,6,3,2,15,703.83,60,Unknown,F,64000,46150,,Member,5,,,,17.5
1,26,1,20,5,75,75,75,8,14,12,3,6,5,1,1,15,927.56,44,HomeOwner,F,70000,42640,11DEC2001,Gold,5,,,23,9.375
0,36,0,6,2,125,95,74.55,32,50,72,6,6,21,11,2,,960.5,104,Unknown,F,71000,56160,29MAR1985,Platinum,5,,,39,2.96875
0,34,0,18,5,75,75,75,10,15,12,4,4,5,1,0,,773.04,42,HomeOwner,M,70000,72150,13FEB1982,Gold,,,,43,7.5
0,21,1,5,5,50,75,62.5,8,18,16,3,7,6,2,1,15,772.54,48,HomeOwner,M,83000,233350,12OCT2001,Gold,3,,,23,9.375
0,17,1,16,5,75,75,75,11,16,13,4,6,5,1,1,15,784.82,40,HomeOwner,M,70000,63050,11JAN1997,Gold,5,,,28,6.8181818182
0,46,0,18,5,100,100,57.5,14,33,78,6,6,30,12,3,,1124.47,147,HomeOwner,M,90000,66560,23JAN2006,Platinum,3,,,19,7.1428571429
0,33,3,17,2,35,33,30,12,32,32,6,15,14,6,2,5.67,297,64,Unknown,U,161000,215540,,Platinum,2,,,,2.75
1,37,3,17,2,25,51,40,12,31,71,6,17,29,22,3,11.67,363.36,134,HomeOwner,M,125000,114270,,Platinum,1,,,,4.25
1,37,1,24,5,75,75,75,9,19,18,3,7,6,1,1,15,535.56,48,Unknown,F,70000,121290,25JUN1996,Gold,5,,,28,8.3333333333
0,20,2,25,3,100,53.35,38.75,11,31,40,6,15,16,8,2,6,667.9,76,Unknown,F,129000,60710,01APR1983,Platinum,3,,,41,4.85
0,30,0,19,5,100,100,100,10,17,15,4,4,6,1,0,,1108.01,43,HomeOwner,M,54000,114140,10JUN2003,Gold,,,,21,10
0,24,6,17,1,25,26.25,21.15,13,31,75,6,17,33,32,3,5.33,171.42,145,HomeOwner,F,215000,63570,02JUL1993,Platinum,1,,,31,2.0192307692
1,41,1,21,5,75,75,75,8,15,13,3,6,5,1,1,15,711.56,45,HomeOwner,M,70000,48490,12OCT2004,Gold,5,,,20,9.375
1,13,3,19,1,50,51.45,48.9,12,34,39,6,17,17,9,2,10,266.97,68,HomeOwner,M,104000,61360,27OCT1991,Platinum,2,,,33,4.2875
1,37,3,19,2,65,65,57,13,33,36,6,15,15,5,2,13.67,469.19,67,HomeOwner,M,91000,112710,06FEB1984,Platinum,3,,,41,5
0,49,0,18,3,150,137.5,81.9,28,50,76,6,6,24,8,2,,1755.33,97,Unknown,F,65000,266500,05JAN2000,Platinum,5,,,25,4.9107142857
1,14,1,15,2,60,63.75,45.7,13,34,38,6,16,16,7,2,14,567.67,69,Unknown,F,111000,76180,,Platinum,3,,,,4.9038461538
0,33,2,18,3,75,62.5,50,11,29,31,4,11,11,3,2,12.5,538.76,65,HomeOwner,M,102000,78000,,Platinum,5,,,,5.6818181818
0,25,1,17,5,100,100,100,11,16,14,5,7,6,1,1,20,1119.06,41,HomeOwner,F,54000,182910,01FEB1991,Gold,5,,,34,9.0909090909
1,0,0,18,5,500,500,333.35,26,42,107,6,6,25,9,2,,12597.41,125,HomeOwner,M,17000,86970,27FEB1993,Platinum,4,,,31,19.230769231
0,25,4,15,2,50,51,42.2,14,34,38,6,16,15,9,2,10.25,389.74,63,Unknown,F,119000,119860,11NOV1993,Platinum,2,,,31,3.6428571429
1,24,8,19,1,15,19.55,18.3,10,29,73,5,16,32,44,4,4.13,152.48,150,HomeOwner,F,241000,49920,04AUG1999,Platinum,1,,,25,1.955
0,0,1,20,5,75,75,75,8,15,14,3,6,5,1,1,15,771.01,44,Unknown,F,70000,37440,,Gold,5,,,,9.375
0,33,1,20,5,100,100,100,10,17,15,4,7,6,1,1,20,1120.92,44,Unknown,F,54000,79690,,Gold,5,,,,10
1,16,1,17,5,75,75,75,10,15,13,4,6,5,1,1,15,711.56,41,Unknown,U,70000,40430,,Gold,5,,,,7.5
0,26,0,6,5,90,100,53.95,23,40,88,5,5,21,14,2,,1114.47,112,HomeOwner,F,95000,60450,11JAN2001,Platinum,3,,,24,4.347826087
1,17,4,17,2,50,42,43.35,16,34,35,6,15,14,6,2,8,236.61,60,Unknown,M,116000,55900,,Platinum,2,,,,2.625
0,41,1,8,3,150,80,83.45,24,44,85,6,15,35,13,2,10,952.29,137,HomeOwner,F,64000,425880,24FEB2006,Platinum,4,,,18,3.3333333333
1,46,1,16,5,130,130,130,12,17,14,5,7,6,1,1,26,981.45,40,HomeOwner,M,42000,56940,22DEC1993,Gold,5,,,31,10.833333333
0,25,1,18,2,110,97.5,67.25,13,35,65,6,17,24,11,2,20,958.1,104,Unknown,F,78000,67470,,Platinum,3,,,,7.5
0,53,0,21,10,100,0,100,10,10,14,4,4,6,1,0,,674.51,45,Unknown,F,54000,146250,21DEC1996,Gold,,,,28,0
0,52,5,23,1,20,19.4,20.9,9,30,78,5,16,32,55,4,4,165.21,150,Unknown,F,217000,81380,,Platinum,1,,,,2.1555555556
0,28,3,18,2,50,44,39.15,12,32,37,6,15,16,6,2,8,315.93,68,Unknown,F,127000,119470,25NOV1992,Platinum,2,,,32,3.6666666667
0,0,4,25,1,150,186.65,96.05,24,44,85,10,21,34,19,3,41,1741.06,105,Unknown,F,56000,95940,27NOV2005,Platinum,4,,,19,7.7770833333
0,0,1,20,5,100,100,100,10,17,15,4,7,6,1,1,20,1121.62,44,Unknown,M,54000,0,,Gold,5,,,,10
0,0,2,20,3,500,500,500,30,47,46,6,14,12,2,2,100,8645.19,57,HomeOwner,M,11000,218790,,Platinum,5,,,,16.666666667
0,34,4,20,1,15,16.45,17.15,11,31,78,6,16,32,28,3,3.5,170.25,146,HomeOwner,F,254000,106600,19JUN2004,Platinum,1,,,20,1.4954545455
0,0,2,18,3,50,60,54,11,25,70,6,13,21,41,3,12,497.85,169,Unknown,M,95000,720720,,Platinum,2,,,,5.4545454545
1,33,5,18,1,35,34.4,30,13,33,66,6,17,27,18,3,6.2,203.29,128,Unknown,F,161000,165620,13JUL2003,Platinum,1,,,21,2.6461538462
0,47,1,15,3,80,65,65,10,24,21,4,10,9,2,1,10,638.51,55,HomeOwner,F,80000,109720,04JAN1997,Platinum,5,,,28,6.5
0,36,1,15,5,100,150,125,12,16,14,5,7,6,2,1,30,1753.67,40,HomeOwner,M,43000,107510,23JUN1989,Gold,5,,,35,12.5
0,33,1,27,3,80,75,32.65,12,30,82,4,13,28,27,3,14,713.14,152,Unknown,F,149000,56160,,Platinum,3,,,,6.25
0,43,4,15,1,50,37.5,37.5,13,29,30,6,15,13,8,2,7.25,233.74,56,HomeOwner,U,132000,114010,28MAY2002,Platinum,2,,,22,2.8846153846
0,24,1,15,5,75,75,75,9,13,11,4,6,5,1,1,15,777.16,39,HomeOwner,M,70000,63570,21FEB1995,Gold,5,,,29,8.3333333333
1,38,3,21,2,40,31.25,28.9,12,32,36,6,16,15,9,2,6.67,218.7,64,Unknown,F,166000,66690,,Platinum,2,,,,2.6041666667
1,42,2,18,1,50,54.15,54.15,13,32,30,6,15,13,6,2,10,268.77,56,HomeOwner,M,95000,136760,22OCT2003,Platinum,3,,,21,4.1653846154
1,46,3,19,2,50,71.25,61.9,8,29,43,4,15,18,8,2,15.67,424.89,80,HomeOwner,F,84000,258440,08MAR1999,Platinum,2,,,25,8.90625
0,0,4,4,1,5,35.7,28.1,28,48,70,6,17,21,26,3,8,235.96,89,Unknown,F,170000,55380,,Platinum,1,,,,1.275
0,38,1,23,5,125,125,125,10,17,16,4,7,6,1,1,25,1744.34,47,HomeOwner,F,43000,650000,20JUN1994,Gold,5,,,30,12.5
0,0,6,16,1,30,41.25,37.65,34,53,102,6,17,25,31,3,8.67,241.73,100,HomeOwner,M,132000,101140,17OCT2003,Platinum,1,,,21,1.2132352941
1,37,0,15,5,30,75,52.5,14,19,16,4,4,5,2,0,,589.93,40,HomeOwner,F,98000,70200,,Gold,,,,,5.3571428571
1,0,3,4,1,15,42.5,43.05,13,33,63,6,17,25,18,3,7.67,184.2,105,Unknown,M,117000,71240,,Platinum,1,,,,3.2692307692
0,35,0,20,5,100,100,100,10,17,14,4,4,6,1,0,,1114.65,44,HomeOwner,F,54000,0,22FEB1994,Gold,,,,30,10
0,0,1,5,3,50,36.65,35,27,44,71,6,12,16,11,2,10,341.73,120,Unknown,M,141000,41990,09JUL2007,Platinum,3,,,17,1.3574074074
0,18,1,16,5,125,125,125,12,16,13,5,7,6,1,1,25,1748.26,40,Unknown,U,43000,118040,,Gold,5,,,,10.416666667
0,39,2,21,3,100,75,75,10,26,24,4,11,10,2,2,15,708.68,59,Unknown,M,70000,122980,,Platinum,5,,,,7.5
1,33,2,21,3,50,55,51.8,15,35,69,6,17,25,14,3,11,380.03,112,Unknown,F,99000,94640,,Platinum,2,,,,3.6666666667
0,33,0,18,3,60,61.65,37.45,26,47,99,6,6,23,47,3,,491.92,152,Unknown,M,133000,174590,29JUN2004,Platinum,2,,,20,2.3711538462
1,32,4,16,1,40,28.35,27.15,13,30,29,6,15,13,7,2,5.75,213.08,56,Unknown,F,175000,93470,19DEC2001,Platinum,2,,,23,2.1807692308
0,42,2,5,2,15,23,20.4,14,33,47,7,16,19,12,2,5.5,193.89,80,Unknown,M,221000,61880,18MAR2003,Platinum,1,,,21,1.6428571429
0,15,3,19,2,75,71,51.65,14,34,45,6,17,20,9,2,14.67,498.17,81,Unknown,F,99000,146250,,Platinum,3,,,,5.0714285714
0,54,5,21,1,55,47.5,53.05,13,33,58,6,17,24,18,3,9.8,287.13,98,HomeOwner,U,97000,267800,,Platinum,2,,,,3.6538461538
1,22,3,15,2,50,47,35.9,12,31,51,6,15,21,11,3,9,312.35,99,HomeOwner,M,138000,89310,22FEB1994,Platinum,2,,,30,3.9166666667
0,34,5,13,1,125,115,88.8,30,52,119,11,22,43,34,4,23.2,1110.1,153,HomeOwner,F,60000,94510,11MAY2006,Platinum,4,,,18,3.8333333333
0,34,3,19,1,55,54.3,32.6,15,37,54,6,17,22,23,3,7.33,393.08,81,Unknown,F,150000,151450,,Platinum,2,,,,3.62
0,32,2,17,2,50,31.25,31.25,13,25,22,6,12,10,4,2,7.5,322.16,51,HomeOwner,M,155000,92690,19JUL1986,Gold,3,,,38,2.4038461538
0,52,1,24,5,100,100,100,7,17,15,3,7,6,1,1,20,1113.1,48,Unknown,F,54000,72280,,Gold,5,,,,14.285714286
1,27,5,5,1,125,60.7,48.9,26,44,73,9,18,26,18,3,13.2,276.22,88,HomeOwner,M,104000,109070,26NOV2001,Platinum,4,,,23,2.3346153846
1,33,2,24,3,75,58.35,42.8,11,32,57,6,16,23,9,2,12,516.83,129,HomeOwner,F,118000,149370,02DEC1999,Platinum,3,,,25,5.3045454545
0,30,0,18,3,50,55,45,16,37,77,6,6,30,12,2,,399.29,126,Unknown,M,113000,133250,18JAN2004,Platinum,3,,,21,3.4375
0,31,2,20,3,80,73.35,57.85,13,34,61,6,17,24,14,3,14.5,639.81,101,HomeOwner,M,89000,80210,30DEC2003,Platinum,3,,,21,5.6423076923
0,31,2,17,3,75,78.35,56.65,13,31,48,6,14,18,6,2,15,699.23,88,HomeOwner,M,91000,164320,12FEB1989,Platinum,3,,,36,6.0269230769
1,30,2,19,2,50,70,61.1,13,34,63,6,16,24,18,3,13,614.5,102,Unknown,U,85000,104130,27MAR1992,Platinum,2,,,32,5.3846153846
0,42,0,26,5,105,105,77.25,10,31,57,5,5,21,11,2,,1115.84,93,HomeOwner,F,68000,102830,20NOV1989,Platinum,3,,,35,10.5
1,32,7,16,1,45,38.35,30.6,14,36,68,6,17,27,25,3,7.57,222.05,137,HomeOwner,M,158000,139620,27OCT1989,Platinum,2,,,35,2.7392857143
0,33,0,26,3,165,148.35,88.05,31,52,125,6,6,34,23,3,,1743.12,152,Unknown,M,60000,258830,11FEB2005,Platinum,4,,,20,4.785483871
1,31,1,21,5,100,100,100,10,17,15,4,7,6,1,1,20,708.97,45,HomeOwner,F,54000,203840,03MAR2000,Gold,5,,,24,10
0,40,0,26,3,100,100,95,10,21,28,5,5,15,10,2,,837.55,90,Unknown,U,56000,69810,,Platinum,3,,,,10
1,43,1,15,3,120,120,70.5,13,34,81,6,16,31,20,3,24,1097.25,140,Unknown,F,75000,80470,07JUN2006,Platinum,3,,,18,9.2307692308
0,32,1,15,5,75,65,70,13,18,16,5,7,6,2,1,13,545.59,40,Unknown,F,75000,251550,15OCT1993,Gold,5,,,31,5
0,0,1,16,3,100,87.5,42.85,12,32,42,5,15,18,7,2,15,716.71,77,HomeOwner,M,118000,78390,07JUL2004,Platinum,3,,,20,7.2916666667
0,32,0,20,5,104.85,104.85,54,12,28,47,5,5,17,5,2,,1115.08,88,HomeOwner,F,95000,57460,12MAY1996,Platinum,5,,,28,8.7375
0,76,1,16,5,125,125,125,11,16,14,5,7,6,1,1,25,1741.25,40,HomeOwner,F,43000,133380,10JUN2006,Gold,5,,,18,11.363636364
0,0,0,17,3,75,70,55,13,30,84,4,4,28,16,3,,541.17,153,HomeOwner,F,94000,72410,11JUL1955,Platinum,3,,,69,5.3846153846
1,53,3,18,1,20,32.15,28.65,12,33,47,6,17,21,15,2,6,216.41,81,HomeOwner,F,167000,125060,15NOV2003,Platinum,1,,,21,2.6791666667
0,32,0,19,3,50,60,41.45,13,31,56,6,6,23,7,2,,386.01,136,Unknown,M,121000,87100,25JAN1998,Platinum,2,,,27,4.6153846154
1,40,3,18,2,60,67,68.35,14,35,35,6,16,14,6,2,15,367.52,60,Unknown,F,77000,72800,,Platinum,3,,,,4.7857142857
0,44,4,16,2,125,106.25,62.65,10,27,56,4,13,21,15,3,21.25,1128.19,152,HomeOwner,F,83000,50050,21JUN2004,Platinum,4,,,20,10.625
1,33,1,15,2,25,32.5,24.15,13,33,79,6,17,34,30,3,5,211.7,149,Unknown,M,193000,62790,28APR2002,Platinum,1,,,22,2.5
1,0,0,4,5,180,500,234.7,26,42,96,6,6,21,17,2,,2924.43,115,HomeOwner,M,23000,771030,,Platinum,5,,,,19.230769231
0,53,4,21,2,50,50,52.8,12,34,45,6,17,20,9,3,10,385.8,76,Unknown,M,97000,182390,10APR1989,Platinum,2,,,35,4.1666666667
0,18,2,17,3,25,50,36.65,22,41,61,9,17,20,9,2,7.5,385.25,77,Unknown,U,135000,87230,,Platinum,1,,,,2.2727272727
1,34,2,18,2,60,58.75,48.85,13,34,57,6,17,22,13,2,12.5,633.02,92,HomeOwner,F,104000,222040,31JAN2006,Platinum,2,,,19,4.5192307692
0,0,1,17,3,50,50,43.9,26,45,106,5,14,31,27,3,10,391.56,154,HomeOwner,M,115000,120250,18JUL1998,Platinum,2,,,26,1.9230769231
0,41,2,21,3,100,83.35,66.65,12,33,43,6,17,19,6,2,17.5,706.98,77,Unknown,M,79000,94120,07MAR1997,Platinum,3,,,27,6.9458333333
0,28,3,18,2,60,52.5,48,15,27,25,6,12,10,5,2,10,385.57,51,HomeOwner,F,106000,92040,,Platinum,3,,,,3.5
0,45,5,17,1,50,51.25,50.9,13,35,36,6,17,16,11,2,10,377.21,63,HomeOwner,M,101000,93470,,Platinum,2,,,,3.9423076923
0,41,2,15,2,25,31.25,31.25,14,27,25,6,12,10,4,2,5,223.25,52,Unknown,F,155000,113750,,Platinum,2,,,,2.2321428571
0,0,1,21,5,75,75,75,8,15,13,3,6,5,1,1,15,786.63,45,HomeOwner,M,70000,163800,03NOV2000,Gold,5,,,24,9.375
0,0,1,15,5,100,100,100,3,4,4,2,3,3,1,1,20,1113.13,39,Unknown,F,54000,0,,Member,5,,,,33.333333333
1,0,1,24,3,80,78.35,51.55,11,33,58,6,17,26,13,2,16,750.08,116,HomeOwner,F,99000,76960,21DEC1999,Platinum,3,,,25,7.1227272727
0,26,1,26,3,75,75,46.8,14,34,59,4,13,20,11,2,15,714.94,100,HomeOwner,F,109000,109980,19MAY2004,Platinum,3,,,20,5.3571428571
0,41,2,16,3,85,86.65,66.9,14,34,77,6,16,29,13,3,18.5,697.91,149,HomeOwner,F,78000,146250,05MAY2001,Platinum,3,,,23,6.1892857143
0,27,2,18,2,75,77.5,56.1,13,35,60,6,17,26,9,2,16,591.65,126,HomeOwner,M,92000,91910,18DEC1988,Platinum,5,,,36,5.9615384615
1,17,6,23,1,50,50.85,41.1,12,32,58,6,17,23,18,3,10.17,392.97,99,HomeOwner,F,122000,46670,01JUL2005,Platinum,2,,,19,4.2375
0,28,0,4,3,100,82.5,65,22,36,84,5,5,26,18,3,,705.97,148,Unknown,M,80000,50830,,Platinum,3,,,,3.75
1,34,1,17,5,100,100,100,10,15,14,4,6,5,1,1,20,1008.97,41,Unknown,M,54000,107640,,Gold,5,,,,10
0,0,0,19,3,100,100,90.65,15,32,76,6,6,26,16,2,,832.07,181,Unknown,M,59000,165230,,Platinum,5,,,,6.6666666667
1,51,3,18,1,60,53.15,51.05,15,37,79,6,17,33,28,3,10,268.28,147,Unknown,M,100000,206700,16APR2004,Platinum,2,,,20,3.5433333333
0,24,6,16,1,85,93.35,82.2,13,33,37,5,16,16,9,3,18.67,584.65,65,Unknown,F,65000,63570,,Platinum,3,,,,7.1807692308
0,31,7,18,1,70,63.45,53.1,13,33,41,6,17,17,21,3,13,407.21,69,HomeOwner,F,97000,78910,,Platinum,2,,,,4.8807692308
0,54,2,17,3,100,83.35,83.35,12,26,24,6,13,11,3,2,15,711.69,53,HomeOwner,F,64000,115570,25APR2006,Platinum,5,,,18,6.9458333333
0,35,2,21,3,100,90,60.85,13,32,51,6,15,19,6,2,18,709.32,89,HomeOwner,F,85000,178750,26NOV1993,Platinum,3,,,31,6.9230769231
0,0,4,22,1,70,65,47.65,20,42,82,8,19,31,17,2,13.5,415.26,88,Unknown,F,107000,0,,Platinum,2,,,,3.25
0,37,2,26,3,100,100,73.55,10,29,54,5,15,22,7,2,20,824.57,100,Unknown,M,72000,51220,,Platinum,3,,,,10
0,30,0,16,5,75,75,75,11,16,13,4,4,5,1,0,,778.54,40,HomeOwner,M,70000,56550,30MAY1996,Gold,,,,28,6.8181818182
0,21,2,18,3,50,53.35,43,13,34,57,6,16,21,10,2,10,392.55,100,Unknown,M,117000,46930,13JUL2002,Platinum,2,,,22,4.1038461538
0,42,0,18,3,50,62.5,48.35,12,27,77,3,3,14,15,2,,537.63,117,HomeOwner,F,105000,296920,,Platinum,3,,,,5.2083333333
1,37,3,19,1,25,25,25,13,34,78,6,16,33,35,3,5,171.44,150,HomeOwner,F,188000,96200,03MAR2003,Platinum,1,,,21,1.9230769231
0,43,2,19,2,50,41,52.15,23,43,66,11,21,26,14,2,7,318.37,93,Unknown,F,98000,90090,12OCT1981,Platinum,2,,,43,1.7826086957
0,42,7,17,1,80,83.35,61.15,14,35,77,6,17,29,35,3,16.29,583.48,128,HomeOwner,M,85000,137410,08JUN1994,Platinum,3,,,30,5.9535714286
0,40,1,15,3,50,62.5,58.35,14,19,18,6,9,7,3,1,15,554.06,41,Unknown,F,89000,50180,13APR2006,Gold,3,,,18,4.4642857143
0,49,5,21,1,60,58.35,50,12,30,35,6,16,16,9,2,12,385.97,65,Unknown,M,102000,78390,,Platinum,2,,,,4.8625
0,27,1,18,5,75,75,75,5,8,7,1,3,3,1,1,15,771.74,42,Unknown,F,70000,121810,,Member,5,,,,15
0,28,2,23,3,100,80,68,7,29,52,4,15,20,10,2,17,703.05,88,HomeOwner,U,77000,89700,01MAY1971,Platinum,3,,,53,11.428571429
1,0,8,11,1,170,175,239.05,30,52,107,11,22,40,16,3,35,900.43,97,HomeOwner,F,23000,363220,29JUL1989,Platinum,4,,,35,5.8333333333
1,21,3,18,2,70,43,43,12,28,25,6,15,13,5,2,7.33,323.7,54,Unknown,F,117000,46670,,Platinum,3,,,,3.5833333333
0,34,1,18,5,100,100,100,6,9,8,1,3,3,1,1,20,1121.64,42,Unknown,F,54000,164190,,Member,5,,,,16.666666667
0,22,1,25,5,85,85,80,6,12,11,2,5,5,2,2,17,1095.35,53,Unknown,M,66000,276250,,Member,5,,,,14.166666667
0,38,1,23,5,50,50,75,6,11,10,2,5,5,2,2,10,511.44,48,Unknown,F,70000,170040,,Member,3,,,,8.3333333333
1,34,1,18,2,60,64,53.5,28,49,53,6,16,16,10,1,14,603.72,64,HomeOwner,M,96000,47840,25MAR2003,Platinum,3,,,21,2.2857142857
1,26,1,8,3,100,90,71.25,26,48,107,11,22,41,24,3,17,607.12,153,HomeOwner,F,74000,163540,11FEB1997,Platinum,3,,,28,3.4615384615
0,0,3,24,3,100,100,78.15,11,31,56,6,17,25,8,2,20,837.2,113,Unknown,F,68000,0,23JAN1987,Platinum,3,,,38,9.0909090909
0,25,2,7,2,40,52,47.2,23,44,96,10,20,38,16,3,9.5,279.74,124,Unknown,F,108000,291330,,Platinum,2,,,,2.2608695652
1,12,3,12,1,120,98.9,89.4,15,37,63,6,17,23,16,2,20.33,608.92,100,Unknown,F,60000,123630,30JAN1999,Platinum,3,,,26,6.5933333333
0,14,0,18,2,110,66,66,13,30,29,6,6,12,5,0,,495.74,56,HomeOwner,M,79000,40430,,Platinum,,,,,5.0769230769
1,12,0,18,5,125,125,125,10,14,12,5,5,6,1,0,,1356.69,42,Unknown,F,43000,119470,01MAY1997,Gold,,,,27,12.5
0,34,1,18,3,75,65,34.25,22,41,85,5,13,30,13,3,11,550.32,150,HomeOwner,M,143000,51740,05JUN2002,Platinum,3,,,22,2.9545454545
0,19,1,17,5,75,75,75,9,13,12,4,6,5,1,1,15,779.71,41,Unknown,M,70000,176150,28NOV2003,Gold,5,,,21,8.3333333333
0,23,1,17,2,40,38,30.9,14,32,59,6,13,23,11,2,8,282.96,148,HomeOwner,F,157000,43030,24DEC2005,Platinum,2,,,19,2.7142857143
1,13,2,17,2,100,85,65.9,14,35,56,6,17,24,11,2,17.5,682.77,100,Unknown,M,79000,335140,27MAY1979,Platinum,3,,,45,6.0714285714
0,33,2,18,3,135,128.35,128.35,13,26,25,6,13,11,3,2,25,1752.51,53,Unknown,M,42000,89050,,Platinum,5,,,,9.8730769231
1,25,4,17,1,25,25,25,12,33,36,6,17,16,9,2,5,171.44,65,HomeOwner,F,188000,573170,,Platinum,1,,,,2.0833333333
0,38,4,18,2,125,95,83.05,14,32,79,6,16,32,18,3,17.5,950.04,153,HomeOwner,M,64000,85280,31JAN2003,Platinum,4,,,22,6.7857142857
1,21,2,22,3,80,80,72.2,12,32,52,6,16,21,9,2,16.5,576.98,100,HomeOwner,M,73000,335530,12FEB2002,Platinum,3,,,23,6.6666666667
0,16,1,18,3,50,53.35,36.9,14,35,81,6,16,33,24,3,10,383.7,150,HomeOwner,F,134000,62140,13JAN1999,Platinum,2,,,26,3.8107142857
0,20,1,24,5,100,100,100,8,19,16,3,7,6,1,1,20,1120.07,48,HomeOwner,M,54000,157950,13MAY2003,Gold,5,,,21,12.5
0,26,0,26,3,100,100,79.5,23,44,86,5,5,19,10,1,,841.43,81,Unknown,M,67000,75920,17JAN2005,Platinum,5,,,20,4.347826087
1,31,1,15,5,100,100,100,10,14,12,5,7,6,1,1,20,1233.97,39,HomeOwner,F,54000,170300,31JAN2005,Gold,5,,,20,10
0,40,4,25,1,25,17.15,11.85,12,33,70,6,17,32,36,4,3.25,164.81,152,Unknown,F,334000,65650,31MAR2006,Platinum,1,,,18,1.4291666667
0,18,3,15,2,45,39,32,13,33,50,6,15,19,10,2,8.33,292.02,93,HomeOwner,M,152000,560820,,Platinum,2,,,,3
0,36,1,20,3,100,100,91.65,12,29,41,6,14,16,3,2,20,836.5,81,Unknown,M,58000,113750,24MAR1985,Platinum,5,,,39,8.3333333333
0,16,3,17,2,50,43.75,36.65,13,33,35,6,15,14,6,2,8.33,326.91,64,Unknown,F,135000,598650,,Platinum,2,,,,3.3653846154
0,24,3,22,2,60,50,32.9,12,33,51,6,17,21,12,2,12.33,396.38,117,HomeOwner,F,148000,109720,,Platinum,2,,,,4.1666666667
0,17,1,16,5,100,100,100,10,14,13,5,7,6,1,1,20,1114.2,40,HomeOwner,M,54000,296660,01JUL2004,Gold,5,,,20,10
0,18,4,18,1,75,104.15,71.2,25,46,84,11,21,31,21,3,19.75,836.6,81,Unknown,F,74000,347100,02JAN1993,Platinum,3,,,32,4.166
0,36,3,15,2,100,81.25,64.3,13,33,42,6,17,18,7,2,16.67,579.72,77,Unknown,M,81000,772590,,Platinum,3,,,,6.25
0,31,3,15,1,50,37.5,36.1,13,34,40,6,16,15,9,2,8.33,222.08,65,Unknown,M,137000,77740,,Platinum,2,,,,2.8846153846
1,21,1,15,5,30,115,72.5,12,17,15,5,7,6,2,1,23,722.98,41,HomeOwner,M,73000,315120,21JAN1999,Gold,2,,,26,9.5833333333
0,27,2,18,3,150,123.35,95.75,13,34,62,6,17,27,10,2,25,1737.03,103,Unknown,M,56000,120120,14JUN1997,Platinum,4,,,27,9.4884615385
0,27,4,18,1,100,95,78.85,14,35,69,6,17,27,22,3,18,585.52,117,Unknown,M,67000,496860,,Platinum,3,,,,6.7857142857
0,42,1,17,5,75,75,53.85,16,24,66,2,6,19,13,3,15,776.06,124,Unknown,F,96000,151710,,Member,3,,,,4.6875
0,36,5,17,1,30,30,28.8,13,33,58,6,17,24,17,3,6.6,217.31,113,HomeOwner,F,166000,283920,02MAR2002,Platinum,1,,,22,2.3076923077
0,22,1,4,5,50,100,66.65,11,16,14,5,7,6,3,1,20,1113.75,41,Unknown,F,79000,0,,Gold,3,,,,9.0909090909
0,4,1,16,5,100,100,105.55,14,34,58,6,15,23,9,2,20,1112.82,109,HomeOwner,F,51000,203190,,Platinum,3,,,,7.1428571429
1,26,3,18,2,30,42,39.4,12,31,35,6,15,14,8,2,10,301.52,64,HomeOwner,M,127000,65260,23FEB1990,Platinum,2,,,34,3.5
1,16,7,18,1,55,59.1,50.35,13,35,61,6,17,23,30,3,11.43,430.43,91,HomeOwner,F,102000,612040,08MAY1994,Platinum,2,,,30,4.5461538462
0,40,1,18,3,75,125,143.75,13,33,43,6,16,20,4,2,25,1748.18,81,HomeOwner,M,38000,119210,08JAN1999,Platinum,5,,,26,9.6153846154
0,26,4,19,1,90,93.35,70,13,34,57,6,17,24,13,2,18.5,586.29,99,HomeOwner,F,75000,371410,10JUL2004,Platinum,3,,,20,7.1807692308
0,27,4,19,1,90,72.5,41.05,15,34,70,6,16,25,19,3,14,500.9,117,Unknown,M,122000,113880,18JUL1993,Platinum,3,,,31,4.8333333333
0,30,1,17,5,75,75,75,10,15,13,4,6,5,1,1,15,775.17,41,HomeOwner,F,70000,466050,05DEC1950,Gold,5,,,74,7.5
0,26,1,9,5,100,100,100,20,24,21,6,8,7,2,2,20,1119.22,40,HomeOwner,M,54000,203450,19JUL1990,Gold,5,,,34,5
1,32,0,15,3,75,50,50,8,18,18,2,2,6,2,0,,706.33,52,HomeOwner,M,102000,543140,,Member,,,,,6.25
1,33,2,18,2,60,48.75,48.1,13,33,70,6,15,27,13,3,8.5,438.21,129,Unknown,M,106000,94640,,Platinum,2,,,,3.75
1,31,0,17,10,100,0,100,10,10,12,4,4,4,1,0,,172.97,41,HomeOwner,U,54000,262470,,Gold,,,,,0
1,0,5,17,1,65,62.15,63,16,37,102,6,17,35,30,3,12.4,400.42,147,HomeOwner,M,83000,201110,07NOV2004,Platinum,2,,,20,3.884375
1,8,2,20,2,25,68.75,58.35,14,35,40,6,16,15,6,2,10,351.46,65,HomeOwner,F,89000,430820,,Platinum,2,,,,4.9107142857
0,26,0,17,3,125,108.35,77.25,16,38,76,6,6,24,11,2,,1118.95,101,HomeOwner,F,68000,170950,24DEC1987,Platinum,5,,,37,6.771875
1,41,0,20,5,100,100,100,10,17,15,4,4,6,1,0,,1008.97,44,HomeOwner,F,54000,262080,03APR1987,Gold,,,,37,10
0,25,1,4,5,0,75,75,8,15,13,3,6,5,1,1,15,781.55,45,Unknown,M,70000,83330,10FEB1994,Gold,5,,,31,9.375
0,41,3,22,2,40,34,29.05,12,34,49,6,17,21,16,3,6.67,278.4,81,HomeOwner,U,165000,489060,,Platinum,2,,,,2.8333333333
0,37,2,18,2,100,86,46.35,12,34,77,6,17,32,30,3,15.5,583.51,140,HomeOwner,F,110000,113750,06JUL1997,Platinum,3,,,27,7.1666666667
0,43,0,23,10,100,0,100,8,8,13,3,3,5,1,0,,661.48,47,HomeOwner,F,54000,264550,28JUL2004,Gold,,,,20,0
0,30,0,6,10,0,0,92.5,29,29,56,3,3,10,6,1,,488.74,85,Unknown,M,58000,102960,29OCT1995,Platinum,5,,,29,0
0,31,3,18,2,50,32.5,31.55,13,34,57,6,17,22,16,3,6,310.79,88,HomeOwner,M,154000,209690,13MAR2004,Platinum,2,,,20,2.5
0,26,1,15,2,45,58.75,49.75,25,46,96,8,18,34,20,2,11,295.26,103,HomeOwner,F,103000,123500,11MAR2003,Platinum,2,,,21,2.35
0,48,2,21,3,50,52.5,36.9,13,32,65,6,16,28,13,3,10.5,386.1,137,HomeOwner,F,134000,326820,26JUL1987,Platinum,2,,,37,4.0384615385
0,32,5,7,2,65,71,59.35,29,50,84,11,21,28,15,3,14.2,424.14,88,Unknown,F,87000,206180,10JUN1992,Platinum,2,,,32,2.4482758621
1,23,2,17,2,25,25,21.35,12,31,43,6,15,18,11,2,5,293.69,80,HomeOwner,M,213000,241670,21JUN2006,Platinum,2,,,18,2.0833333333
1,33,7,17,1,40,47.2,42.3,13,33,39,6,17,16,13,3,9.29,285.07,65,HomeOwner,M,119000,65390,,Platinum,2,,,,3.6307692308
1,28,1,17,3,100,96.65,80,13,33,55,6,15,21,8,2,20,800.92,86,HomeOwner,F,66000,485940,09JUN2002,Platinum,3,,,22,7.4346153846
0,29,0,26,3,135,122.5,79,12,34,68,5,5,27,10,2,,1743.61,134,HomeOwner,M,67000,125320,30NOV1999,Platinum,4,,,25,10.208333333
0,18,2,18,3,70,66.65,54.05,13,33,67,6,15,26,16,3,14,537.42,117,HomeOwner,F,95000,488410,,Platinum,2,,,,5.1269230769
0,27,3,16,3,100,81.65,57.5,14,35,40,6,16,16,6,2,16.33,713.96,68,HomeOwner,F,90000,143910,14JAN1997,Platinum,3,,,28,5.8321428571
1,26,4,20,1,65,59.15,55,15,35,59,6,16,23,11,2,12.25,369.66,100,Unknown,F,94000,464880,27MAR1994,Platinum,2,,,30,3.9433333333
0,44,4,16,2,70,75,58,16,38,59,6,17,22,10,2,15,591.34,104,Unknown,M,89000,77090,21JAN1997,Platinum,2,,,28,4.6875
0,38,0,16,5,100,100,100,11,15,13,5,5,6,1,0,,1123.32,40,HomeOwner,F,54000,271960,23APR1989,Gold,,,,35,9.0909090909
1,29,5,19,1,25,27.85,25,13,31,63,6,16,23,20,3,5.6,174.29,111,HomeOwner,F,188000,58760,,Platinum,1,,,,2.1423076923
0,30,1,21,5,100,100,100,9,15,14,4,7,6,1,1,20,1123.9,45,Unknown,F,54000,264810,03MAR1993,Gold,5,,,31,11.111111111
0,45,1,19,5,30,100,65,7,10,10,2,4,4,2,1,20,1122.05,45,Unknown,U,80000,83460,,Member,2,,,,14.285714286
1,36,1,16,2,50,33.75,32,13,33,32,6,15,14,5,1,10,286.82,63,HomeOwner,M,152000,293670,31MAR1990,Platinum,3,,,34,2.5961538462
1,27,5,16,2,25,27,23.55,12,32,63,6,17,29,17,3,5.4,200.91,129,Unknown,M,197000,57200,07FEB2004,Platinum,1,,,21,2.25
1,20,3,19,2,75,68.75,54.1,14,35,70,6,16,29,11,3,15,373.12,148,HomeOwner,F,95000,282230,20JUN2005,Platinum,3,,,19,4.9107142857
0,44,1,17,2,65,52.5,34.7,14,36,56,6,17,25,16,3,7,393.8,101,Unknown,M,142000,125580,22DEC2005,Platinum,2,,,19,3.75
1,29,2,18,1,50,50.85,45.55,11,32,41,6,16,17,9,2,10,267.02,76,Unknown,F,111000,309010,,Platinum,2,,,,4.6227272727
1,32,2,22,2,50,75,87.5,7,24,33,5,15,15,6,2,17.5,516.19,69,HomeOwner,M,61000,52780,28MAR1994,Platinum,3,,,30,10.714285714
1,19,0,19,5,100,100,100,9,13,11,4,4,5,1,0,,1008.97,43,HomeOwner,M,54000,585910,18JUN1996,Gold,,,,28,11.111111111
0,45,2,24,3,50,32.5,18.85,11,28,75,4,12,30,22,3,6.5,345.61,136,Unknown,F,236000,107250,17DEC1954,Platinum,2,,,70,2.9545454545
0,28,3,17,3,60,36.65,26.45,12,31,58,5,15,23,14,3,7.33,494.14,101,HomeOwner,F,179000,757250,01MAY1995,Platinum,2,,,29,3.0541666667
0,31,6,16,1,50,45,39.65,14,34,41,6,17,17,15,3,9.83,289.95,68,HomeOwner,F,126000,63050,02FEB1982,Platinum,2,,,43,3.2142857143
1,37,1,26,3,100,125,108.35,11,32,57,5,16,21,6,2,30,883.2,88,HomeOwner,U,50000,746460,14DEC1998,Platinum,3,,,26,11.363636364
0,26,1,17,2,50,43.75,36.1,13,32,46,6,15,19,9,2,10,315.33,87,Unknown,M,137000,63700,10FEB1984,Platinum,2,,,41,3.3653846154
1,15,5,19,1,50,51.45,52.5,13,34,55,6,17,23,14,3,10,266.38,92,Unknown,U,98000,202410,,Platinum,2,,,,3.9576923077
0,39,3,18,2,25,41.25,38,12,30,29,6,15,13,5,2,7.67,286.53,57,Unknown,F,131000,79950,,Platinum,2,,,,3.4375
0,5,1,17,5,75,75,75,10,15,13,4,6,5,1,1,15,788.73,41,Unknown,F,70000,198640,,Gold,5,,,,7.5
0,31,2,18,2,50,31.25,28,4,11,11,2,6,6,5,2,4.5,309.99,57,Unknown,F,170000,292500,,Member,3,,,,7.8125
1,20,1,23,5,75,75,75,8,18,16,3,7,6,1,1,15,711.56,47,HomeOwner,F,70000,178360,,Gold,5,,,,9.375
0,28,4,16,1,55,32.15,31.35,13,34,40,6,17,17,11,2,6,217.65,69,HomeOwner,M,155000,93210,08APR2001,Platinum,2,,,23,2.4730769231
0,27,3,23,1,50,44.15,37.3,12,31,48,6,16,20,13,2,9.33,284.27,87,HomeOwner,F,133000,125060,08FEB1994,Platinum,2,,,31,3.6791666667
0,50,0,18,5,110,110,49.7,14,33,86,6,6,30,16,3,,1114.69,147,HomeOwner,F,103000,277160,03JUL2004,Platinum,3,,,20,7.8571428571
0,28,2,16,3,60,55,46.65,13,32,77,5,13,30,24,3,11,492.54,148,HomeOwner,F,109000,241020,08DEC1985,Platinum,2,,,39,4.2307692308
0,30,5,19,1,50,68.75,60.45,14,32,38,6,15,14,11,2,14,425.35,77,HomeOwner,M,86000,39390,,Platinum,2,,,,4.9107142857
0,41,3,17,2,60,52.5,47,12,27,35,5,11,13,5,2,10.67,391.75,68,Unknown,M,108000,557700,11OCT2001,Platinum,2,,,23,4.375
0,13,4,18,2,50,37.5,40,13,31,82,6,15,29,13,3,7.5,321.39,137,HomeOwner,M,125000,470210,23MAR1951,Platinum,2,,,73,2.8846153846
0,28,1,24,3,50,62.5,66.65,12,26,24,5,12,10,3,1,10,538.99,55,Unknown,M,79000,217100,,Platinum,3,,,,5.2083333333
0,25,4,18,1,75,33.55,31.25,13,30,31,6,15,14,8,2,5.25,217.9,61,Unknown,F,155000,59410,,Platinum,3,,,,2.5807692308
0,29,0,18,3,50,65,56.15,12,30,67,5,5,30,13,3,,539.41,150,HomeOwner,M,92000,207740,26OCT1954,Platinum,2,,,70,5.4166666667
0,38,1,7,5,75,60,35,31,49,99,6,14,28,19,3,12,497.03,149,HomeOwner,F,141000,118820,16FEB2003,Platinum,3,,,21,1.935483871
0,25,1,20,5,120,120,120,10,17,15,4,7,6,1,1,24,1125.23,44,HomeOwner,F,45000,289900,30JAN1996,Gold,5,,,29,12
0,27,4,16,2,80,145,125.7,13,34,43,5,16,17,7,2,29,1753.46,68,Unknown,M,43000,108420,,Platinum,3,,,,11.153846154
0,24,3,19,2,50,63.75,55.5,12,31,71,5,15,28,20,3,13.67,414.87,129,HomeOwner,F,93000,234650,29MAR1997,Platinum,2,,,27,5.3125
0,27,1,17,3,100,100,72.5,19,40,52,6,16,20,6,2,20,833.27,76,Unknown,F,73000,160290,12NOV2002,Platinum,5,,,22,5.2631578947
0,20,2,25,3,50,75,104.7,10,30,58,5,15,24,18,3,15,706.71,116,HomeOwner,F,51000,166920,30APR2001,Platinum,2,,,23,7.5
0,32,4,17,1,50,42.15,39.45,12,31,33,6,16,15,9,2,8.75,289.75,65,HomeOwner,F,127000,40950,03FEB2001,Platinum,2,,,24,3.5125
1,33,2,19,2,50,51.25,60.2,14,35,85,6,16,30,27,3,10.5,472.12,147,HomeOwner,F,86000,300430,29JAN2005,Platinum,2,,,20,3.6607142857
0,42,3,18,1,65,60,44.6,15,37,75,6,17,27,25,3,11.67,393.23,117,HomeOwner,M,113000,54340,29JAN2004,Platinum,2,,,21,4
0,0,1,19,2,75,67.5,49.4,13,35,55,6,17,22,16,3,12,507.8,86,HomeOwner,F,103000,420290,12MAY1998,Platinum,3,,,26,5.1923076923
0,38,0,18,5,125,125,125,10,15,12,4,4,5,1,0,,1738.3,42,HomeOwner,F,43000,63180,18JUL1997,Gold,,,,27,12.5
0,29,7,22,1,50,55,48.65,13,35,47,6,17,19,15,3,10.29,378.46,77,HomeOwner,M,105000,246480,03FEB1990,Platinum,2,,,35,4.2307692308
0,47,0,18,3,75,75,47,11,31,61,5,5,25,10,2,,708.55,115,HomeOwner,M,108000,66820,26DEC2003,Platinum,5,,,21,6.8181818182
1,34,3,19,2,50,41,31.75,13,34,76,6,17,33,20,3,8.67,301.38,149,Unknown,U,153000,189150,17JAN2004,Platinum,2,,,21,3.1538461538
0,28,0,18,5,125,125,75,13,18,15,6,6,6,2,0,,1741.26,43,HomeOwner,F,70000,39000,14JAN2000,Gold,,,,25,9.6153846154
1,26,1,18,3,100,75,48.35,13,33,53,6,15,22,9,2,10,440.62,101,HomeOwner,M,105000,124280,06DEC2002,Platinum,3,,,22,5.7692307692
0,26,1,15,2,35,27.5,30,12,24,51,5,9,13,7,2,5,215.8,87,HomeOwner,M,161000,27560,26DEC2001,Platinum,2,,,23,2.2916666667
1,29,2,18,3,50,100,62.65,13,32,57,6,17,24,15,2,17.5,1038.27,89,HomeOwner,F,83000,399230,18MAY1991,Platinum,2,,,33,7.6923076923
0,31,1,17,5,75,75,75,10,15,13,4,6,5,1,1,15,776.24,41,Unknown,F,70000,63830,,Gold,5,,,,7.5
0,32,4,20,1,60,58.35,51.9,12,29,30,6,15,13,8,2,11,395.82,59,Unknown,F,99000,142740,,Platinum,2,,,,4.8625
1,29,1,21,3,75,67.5,44.6,17,37,87,7,16,32,23,3,15,543.85,124,HomeOwner,F,113000,222820,07FEB2006,Platinum,3,,,19,3.9705882353
1,41,1,22,3,100,87.5,53,13,34,75,6,16,31,20,3,20,402.32,154,HomeOwner,F,97000,256880,16MAY2005,Platinum,3,,,19,6.7307692308
0,14,1,21,5,75,75,75,8,15,14,3,6,5,1,1,15,785.23,45,HomeOwner,F,70000,195260,25DEC1988,Gold,5,,,36,9.375
0,37,4,21,2,100,91,76.25,13,32,41,6,17,17,12,2,17.75,578.22,69,Unknown,F,69000,247650,29MAR1989,Platinum,3,,,35,7
0,0,2,16,3,50,50,53.65,23,39,90,5,12,26,15,2,10,399.59,136,HomeOwner,M,96000,51870,,Platinum,2,,,,2.1739130435
1,31,1,17,5,115,115,115,11,16,14,5,7,6,1,1,23,1211.58,41,HomeOwner,F,47000,241020,06JAN1996,Gold,5,,,29,10.454545455
1,25,3,16,2,60,52.5,45,14,34,40,6,15,15,7,2,10.67,477.35,77,Unknown,F,113000,77350,16OCT1989,Platinum,2,,,35,3.75
0,48,3,15,2,25,208,209.3,17,38,39,6,16,14,7,2,36.67,1738.39,60,HomeOwner,M,26000,0,08MAR2003,Platinum,2,,,21,12.235294118
0,36,5,7,1,50,42.8,38.4,23,45,92,9,20,36,22,3,8.8,284.3,103,HomeOwner,M,130000,97760,01NOV2002,Platinum,2,,,22,1.8608695652
1,39,1,16,5,60,60,58.15,14,35,44,6,16,19,8,2,12,638.96,75,Unknown,F,89000,239330,20JUL1993,Platinum,2,,,31,4.2857142857
0,30,1,17,5,100,100,100,11,16,14,5,7,6,1,1,20,1114.47,41,Unknown,F,54000,111020,,Gold,5,,,,9.0909090909
1,51,2,19,2,110,92,74.05,13,35,71,6,17,28,21,3,19,1664.7,121,HomeOwner,M,71000,363870,25JAN2005,Platinum,3,,,20,7.0769230769
0,35,2,24,2,80,58,52.35,14,33,84,4,13,27,19,3,13,394.17,143,Unknown,F,98000,98670,24FEB2005,Platinum,3,,,19,4.1428571429
1,30,3,22,2,75,62.5,50,12,33,62,6,17,25,10,2,11.67,640.33,117,Unknown,F,102000,230750,19MAY1985,Platinum,3,,,39,5.2083333333
0,28,1,17,5,115,115,115,11,16,14,5,7,6,1,1,23,1106.33,41,Unknown,F,47000,57720,21JAN1996,Gold,5,,,29,10.454545455
1,30,4,16,1,25,26.65,31.5,15,36,76,6,17,30,20,3,5.5,171.1,120,HomeOwner,M,154000,254800,21JUN1992,Platinum,1,,,32,1.7766666667
0,32,1,16,5,75,75,75,6,8,7,2,3,3,1,1,15,770.65,40,Unknown,M,70000,127010,,Member,5,,,,12.5
0,35,1,18,3,100,57.5,57.5,10,16,13,4,6,5,2,1,3,671.78,55,HomeOwner,F,90000,133250,11NOV2005,Platinum,5,,,19,5.75
0,22,1,19,5,75,75,75,10,14,11,4,6,5,1,1,15,779.96,43,Unknown,F,70000,34190,,Gold,5,,,,7.5
0,27,1,16,5,75,75,75,12,17,14,4,6,5,1,1,15,789.59,40,HomeOwner,M,70000,224510,08JUN1971,Gold,5,,,53,6.25
0,34,2,7,3,75,78.35,70.25,29,46,90,5,12,22,20,3,16,697.71,100,Unknown,F,75000,58630,,Member,3,,,,2.7017241379
0,41,1,19,2,50,65,34.25,16,38,68,6,17,26,20,3,10,411.87,112,HomeOwner,F,143000,159250,,Platinum,2,,,,4.0625
0,37,1,17,5,75,75,75,10,14,12,4,6,5,1,1,15,770.52,41,HomeOwner,F,70000,185510,08APR1986,Gold,5,,,38,7.5
1,33,1,20,5,100,100,100,10,17,16,4,7,6,1,1,20,1833.97,44,HomeOwner,F,54000,196300,03AUG1995,Gold,5,,,29,10
0,21,1,24,5,125,125,125,4,9,8,2,5,5,1,1,25,1748.45,48,Unknown,U,43000,160940,,Member,5,,,,31.25
0,35,1,16,5,75,75,75,11,16,13,4,6,5,1,1,15,783.55,40,Unknown,M,70000,260000,,Gold,5,,,,6.8181818182
1,41,2,18,2,55,52.5,43.55,14,34,58,6,16,22,14,3,13,246.61,99,Unknown,F,116000,115830,,Platinum,2,,,,3.75
1,50,2,15,2,50,53.75,49.15,10,30,82,5,15,32,35,3,10.5,323.02,154,Unknown,F,104000,361400,,Platinum,2,,,,5.375
0,53,0,17,2,75,77.5,62.9,19,40,87,8,8,24,12,2,,587.62,101,HomeOwner,F,83000,100360,27MAY2003,Platinum,5,,,21,4.0789473684
0,29,0,20,5,75,75,75,10,17,15,4,4,6,1,0,,785.86,44,Unknown,M,70000,113750,05JUN1994,Gold,,,,30,7.5
0,32,2,18,3,75,61.65,57.15,15,35,56,6,16,17,7,2,11,501.07,77,Unknown,U,91000,285740,,Platinum,3,,,,4.11
0,36,1,16,5,100,100,100,12,17,14,5,7,6,1,1,20,1109.01,40,HomeOwner,M,54000,71760,17MAR1998,Gold,5,,,26,8.3333333333
0,0,2,18,3,75,63.35,60,4,10,9,2,5,5,4,2,13,1025.8,51,Unknown,M,87000,55250,,Member,5,,,,15.8375
0,37,2,21,3,75,70,60,12,32,65,6,16,27,10,3,14,537.94,129,Unknown,F,87000,96720,24NOV2004,Platinum,3,,,20,5.8333333333
0,30,2,19,2,60,55,51.5,13,35,43,6,17,17,10,2,11,387.28,68,HomeOwner,M,100000,121290,,Platinum,2,,,,4.2307692308
0,15,1,17,5,115,115,115,13,18,16,5,7,6,1,1,23,1121.51,41,HomeOwner,F,47000,183300,18NOV1978,Gold,5,,,46,8.8461538462
1,41,2,15,3,100,100,67.3,16,34,86,5,14,30,13,3,20,812.64,154,Unknown,F,78000,97240,23APR2000,Member,3,,,24,6.25
1,22,4,18,2,50,52,45.55,13,34,50,6,16,20,9,2,10.5,416.17,104,Unknown,U,111000,152880,28NOV1961,Platinum,2,,,63,4
0,34,1,17,5,100,100,100,10,15,13,4,6,5,1,1,20,1111.33,41,Unknown,U,54000,92300,,Gold,5,,,,10
1,26,5,18,1,65,60.45,47.3,12,34,91,5,16,35,54,4,10.8,297.35,153,HomeOwner,F,108000,83330,,Platinum,2,,,,5.0375
0,43,9,15,1,35,38.95,33.7,24,45,97,11,22,41,46,4,7.89,223.61,116,HomeOwner,F,145000,63310,23MAR2007,Platinum,1,,,17,1.6229166667
0,34,1,18,3,60,50,35.25,12,33,73,5,15,30,21,3,8,502.37,142,HomeOwner,F,140000,152880,27NOV2003,Platinum,2,,,21,4.1666666667
0,36,1,17,5,125,125,125,11,16,14,5,7,6,1,1,25,1745.85,41,HomeOwner,M,43000,166010,13OCT2000,Gold,5,,,24,11.363636364
1,32,3,19,2,50,58.75,48.35,13,34,58,6,17,23,12,2,12.33,458.12,104,HomeOwner,F,105000,153400,05NOV1988,Platinum,2,,,36,4.5192307692
1,25,2,8,3,50,58.35,50.7,28,41,52,7,12,10,7,2,15,515.28,56,HomeOwner,F,101000,112840,16DEC2005,Platinum,3,,,19,2.0839285714
0,61,3,15,2,50,50,46.45,13,35,55,6,17,23,14,3,10,393.46,89,HomeOwner,F,109000,127270,09APR2006,Platinum,2,,,18,3.8461538462
1,31,2,19,1,35,28.35,26.25,12,32,32,6,15,14,8,2,5,174.36,64,Unknown,F,180000,114010,23NOV1992,Platinum,2,,,32,2.3625
0,31,1,19,3,100,87.5,46.45,14,35,44,6,16,18,7,2,15,697.53,76,HomeOwner,F,109000,248430,12APR2003,Platinum,3,,,21,6.25
1,28,6,18,1,20,20.55,21.25,14,30,31,7,16,14,12,2,4,168.29,57,Unknown,M,214000,76830,,Platinum,1,,,,1.4678571429
0,29,2,18,2,100,80,62.2,7,27,39,4,15,17,9,2,17.5,596.59,76,HomeOwner,F,84000,309270,17JUL1990,Platinum,3,,,34,11.428571429
0,43,1,18,5,100,100,100,10,14,12,4,6,5,1,1,20,1112.21,42,HomeOwner,M,54000,85150,05APR1987,Gold,5,,,37,10
1,23,1,15,5,75,100,87.5,12,17,15,5,7,6,2,1,20,1235.19,41,Unknown,F,61000,341510,,Gold,5,,,,8.3333333333
0,26,1,15,3,60,60,45.35,15,32,80,5,12,28,14,3,12,489.46,154,Unknown,F,112000,63570,13MAY2005,Platinum,2,,,19,4
1,15,0,16,5,100,100,100,11,16,13,5,5,6,1,0,,1008.97,40,Unknown,F,54000,233480,,Gold,,,,,9.0909090909
0,39,1,15,5,100,100,100,10,14,12,5,7,6,1,1,20,1116.03,39,HomeOwner,M,54000,160420,03FEB1995,Gold,5,,,30,10
1,16,1,20,5,75,75,75,8,15,13,3,6,5,1,1,15,775.56,44,HomeOwner,M,70000,208650,07NOV1986,Gold,5,,,38,9.375
0,20,0,19,3,250,250,265,14,35,71,6,6,20,5,1,,4250.64,76,HomeOwner,M,21000,186420,17DEC1995,Platinum,5,,,29,17.857142857
0,26,1,21,5,115,115,115,10,17,15,4,7,6,1,1,23,1113.57,45,HomeOwner,F,47000,243750,12NOV1992,Gold,5,,,32,11.5
0,25,1,15,5,30,115,72.5,12,17,15,5,7,6,2,1,23,1125.68,41,Unknown,F,73000,133250,,Gold,2,,,,9.5833333333
0,28,3,16,3,85,78.35,52,14,34,63,6,16,26,10,3,15.67,714.91,129,Unknown,M,99000,625950,15NOV1992,Platinum,3,,,32,5.5964285714
0,29,2,15,2,50,50,40,13,31,36,6,15,15,7,2,8.5,377.67,69,Unknown,F,125000,88270,18DEC1995,Platinum,3,,,29,3.8461538462
0,36,0,23,10,125,0,125,10,10,15,4,4,6,1,0,,666.05,47,HomeOwner,M,43000,503490,07APR1993,Gold,,,,31,0
0,33,0,15,5,75,75,45.85,11,27,44,3,3,15,6,2,,775.95,80,Unknown,F,111000,111540,25MAY1982,Member,5,,,42,6.8181818182
1,33,1,17,3,65,70,51.25,13,32,52,6,15,20,8,2,15,581.13,112,HomeOwner,M,100000,332670,24JUL2004,Platinum,3,,,20,5.3846153846
1,0,2,25,2,50,45,40.65,20,42,100,10,21,38,31,3,10,307.2,93,Unknown,M,123000,103090,14OCT1995,Platinum,2,,,29,2.25
0,24,2,16,3,100,87.5,58.2,14,33,53,6,15,20,7,2,17.5,706.42,91,Unknown,M,89000,476190,18OCT1995,Platinum,3,,,29,6.25
0,34,0,25,5,215,215,129,12,33,75,6,6,33,15,3,,1736.67,147,HomeOwner,F,42000,86450,08FEB1992,Platinum,4,,,33,17.916666667
1,44,1,17,5,75,75,75,10,15,14,4,6,5,1,1,15,711.56,41,HomeOwner,M,70000,476840,09JUL2005,Gold,5,,,19,7.5
0,0,0,17,2,60,62.5,33.55,20,42,106,5,5,33,49,3,,426.33,154,Unknown,M,146000,226200,25JUN1988,Platinum,2,,,36,3.125
1,19,0,15,5,100,100,100,10,14,12,5,5,6,1,0,,833.97,39,HomeOwner,M,54000,241410,16JAN1994,Gold,,,,31,10
0,30,0,18,3,75,50,32.5,12,23,33,6,6,12,4,2,,483.37,81,Unknown,F,150000,47580,22MAY2007,Platinum,5,,,17,4.1666666667
0,20,2,18,2,20,36,31.1,12,30,44,6,15,18,9,2,9,282.49,81,HomeOwner,M,156000,251550,04JUL2004,Platinum,2,,,20,3
0,25,0,17,10,250,0,325,15,15,85,6,6,25,5,2,,665.75,105,HomeOwner,M,17000,157300,09MAY1997,Platinum,5,,,27,0
1,20,4,18,1,75,64.3,61.8,14,33,58,6,15,22,11,2,13,433.69,104,HomeOwner,M,84000,287430,,Platinum,3,,,,4.5928571429
0,45,0,20,5,100,100,43.75,13,33,52,6,6,20,8,2,,1120.79,101,Unknown,U,115000,30550,27NOV1999,Platinum,5,,,25,7.6923076923
1,37,4,16,2,50,54,39.2,14,34,75,6,15,29,16,3,10.5,346.52,154,Unknown,F,127000,301860,09NOV1999,Platinum,2,,,25,3.8571428571
0,35,0,18,5,50,200,108.35,17,38,87,5,5,27,12,2,,1737.59,126,Unknown,M,50000,152620,,Platinum,3,,,,11.764705882
1,33,2,19,2,50,57.5,44.15,13,34,61,6,17,25,12,2,10.5,331.44,105,HomeOwner,M,114000,359450,,Platinum,2,,,,4.4230769231
0,20,1,16,5,125,125,125,11,16,14,5,7,6,1,1,25,1750.59,40,Unknown,F,43000,87230,08MAR1992,Gold,5,,,32,11.363636364
1,25,1,21,5,100,100,68.55,13,33,63,6,16,27,7,2,20,1237.38,137,Unknown,F,76000,334620,27JUL1986,Platinum,3,,,38,7.6923076923
0,32,1,18,5,125,200,105.85,26,47,61,6,16,22,6,2,40,1754.04,81,Unknown,M,51000,223210,28JAN1994,Platinum,5,,,31,7.6923076923
1,23,1,17,5,75,75,75,10,15,13,4,6,5,1,1,15,711.56,41,HomeOwner,F,70000,180960,07MAY1990,Gold,5,,,34,7.5
0,34,0,20,5,75,75,75,8,15,12,3,3,5,1,0,,777.97,44,Unknown,F,70000,89570,,Gold,,,,,9.375
1,40,2,18,2,75,74,45.3,13,35,77,6,17,33,18,3,13.5,489.26,149,HomeOwner,F,112000,92820,28OCT2003,Platinum,3,,,21,5.6923076923
0,32,0,4,3,50,51.65,47.3,34,54,108,11,11,34,26,3,,382.75,136,HomeOwner,M,108000,115960,28JAN1990,Platinum,2,,,35,1.5191176471
1,34,1,23,5,100,100,100,8,15,14,3,6,5,1,1,20,633.97,47,HomeOwner,F,54000,206050,28JAN1977,Gold,5,,,48,12.5
0,41,1,21,5,75,75,75,8,15,13,3,6,5,1,1,15,776.46,45,Unknown,F,70000,78650,,Gold,5,,,,9.375
1,34,6,15,1,40,45,47.7,13,34,90,5,15,33,37,3,8.67,241.81,153,HomeOwner,F,107000,459030,,Platinum,2,,,,3.4615384615
0,48,1,17,5,100,100,100,4,6,5,2,3,3,1,1,20,1115.29,41,Unknown,M,54000,74750,,Member,5,,,,25
1,15,5,17,1,25,28.15,24.45,14,33,73,6,17,30,26,3,5.8,198.75,145,Unknown,F,191000,41210,,Platinum,1,,,,2.0107142857
1,38,1,24,5,100,100,100,7,17,15,3,7,6,1,1,20,708.97,48,HomeOwner,F,54000,75790,04MAR1999,Gold,5,,,25,14.285714286
1,24,2,17,3,90,83.35,64.4,14,35,53,6,16,21,8,2,17,619.07,91,HomeOwner,M,81000,193050,16MAR1998,Platinum,3,,,26,5.9535714286
0,42,2,21,3,50,50,38.35,19,29,63,2,8,16,18,3,10,394.79,154,Unknown,M,130000,154310,25MAY2005,Platinum,2,,,19,2.6315789474
0,40,2,16,3,25,55,55,10,17,16,4,7,6,2,2,11,387.64,47,HomeOwner,M,94000,186680,,Gold,2,,,,5.5
0,31,1,26,3,75,62.5,62.5,9,25,23,4,11,10,2,1,10,552.54,59,Unknown,F,83000,77740,23FEB1989,Platinum,5,,,35,6.9444444444
0,28,1,24,5,100,100,100,7,17,15,3,7,6,1,1,20,1119.41,48,HomeOwner,F,54000,257790,13NOV1989,Gold,5,,,35,14.285714286
0,28,1,17,5,125,125,125,7,9,8,2,3,3,1,1,25,1755,41,Unknown,M,43000,163540,,Member,5,,,,17.857142857
0,31,1,21,5,100,100,100,10,17,16,4,7,6,1,1,20,1125.51,45,Unknown,F,54000,59020,,Gold,5,,,,10
0,32,5,17,2,125,95,73.2,25,47,95,11,22,39,14,3,19,962.15,122,Unknown,F,72000,57720,,Platinum,4,,,,3.8
0,28,1,17,5,165,165,165,11,16,14,5,7,6,1,1,33,1736.96,41,HomeOwner,M,33000,145990,28NOV1986,Gold,5,,,38,15
0,21,1,16,5,125,125,125,4,6,5,2,3,3,1,1,25,1738.15,40,Unknown,U,43000,230360,,Member,5,,,,31.25
0,30,1,21,5,100,100,100,8,15,13,3,6,5,1,1,20,1115.8,45,Unknown,M,54000,37050,04MAR1996,Gold,5,,,28,12.5
0,37,0,26,5,125,125,91.65,13,31,70,5,5,24,6,2,,1738.05,128,Unknown,M,58000,60060,03JAN1997,Platinum,4,,,28,9.6153846154
0,37,0,16,5,100,100,100,11,16,13,5,5,6,1,0,,1110.38,40,HomeOwner,F,54000,38090,31MAY1997,Gold,,,,27,9.0909090909
0,48,2,16,2,100,112.5,83.65,14,36,61,6,17,24,15,2,25,836.37,85,Unknown,F,63000,80600,23MAY1991,Platinum,3,,,33,8.0357142857
1,24,1,17,3,75,62.5,56.8,13,31,64,6,15,24,11,3,15,445.69,125,HomeOwner,U,91000,79170,,Platinum,3,,,,4.8076923077
1,17,4,4,2,100,100,68.25,32,52,107,6,16,29,23,3,20,712.52,129,Unknown,F,77000,252330,05APR2007,Platinum,3,,,17,3.125
0,38,3,16,1,10,16.45,16.9,13,33,75,6,16,31,24,3,2.67,166.65,152,Unknown,F,257000,38220,11APR1955,Platinum,1,,,69,1.2653846154
0,17,5,4,1,50,48.35,40.65,30,46,98,5,14,27,38,3,9.6,283.28,126,Unknown,U,123000,201110,17JAN2002,Platinum,2,,,23,1.6116666667
0,16,1,22,5,125,125,125,10,16,15,4,7,6,1,1,25,1739.73,46,HomeOwner,F,43000,80340,17APR1987,Gold,5,,,37,12.5
0,30,0,20,5,75,75,75,8,14,13,3,3,4,1,0,,784.57,44,Unknown,M,70000,89050,,Gold,,,,,9.375
1,40,1,15,3,75,58.35,58.35,8,23,24,2,9,9,3,1,10,514.01,58,HomeOwner,M,89000,192530,30MAY2003,Member,5,,,21,7.29375
0,33,5,16,1,60,53.35,52.1,25,47,115,11,22,47,26,3,10.4,388.71,150,Unknown,M,99000,43680,,Platinum,2,,,,2.134
1,0,1,15,5,175,175,175,8,10,10,3,4,4,1,1,35,2203.42,39,Unknown,F,31000,527540,,Member,5,,,,21.875
0,35,0,16,5,75,75,75,10,15,12,4,4,5,1,0,,771.36,40,Unknown,F,70000,46800,,Gold,,,,,7.5
0,11,1,20,3,100,62.5,62.5,10,22,23,4,8,7,2,1,20,644.12,56,HomeOwner,M,83000,163670,06APR1968,Platinum,5,,,56,6.25
0,38,1,24,5,75,75,55.9,18,35,89,4,12,22,11,2,15,781.97,129,Unknown,U,92000,149890,13FEB2007,Platinum,3,,,18,4.1666666667
1,32,4,21,2,80,73,67.5,14,32,51,6,15,19,8,2,15.25,454.64,93,Unknown,F,78000,253890,10MAY1997,Platinum,3,,,27,5.2142857143
0,33,0,16,5,250,250,250,12,17,14,5,5,6,1,0,,4264.3,40,HomeOwner,F,22000,36660,19DEC1999,Gold,,,,25,20.833333333
1,23,1,17,5,75,75,75,9,14,13,3,5,5,1,1,15,886.56,41,HomeOwner,M,70000,448630,,Gold,5,,,,8.3333333333
0,28,0,26,5,375,375,161.05,13,35,90,5,5,30,19,3,,4254.01,147,Unknown,F,34000,281840,,Platinum,4,,,,28.846153846
1,34,3,16,1,60,58.35,53.2,15,36,47,6,17,19,11,2,11,573.17,80,HomeOwner,M,97000,686790,28DEC1993,Platinum,2,,,31,3.89
0,29,1,17,5,100,100,100,10,14,12,4,6,5,1,1,20,1109.39,41,HomeOwner,M,54000,275470,07NOV1985,Gold,5,,,39,10
1,23,2,24,3,100,100,59.3,11,30,53,6,16,22,7,2,20,813.74,105,HomeOwner,M,87000,499070,05JAN2004,Platinum,3,,,21,9.0909090909
1,43,2,17,3,75,62.5,62.5,11,20,17,4,9,8,2,2,12.5,525.77,54,Unknown,M,83000,94640,,Platinum,5,,,,5.6818181818
0,39,3,16,2,100,80,65,13,35,55,6,17,22,10,2,16.67,583.5,90,HomeOwner,F,80000,446680,13DEC1991,Platinum,3,,,33,6.1538461538
0,37,0,20,5,100,100,100,10,17,16,4,4,6,1,0,,1115.34,44,Unknown,F,54000,45370,,Gold,,,,,10
0,12,1,22,3,85,88.35,66.65,12,33,75,6,16,31,12,3,17,715.23,147,Unknown,F,79000,292500,,Platinum,3,,,,7.3625
0,34,4,13,1,50,60,47.25,26,45,89,11,21,34,20,3,12.75,395.54,88,Unknown,M,108000,81250,26MAR2003,Platinum,2,,,21,2.3076923077
1,22,3,25,2,50,37.5,16.25,12,32,74,6,17,32,28,3,7.33,280.87,154,Unknown,F,265000,421460,28OCT2001,Platinum,2,,,23,3.125
0,34,1,17,5,125,125,125,11,16,14,5,7,6,1,1,25,1743.67,41,Unknown,F,43000,102830,29JUL2000,Gold,5,,,24,11.363636364
1,11,1,15,5,100,100,100,10,14,12,5,7,6,1,1,20,1008.97,39,HomeOwner,F,54000,369330,,Gold,5,,,,10
0,39,3,16,2,80,80,64.45,14,35,46,6,16,18,9,2,16.33,579.31,77,HomeOwner,M,81000,105690,01APR2002,Platinum,3,,,22,5.7142857143
1,43,2,17,2,50,23,22.85,13,35,53,6,17,23,14,3,4.5,268.16,89,Unknown,F,202000,526630,,Platinum,2,,,,1.7692307692
0,19,1,17,5,100,100,100,10,15,13,4,6,5,1,1,20,1110.2,41,Unknown,M,54000,115180,,Gold,5,,,,10
0,13,2,22,3,150,125,100,8,25,28,4,10,11,3,2,25,1754.06,65,Unknown,U,54000,292500,27OCT2000,Platinum,5,,,24,15.625
0,28,0,26,5,130,130,68,10,24,64,4,4,20,5,2,,1742.27,127,Unknown,F,77000,60970,,Platinum,5,,,,13
0,12,1,26,3,75,62.5,62.5,9,26,25,4,11,10,2,1,10,551.04,56,Unknown,M,83000,552500,,Platinum,5,,,,6.9444444444
0,33,1,22,5,75,75,75,8,14,12,3,6,5,1,1,15,783.54,46,Unknown,F,70000,87880,17JUN2000,Gold,5,,,24,9.375
0,37,0,23,10,125,0,125,10,10,15,4,4,6,1,0,,679.84,47,HomeOwner,M,43000,710710,28OCT1997,Gold,,,,27,0
1,13,0,4,3,35,33.35,30.95,25,43,83,6,6,21,16,2,,244.63,110,HomeOwner,F,156000,38740,20MAR2002,Platinum,2,,,22,1.334
0,37,2,23,3,105,90,90,10,24,23,4,10,9,2,2,18,949.46,53,HomeOwner,F,59000,162110,30OCT1985,Platinum,5,,,39,9
0,25,1,15,5,50,100,75,14,19,17,5,7,6,2,1,20,1119.18,41,Unknown,M,70000,109980,12APR2000,Gold,3,,,24,7.1428571429
0,47,1,17,3,75,70,46.45,11,27,55,4,10,21,7,2,13,543.43,137,HomeOwner,M,109000,256100,05JUN1987,Platinum,5,,,37,6.3636363636
0,21,1,23,5,100,100,100,8,15,14,3,6,5,1,1,20,1121.16,47,HomeOwner,U,54000,586430,15JUL2005,Gold,5,,,19,12.5
0,31,1,22,5,100,100,100,7,13,12,3,6,5,1,1,20,1124.51,46,Unknown,F,54000,121030,05JAN1997,Gold,5,,,28,14.285714286
0,37,2,16,3,125,108.35,66.65,9,23,45,4,10,17,9,3,22.5,1118.67,137,HomeOwner,F,79000,455000,15JAN2003,Platinum,4,,,22,12.038888889
0,27,1,15,5,30,150,107.5,25,30,46,5,7,7,4,1,30,1747.13,55,HomeOwner,M,50000,93470,23JUL1993,Gold,2,,,31,6
0,30,2,18,3,85,78.35,62.5,7,19,21,4,10,10,4,2,15,703.23,68,Unknown,F,83000,255450,02JUN1990,Platinum,5,,,34,11.192857143
1,34,1,17,5,100,100,100,10,14,12,4,6,5,1,1,20,1008.97,41,Unknown,F,54000,88270,13MAR2006,Gold,5,,,18,10
0,38,1,19,5,100,100,58.35,10,24,34,4,9,11,3,2,20,1114.41,87,Unknown,F,89000,342030,,Platinum,5,,,,10
0,31,0,18,3,125,112.5,116.65,28,48,85,6,6,22,9,2,,1110.6,87,Unknown,F,46000,158340,,Platinum,5,,,,4.0178571429
1,35,0,16,5,75,75,75,11,16,13,4,4,5,1,0,,927.56,40,HomeOwner,M,70000,248430,,Gold,,,,,6.8181818182
0,18,0,23,10,75,0,75,8,8,13,3,3,5,1,0,,485.52,47,HomeOwner,F,70000,186290,14NOV1986,Gold,,,,38,0
0,34,1,18,3,100,62.5,62.5,12,24,22,4,9,8,2,1,5,645.87,53,Unknown,M,83000,764530,,Platinum,5,,,,5.2083333333
0,28,2,17,3,75,50,50,11,23,22,4,9,8,2,2,10,493.68,53,HomeOwner,F,102000,48100,23FEB1993,Platinum,5,,,31,4.5454545455
0,40,1,16,5,75,75,58.35,7,19,21,2,7,7,3,2,15,782.6,65,HomeOwner,F,89000,266760,17MAR2006,Platinum,5,,,18,10.714285714
0,37,1,21,5,100,100,100,9,16,14,3,6,5,1,1,20,1121.05,45,Unknown,M,54000,65910,,Gold,5,,,,11.111111111
1,18,0,16,5,75,75,75,11,16,13,4,4,5,1,0,,711.56,40,HomeOwner,M,70000,174850,04NOV2001,Gold,,,,23,6.8181818182
0,24,1,21,5,100,100,100,4,7,7,2,4,4,1,1,20,1106.03,45,Unknown,F,54000,95160,,Member,5,,,,25
0,18,1,21,5,75,75,75,9,16,14,3,6,5,1,1,15,784.91,45,Unknown,M,70000,333710,,Gold,5,,,,8.3333333333
0,15,1,16,5,125,125,125,11,16,14,5,7,6,1,1,25,1738.17,40,HomeOwner,M,43000,184340,27MAR1996,Gold,5,,,28,11.363636364
0,26,1,22,5,100,100,66.65,10,17,32,4,7,11,3,2,20,1118.12,101,HomeOwner,F,79000,273000,,Platinum,5,,,,10
1,35,2,16,2,100,80,62,13,32,67,6,15,28,10,2,20,673.39,135,HomeOwner,F,84000,86320,17MAR2004,Platinum,3,,,20,6.1538461538
0,27,1,20,5,100,100,100,10,17,15,4,7,6,1,1,20,1113.17,44,HomeOwner,M,54000,368030,09NOV1989,Gold,5,,,35,10
1,31,4,24,2,75,71,71,11,30,29,6,16,14,5,2,14,479.12,60,HomeOwner,F,74000,94510,09NOV1982,Platinum,3,,,42,6.4545454545
0,15,2,17,3,100,62.5,62.5,11,18,16,4,8,7,2,2,12.5,642.83,51,Unknown,U,83000,169000,,Gold,5,,,,5.6818181818
1,49,4,25,1,55,50,30.45,18,38,96,5,15,33,35,4,10.25,394.77,154,Unknown,F,159000,124280,,Platinum,2,,,,2.7777777778
0,21,1,18,5,80,80,42.15,6,18,35,2,7,12,7,2,16,1088.17,115,Unknown,F,119000,284050,13MAR1983,Platinum,5,,,41,13.333333333
0,24,0,16,5,265,265,265,13,18,15,5,5,6,1,0,,4254.65,40,HomeOwner,M,21000,114920,03APR1988,Gold,,,,36,20.384615385
0,17,2,21,3,100,62.5,62.5,10,24,24,4,10,9,2,2,12.5,654.9,57,HomeOwner,M,83000,456560,10FEB1989,Platinum,5,,,36,6.25
0,29,1,24,2,55,70,53.45,12,34,83,6,17,34,32,3,11,406.96,153,Unknown,F,96000,58500,03DEC1987,Platinum,2,,,37,5.8333333333
0,2,1,18,3,75,72.5,61,10,27,45,4,10,14,5,2,14,547.56,88,Unknown,M,85000,455000,04NOV2004,Platinum,5,,,20,7.25
0,20,1,21,5,100,100,100,10,17,16,4,7,6,1,1,20,1107.85,45,HomeOwner,M,54000,179270,04AUG1989,Gold,5,,,35,10
1,36,1,18,3,85,55,55,10,23,21,4,9,8,2,1,5,304.51,57,HomeOwner,F,94000,350740,03JUN1998,Platinum,5,,,26,5.5
0,0,1,18,2,80,85,54.5,15,37,57,6,17,21,10,2,16,596.88,93,Unknown,M,95000,78780,26JUN2002,Platinum,3,,,22,5.6666666667
0,26,1,25,3,75,70,70,9,26,25,4,11,10,2,1,13,542.4,57,Unknown,M,75000,261040,,Platinum,5,,,,7.7777777778
0,23,1,20,5,75,75,75,8,15,13,3,6,5,1,1,15,787.57,44,HomeOwner,M,70000,183040,27JUN1994,Gold,5,,,30,9.375
1,27,1,19,3,75,62.5,50,5,20,25,2,8,9,3,2,10,527.83,68,HomeOwner,M,102000,398840,08JUL1999,Platinum,5,,,25,12.5
0,59,0,7,3,50,67.5,56.25,35,54,108,8,8,30,20,2,,541.33,137,Unknown,F,92000,104260,19JAN2005,Platinum,2,,,20,1.9285714286
0,11,1,18,3,80,75,65,10,26,42,4,10,15,4,2,14,708.62,98,HomeOwner,M,80000,349830,16NOV1983,Platinum,5,,,41,7.5
0,26,0,20,5,75,75,75,10,16,15,4,4,5,1,0,,787.22,44,Unknown,M,70000,93600,17JUN1992,Gold,,,,32,7.5
1,23,0,19,5,100,100,100,10,17,15,4,4,6,1,0,,1008.97,43,Unknown,M,54000,619320,,Gold,,,,,10
0,48,0,14,5,0,135,112.5,15,36,105,5,5,29,24,3,,1744.65,149,Unknown,M,48000,254670,,Platinum,4,,,,9
1,21,4,15,1,150,96.9,78.55,9,29,57,4,15,21,17,3,18.25,433.02,93,Unknown,M,67000,325260,30MAY1981,Platinum,4,,,43,10.766666667
0,31,1,17,5,75,75,75,5,7,7,2,3,3,1,1,15,782.88,41,HomeOwner,F,70000,242450,30MAY1981,Member,5,,,43,15
0,25,1,18,3,75,50,50,10,22,21,4,9,8,2,1,5,495.54,52,HomeOwner,F,102000,297050,,Platinum,5,,,,5
0,38,6,22,1,30,32.2,29.7,12,32,45,6,17,19,16,3,6.33,212.53,77,HomeOwner,F,162000,86840,11APR1991,Platinum,1,,,33,2.6833333333
0,10,1,20,3,75,50,50,10,22,21,4,9,8,2,1,5,500.25,57,Unknown,U,102000,363740,,Platinum,5,,,,5
0,32,1,17,5,250,250,250,11,16,14,5,7,6,1,1,50,13982.71,41,Unknown,M,22000,96720,01JUN1981,Gold,5,,,43,22.727272727
0,25,1,16,5,75,75,46.65,7,18,29,3,9,13,6,2,15,779.09,76,HomeOwner,U,109000,462670,07JUN1974,Platinum,5,,,50,10.714285714
0,34,1,24,5,125,125,125,4,9,8,2,5,5,1,1,25,1736.62,48,Unknown,F,43000,85670,,Member,5,,,,31.25
1,24,0,23,10,100,0,100,8,8,13,3,3,5,1,0,,208.97,47,Unknown,U,54000,313560,,Gold,,,,,0
0,27,1,17,5,75,75,75,10,14,12,4,6,5,1,1,15,782.62,41,HomeOwner,M,70000,216580,21JUL2001,Gold,5,,,23,7.5
1,33,1,17,5,100,100,75,9,15,25,4,7,10,2,2,20,1236.56,80,HomeOwner,M,70000,347360,06DEC1993,Platinum,5,,,31,11.111111111
0,33,3,14,2,50,52.5,68.5,29,43,64,7,13,13,10,2,10.67,382.95,69,Unknown,M,77000,119470,,Platinum,2,,,,1.8103448276
0,28,2,22,3,100,75,75,10,27,25,4,11,10,2,2,15,701.87,56,Unknown,F,70000,112970,05DEC1992,Platinum,5,,,32,7.5
0,38,0,15,5,250,250,250,11,16,13,5,5,6,1,0,,4258.57,39,HomeOwner,M,22000,296400,15JUN1993,Gold,,,,31,22.727272727
0,36,2,22,2,100,73.75,73.75,6,22,21,4,12,10,4,2,15,507.26,60,HomeOwner,F,71000,134680,18MAR2000,Platinum,5,,,24,12.291666667
0,37,6,17,1,50,50,47.75,26,46,67,11,20,24,11,3,10,395.02,74,HomeOwner,F,107000,198120,06MAY1994,Platinum,2,,,30,1.9230769231
0,25,1,25,5,90,90,90,8,20,17,3,8,7,1,1,18,1084.54,49,Unknown,F,59000,154700,,Gold,5,,,,11.25
0,26,1,21,5,100,100,100,8,15,14,3,6,5,1,1,20,1113.41,45,Unknown,F,54000,91650,02APR2004,Gold,5,,,20,12.5
0,23,2,20,3,75,75,75,10,25,25,4,10,9,2,2,15,710.84,57,HomeOwner,M,70000,152490,07DEC2003,Platinum,5,,,21,7.5
0,41,0,13,5,75,90,82.85,33,54,93,8,8,29,21,3,,1093.06,92,Unknown,F,64000,39000,,Platinum,3,,,,2.7272727273
1,23,4,20,2,30,38,28.05,13,32,58,6,16,23,18,3,8,296.44,99,Unknown,F,170000,122460,31JUL1986,Platinum,1,,,38,2.9230769231
0,37,1,16,5,75,75,75,11,16,13,4,6,5,1,1,15,779.13,40,Unknown,F,70000,83070,,Gold,5,,,,6.8181818182
0,22,2,21,3,75,62.5,62.5,10,22,23,4,10,9,2,2,12.5,546.95,53,HomeOwner,M,83000,91520,04MAR1999,Platinum,5,,,25,6.25
0,15,0,15,3,100,100,100,11,24,23,5,5,9,2,0,,832.72,56,Unknown,F,54000,58630,,Platinum,,,,,9.0909090909
0,33,1,18,3,75,62.5,62.5,11,24,23,4,10,9,2,1,10,551.22,59,Unknown,M,83000,232960,,Platinum,5,,,,5.6818181818
0,20,0,18,5,65,65,36.45,11,26,64,4,4,26,14,3,,538.48,154,Unknown,F,136000,185770,18NOV2002,Platinum,2,,,22,5.9090909091
0,31,2,23,3,75,65,51.65,10,28,30,4,11,11,3,2,13,553.38,65,HomeOwner,F,99000,252590,18OCT2002,Platinum,5,,,22,6.5
0,30,1,19,5,75,75,70,20,38,65,5,13,17,5,2,15,778.55,81,HomeOwner,M,75000,132470,10NOV2002,Platinum,3,,,22,3.75
0,33,1,24,5,100,100,81.25,9,27,50,4,12,19,4,2,20,1113.89,104,HomeOwner,F,65000,171860,03NOV1995,Platinum,5,,,29,11.111111111
0,32,0,16,5,75,75,75,11,16,13,4,4,5,1,0,,789.56,40,HomeOwner,M,70000,126100,17MAY1974,Gold,,,,50,6.8181818182
0,50,0,15,3,75,50,50,9,19,17,3,3,6,2,0,,491.85,50,HomeOwner,F,102000,277160,08FEB2005,Gold,,,,20,5.5555555556
0,27,3,15,2,50,40,37,4,10,10,2,5,5,5,2,7.33,325.72,52,Unknown,F,134000,109850,,Member,2,,,,10
0,36,1,15,3,125,125,87.2,7,23,58,4,14,23,9,2,25,1738.21,113,HomeOwner,M,61000,121160,17JUN2000,Member,4,,,24,17.857142857
1,33,3,19,1,45,45,29.55,14,33,78,6,14,31,33,3,9.33,229.02,144,HomeOwner,F,163000,115570,04JAN2001,Platinum,2,,,24,3.2142857143
0,34,1,21,5,75,75,50,10,27,33,4,11,12,3,2,15,774.45,69,HomeOwner,F,102000,198900,08NOV1997,Platinum,5,,,27,7.5
0,59,4,6,2,75,66.25,56.35,24,33,52,4,8,12,11,3,13.25,500.07,75,HomeOwner,M,92000,117910,,Member,3,,,,2.7604166667
0,0,1,17,5,100,100,100,10,15,13,4,6,5,1,1,20,1108.81,41,Unknown,F,54000,162240,,Gold,5,,,,10
0,23,1,15,2,75,37.5,36.5,12,31,54,4,13,19,10,2,5,311.85,99,HomeOwner,M,136000,92820,17JAN1993,Platinum,3,,,32,3.125
0,32,0,24,5,100,100,60,11,31,57,6,6,24,6,2,,1108.33,131,HomeOwner,F,87000,111930,23NOV2006,Platinum,5,,,18,9.0909090909
0,45,1,17,5,100,100,100,6,8,7,1,2,2,1,1,20,1106.93,41,Unknown,M,54000,94120,,Member,5,,,,16.666666667
0,54,1,21,5,125,125,61.35,7,19,63,4,11,25,22,3,25,1748.36,154,HomeOwner,F,85000,216060,11NOV2006,Platinum,4,,,18,17.857142857
0,31,1,17,5,100,100,100,10,15,13,4,6,5,1,1,20,1116.92,41,Unknown,M,54000,96460,24JUN1996,Gold,5,,,28,10
0,31,0,15,3,125,100,61.1,12,29,64,5,5,27,9,2,,1127.09,136,HomeOwner,M,85000,233220,10APR1973,Platinum,5,,,51,8.3333333333
1,19,2,16,1,85,74.15,50.35,15,37,60,6,17,24,14,2,14,445.48,105,Unknown,F,102000,49530,03MAY2001,Platinum,3,,,23,4.9433333333
0,25,0,25,5,205,205,131,13,35,62,6,6,25,10,2,,1736.18,113,HomeOwner,M,41000,226200,,Platinum,5,,,,15.769230769
0,31,1,15,3,50,50,38,10,25,69,3,10,28,20,3,10,391.25,146,HomeOwner,F,131000,96460,17APR1994,Member,2,,,30,5
0,38,1,23,3,105,90,90,10,24,22,4,10,9,2,1,21,954.91,54,Unknown,F,59000,247130,,Platinum,5,,,,9
0,54,4,17,1,60,53.35,45.4,14,31,55,6,15,22,12,3,11,378.07,105,Unknown,U,112000,322790,19JUN2003,Platinum,2,,,21,3.8107142857
0,43,1,19,3,100,75,75,10,23,21,4,10,9,2,1,10,712.97,53,Unknown,U,70000,41210,08MAR2003,Platinum,5,,,21,7.5
0,24,0,16,3,75,75,45.9,12,32,63,5,5,26,11,2,,698.08,129,HomeOwner,M,111000,82290,25APR2000,Platinum,3,,,24,6.25
0,41,2,24,3,75,62.5,62.5,9,22,21,4,10,9,2,2,12.5,550.3,53,Unknown,F,83000,209430,,Platinum,5,,,,6.9444444444
1,44,5,17,1,25,25,26.3,14,33,88,6,17,34,27,3,5,195.01,154,Unknown,M,180000,255710,,Platinum,1,,,,1.7857142857
1,27,1,24,5,100,100,100,7,17,17,3,7,6,1,1,20,1008.97,48,Unknown,F,54000,132080,,Gold,5,,,,14.285714286
0,20,1,17,5,75,75,75,10,15,13,4,6,5,1,1,15,782.82,41,Unknown,U,70000,114660,,Gold,5,,,,7.5
0,33,0,20,5,75,75,75,10,16,15,4,4,5,1,0,,777.64,44,Unknown,F,70000,150800,,Gold,,,,,7.5
0,22,1,16,5,125,125,125,6,8,7,2,3,3,1,1,25,1752.85,40,Unknown,F,43000,172640,,Member,5,,,,20.833333333
0,0,1,21,5,100,100,100,10,17,16,4,7,6,1,1,20,1109.41,45,Unknown,M,54000,196690,,Gold,5,,,,10
0,24,3,20,2,55,47,47,12,30,29,6,15,13,5,2,10.33,327.63,56,Unknown,M,108000,148980,02APR1985,Platinum,3,,,39,3.9166666667
0,20,2,15,3,80,56.65,42,11,29,35,4,12,13,5,2,13,679.06,68,Unknown,F,120000,186030,15APR2000,Platinum,5,,,24,5.15
0,23,4,22,2,75,62.5,47.5,22,43,87,6,17,26,16,3,12.5,505.24,113,HomeOwner,M,107000,370370,25FEB2005,Platinum,3,,,19,2.8409090909
0,31,1,24,5,75,75,75,7,17,15,3,7,6,1,1,15,785.78,48,Unknown,M,70000,163540,08MAY1985,Gold,5,,,39,10.714285714
0,28,0,15,3,50,75,48.35,14,32,42,6,6,17,6,2,,710,76,HomeOwner,M,105000,63830,07MAY1985,Platinum,3,,,39,5.3571428571
0,33,1,21,5,115,115,115,10,17,15,4,7,6,1,1,23,1123.95,45,HomeOwner,F,47000,98670,23MAR1986,Gold,5,,,38,11.5
0,0,2,17,3,75,66.65,68.75,4,10,9,2,5,5,4,2,12.5,1041.77,53,Unknown,M,76000,0,,Member,5,,,,16.6625
0,28,1,23,5,75,75,75,8,19,17,3,8,7,1,1,15,774.98,47,HomeOwner,F,70000,57200,27JUN2006,Gold,5,,,18,9.375
0,32,0,18,5,100,100,75,13,34,62,6,6,27,7,2,,1114.66,137,Unknown,U,70000,71500,,Platinum,3,,,,7.6923076923
0,42,1,17,3,75,60,39,11,27,48,4,11,17,5,2,15,500.94,98,Unknown,M,128000,104390,,Platinum,5,,,,5.4545454545
0,29,1,15,3,60,60,37.2,14,33,59,6,14,18,9,2,11,503.01,101,HomeOwner,U,133000,70200,09MAY1998,Platinum,3,,,26,4.2857142857
0,55,2,15,1,25,34.15,28.9,18,37,46,8,16,17,9,2,6.5,227.89,65,Unknown,F,166000,91260,,Gold,1,,,,1.8972222222
0,12,0,19,3,110,80,63.35,12,32,33,6,6,14,3,0,,959.7,62,Unknown,M,82000,12740,,Platinum,,,,,6.6666666667
0,0,2,15,3,100,66.65,48,12,30,33,4,12,12,5,2,10,1043.79,65,Unknown,M,106000,0,,Member,5,,,,5.5541666667
0,27,1,24,5,75,75,75,5,10,9,1,4,4,1,1,15,775.08,48,Unknown,F,70000,170820,,Member,5,,,,15
0,20,1,18,3,75,50,50,10,22,19,4,9,8,2,1,15,489.94,53,Unknown,F,102000,160940,,Platinum,5,,,,5
0,24,0,20,5,150,150,150,11,17,17,5,5,6,1,0,,1741.74,44,Unknown,F,36000,22360,,Gold,,,,,13.636363636
0,22,3,16,2,50,43.75,38.35,14,33,55,6,15,26,12,2,9.67,315.65,128,Unknown,M,130000,206050,11MAY2001,Platinum,2,,,23,3.125
0,40,2,15,3,50,62.5,55,27,41,52,5,11,10,5,2,12.5,546.69,55,HomeOwner,M,94000,88920,,Platinum,3,,,,2.3148148148
0,34,2,22,3,125,83.35,70,7,19,32,4,12,14,9,2,20,954.33,77,Unknown,F,75000,113750,20MAY1997,Platinum,4,,,27,11.907142857
0,15,3,18,2,25,41.25,31.65,13,25,24,6,12,10,6,2,9.33,295.27,52,HomeOwner,F,153000,32110,03DEC1995,Platinum,2,,,29,3.1730769231
0,39,2,23,3,200,76.65,64,13,30,34,6,15,14,5,2,22.5,960.06,65,Unknown,F,82000,66820,06MAR2002,Platinum,5,,,22,5.8961538462
0,27,1,18,3,125,100,100,4,10,10,2,5,5,2,1,15,1126.79,52,Unknown,U,54000,95030,,Member,5,,,,25
0,22,1,20,3,125,112.5,91.65,13,33,35,6,15,14,3,2,25,1118.48,65,Unknown,U,58000,336180,25FEB1994,Platinum,5,,,30,8.6538461538
0,28,2,15,2,50,50,43.9,13,24,39,6,10,14,9,2,10,392.41,90,Unknown,F,115000,33150,09MAR1999,Platinum,2,,,25,3.8461538462
0,21,5,18,1,25,26.65,25.4,12,32,35,6,16,16,13,2,5.4,165.87,65,HomeOwner,F,185000,234520,01JUN1995,Platinum,1,,,29,2.2208333333
0,32,5,6,1,215,211.9,194.65,31,51,98,11,21,34,15,3,38.4,1753.63,91,HomeOwner,M,28000,163670,14FEB1974,Platinum,4,,,51,6.835483871
0,24,1,18,3,125,80,47,13,32,42,6,14,16,5,1,25,954.9,80,HomeOwner,M,108000,372320,17MAY2002,Platinum,5,,,22,6.1538461538
0,48,0,18,5,75,75,57.5,8,21,70,3,3,20,22,2,,771.75,248,HomeOwner,F,90000,290680,16DEC1989,Platinum,5,,,35,9.375
0,48,3,7,2,125,31.25,53.65,19,37,62,8,17,23,11,3,6.67,323.91,93,HomeOwner,F,96000,298480,,Platinum,4,,,,1.6447368421
0,33,3,17,2,95,88,62.5,14,35,71,6,17,26,18,3,18,579.51,113,HomeOwner,M,83000,72150,20FEB2006,Platinum,3,,,18,6.2857142857
0,40,4,18,1,100,80.85,91.75,15,35,55,6,16,25,17,3,14.25,578.92,114,Unknown,F,58000,148590,27FEB2001,Platinum,3,,,23,5.39
0,24,1,16,5,75,75,75,4,6,5,2,3,3,1,1,15,787.47,40,Unknown,F,70000,0,,Member,5,,,,18.75
0,32,6,8,1,100,96.15,89.1,29,51,129,11,22,46,50,4,20,586.29,137,HomeOwner,F,60000,139490,05MAR1991,Platinum,3,,,33,3.3155172414
1,29,1,20,5,100,100,100,3,6,6,1,3,3,1,1,20,1008.97,44,Unknown,F,54000,71630,,Member,5,,,,33.333333333
0,43,4,21,2,250,123,69.2,24,45,128,5,16,34,62,4,27.25,1752.67,152,HomeOwner,F,76000,90610,07FEB2004,Platinum,4,,,21,5.125
0,28,1,22,5,125,125,125,10,17,15,4,7,6,1,1,25,1754.7,46,Unknown,F,43000,108680,,Gold,5,,,,12.5
0,29,2,20,3,100,70,70,10,22,22,4,9,8,2,2,14,647.49,53,HomeOwner,M,75000,246220,20JUL1989,Platinum,5,,,35,7
0,29,2,18,3,125,116.65,110,13,32,37,6,15,15,5,2,22.5,1123.9,65,Unknown,M,49000,52260,,Platinum,5,"If you are afraid of the jumpsuit trend but like dresses, this will be for you.  the cut is flattering, and may not need a bra (i am droppy, but it was fine). the legs are wide enough that one time, i had both legs in one hole, so-to-speak, and it is very flowy. the patterns are both nice, i like the geometric one, but the polka dot is always a classic. the petite size fit me just right (xsp) at 115 lbs, 30dd. i like the tie it goes from around the cups to tie on the back, so you can almost ti","Cute,looks like a dress on",,8.9730769231
0,38,1,22,3,100,100,91.65,12,32,38,6,15,15,3,2,20,837.84,67,HomeOwner,M,58000,70070,21OCT1989,Platinum,5,"I met my friend at the mall today.  she complimented me on my outfit (i was wearing this jumpsuit in the navy with white polka dots motif - there's also a red, black, and white geometric print if you're not into polka dots).  half way through our time together, she realized that i was wearing a jumpsuit, not a dress.  she said that the legs are so wide and flowy that she couldn't tell.  we tried on clothes at another store and i forgot to re secure the straps with the little snaps to my bra stra",Don't like wearing dresses?  try this.,35,8.3333333333
0,31,2,22,3,125,100,64,12,32,43,6,15,18,5,2,20,1109.74,81,Unknown,M,82000,66690,15OCT1988,Platinum,4,"I bought these assuming they would be the same as a pair of pilcro stet ankle jeans i bought a couple of years ago. this pair has less stretch than my older ones, so they are a bit tighter. i'm 5'2"" and these are more like a perfect length regular jean (rather than ankle). i always have trouble finding jeans that fit my curves, but smaller waist. these are a bit big in the waist, with the butt and legs fitted. all-in-all they are a nice looking durable denim that flatters.",All-in-all nice denim,36,8.3333333333
0,29,1,18,3,125,108.35,65.75,13,35,84,6,17,34,20,3,25,1122.45,150,Unknown,F,80000,436670,,Platinum,4,"Great fit. i love the slightly cropped leg and the dark, unvariating stain. fits like other pilcros. one caveat...the stain rubs off. i can see it on the edges of my white kitchen countertops. i've washed them twice with mixed clothing, and there weren't any problems with color transfer there. still, i like them so much that i'll buy a second pair if they go on sale, and i'll keep wiping the edges of my counters down!",,,8.3346153846
0,36,1,25,3,125,112.5,112.5,12,27,24,6,13,11,2,1,20,1119.59,54,HomeOwner,U,48000,213980,,Platinum,5,"Precious tee, washes well, runs large",Nostalgia tee,,9.375
0,16,1,18,3,75,62.5,55,12,31,40,6,15,16,5,2,10,555.4,77,Unknown,M,94000,168740,01MAY2005,Platinum,5,"I am not particularly fond of this skirt - it is good quality and nice color but i expected material to be little bit more substantial, it is too ""limp"" for my taste, but if you prefer very soft and ""worn in"" feeling, it might work great for you. also, i prefer wearing my ts over the skirt (not inside) and since waistband is very elaborate and is followed with thick buttons right below, it just looks funny under thin summer t-shirts : /. overall, just not working for me, but skirt is cute and tr",Cute,19,5.2083333333
0,26,2,24,3,125,125,145.85,12,33,59,6,17,25,6,2,25,1739.1,115,HomeOwner,F,37000,82290,14JUN1999,Platinum,4,"1. i'm 5'5"" tall, 145 lbs, and 38-32-40. i wear a size 30 in hyphen chinos and they are loose. i could get in a size 10, but i felt the stretchiness made it look like it was pulling slightly. i decided to get the size 12 even though it was a hair loose.2. the skirt hem is right above my knees. it's not as short as it appears on the model.3. the back pockets are sewn shut, so they won't sag.4. my only complaint is that the hook and eye at the waist pulls away funny, but i'm going to t",Cool summer skirt.,25,10.416666667
0,21,3,17,3,100,83.35,81.25,12,26,26,6,12,10,4,2,16.67,702.48,54,HomeOwner,F,65000,214760,15DEC1965,Platinum,5,"I just tried the blue polka dot one on at my local retailer. i'm 5'3ish, 117#, 34d-dd and usually wear a size 4 or xs in most retailer brands. i tried this in size 2 and had a better fit hence the runs large rating. this is a very plunging neckline. not work appropriate and i'm fairly notorious for being out there. the band in the back didn't hit right at my bra in the back so not sure what to tell you there. the shoulder straps are adjustable. there are 2 buttons so you can tighten it up a bit so y",Not a take home for me,59,6.9458333333
0,34,1,15,3,80,65,65,12,19,17,5,8,7,2,1,10,637.27,45,Unknown,F,80000,105950,,Gold,5,"Cute shirt with a few nice details: embroidery and tasseled tie in back. a little pricey in my view for what you get. nice, loose cut. true to size. cotton is very sheer. i'm well-stocked on white see-through shirts that require a cami, looking for one that doesn't need layering- returned for this reason.",Cute but thin material,,5.4166666667
0,31,2,22,3,125,112.5,107.5,13,30,62,6,14,27,8,2,22.5,1123.47,146,Unknown,M,50000,108160,01JAN1973,Platinum,4,"I bought this dress in store today in a size 4, i usually wear an 8 (so i was thrilled) the print and details are gorgeous but it's a very wide swing dress, there is a lot of fabric and it has no waist. i'm going to wear this with a belt so it's fine but the images online are a little misleading.",Beautiful but huge,52,8.6538461538
0,30,3,17,2,75,73.75,69,13,27,26,6,13,11,5,2,14.67,505.36,53,HomeOwner,M,76000,113360,10APR1999,Platinum,5,"I'm a 36ddd, and have a bust about 42"" so when i tried this on in a size 12, i honestly didn't expect to be able to squeeze it on... and yet i had inches upon inches to spare in the bust. this really is built more like a tent than a dress. on the bright side though, if you belt it, and gather the extra material at the sides it'll define your waist and the skirt has lots of swing and flounce to it. i do love a line styles!! i found i had to roll up the sleeves otherwise the dress looked too s","Cute, definitely needs to be belted",25,5.6730769231
0,42,1,26,3,150,83.35,83.35,11,28,28,5,13,11,3,1,15,953.19,56,Unknown,F,64000,150280,02JAN1996,Platinum,5,"These are great overalls - cute design but wish they came in petite! the big/straps were a little too big for me, so i had to return, but i probably could have had them tailored.","Ran a bit big for a petite, but very cute",29,7.5772727273
0,25,2,17,3,80,76.65,68,13,31,31,6,13,12,5,2,15,712.42,88,Unknown,M,77000,115570,02MAY2006,Platinum,5,"I ordered this sweater online in a size 12. i am 5'7 170 i normally wear a 10/12, i was swimming in this one. i could have ordered an 8 and been fine. the fabric feels luxurious but the twist in the shoulder is not sewn into place, you will have to steam/press it each time you wear it or you could have it sewed into place.",Beautiful sweater/great quality but...,18,5.8961538462
0,38,2,16,3,130,117.5,88.5,13,31,70,5,13,29,10,3,23.5,1127.21,149,HomeOwner,M,60000,105170,20NOV1997,Platinum,4,"Purchased this top in medium. i am 5'9"" so normally wear medium. however, could probably have ordered a small. sleeves are very long and it's very full around bottom. love the gold color!",Cute!,27,9.0384615385
0,18,1,18,3,100,62.5,62.5,12,20,17,6,10,8,2,1,5,638.06,47,HomeOwner,M,83000,195260,22APR1991,Gold,5,"These pants are really pretty and comfrotable, and i took a cahnce ordering them with a ""31 inch inseam:, i thought perhaps they would work with a 4-inch heel...howeverm it is not the case, tey much be much longer than 31 inches. due to the cut out i will not be able to have htem hemmed, so htey must go back. if you are taller, i recommend, they are truly flattering.",Too long :-(,33,5.2083333333
0,19,2,24,3,125,125,87.5,13,33,38,6,17,17,4,2,25,1748.22,69,HomeOwner,F,61000,110630,01MAY1993,Platinum,5,"The dress is very cute, probably more on the casual side. i ordered the 2 petite and it hits me a few inches above the knee, which is what i wanted. the material of the dress and under slip is a little thin, but it looked nice after i ironed it. the top part of the dress looks great and shows off my shoulders nicely.",Very cute dress,31,9.6153846154
0,35,5,19,1,250,63.55,52,13,32,37,6,16,16,10,3,15.8,494.93,68,HomeOwner,F,99000,113100,21NOV1996,Platinum,4,"I'm happy with this sweater! a few things that may help others: 1) the detail on the yoke is made from a silky taupe-colored fiber, 2) it is ivory, not white and 3) although the fit is true to size, the sweater runs short, so if you prefer a longer fit you may want to size up.",Super soft and pretty,28,4.8884615385
0,30,1,24,3,75,61.65,53.75,11,29,28,5,13,12,4,1,15,498.2,56,HomeOwner,M,96000,172510,19DEC1994,Platinum,5,"Ordered this in my usual medium, knowing it was meant to be over-sized. but i could easily have put another of me (138 lbs. with junk in the trunk) inside it! so i'm returning it for a small, feeling sure that there'll still be enough extra for a slouchy look.",Enormous,30,5.6045454545
0,26,1,16,2,75,50,41.65,12,29,34,5,13,14,6,2,10,384.13,69,HomeOwner,F,121000,214370,15JUL1988,Platinum,5,"The print and detail on this dress are so much better in person, especially the neckline! i agree with the previous reviewer in that it felt spring-timey to me. flattering fit and flare however the top runs extremely small. i am usually a 6 in retailer dresses and i could barely zip the 8 over my bust but the 10 was enormous. rest of the dress fit fine but if you are large up top you might want to size up. fabric does not stretch. overall too cute to pass up! for reference i am a 34dd.",Better in person!,36,4.1666666667
0,28,2,16,3,125,125,99.45,14,35,61,6,17,23,9,2,25,1744.38,93,HomeOwner,F,54000,235430,12DEC1983,Platinum,4,I'm always on the hunt for good white blouses to pair with business casual attire or everyday wear. this was a great tank. i love the fabric. it's nice and sturdy and you don't have to worry about wearing a cami beneath it. this fabric does wrinkle some so bear that in mind. i really like the shape of the top near the shoulders. it's a great conservative cut. the little criss cross detail on the back adds a bit of charm to the top. i would definitely recommend this to others.,Great basic tank,41,8.9285714286
0,28,1,18,3,150,137.5,67.2,13,35,78,6,17,32,16,3,25,1756,153,HomeOwner,M,78000,235430,14MAR1996,Platinum,4,Really love the print of this dress and the eyelet detailing around the neck! very flattering!,Kentucky derby dress,28,10.576923077
0,23,3,15,2,240,208.75,139,12,31,63,5,16,27,10,3,39.67,1737.28,124,HomeOwner,M,39000,184470,09DEC1987,Platinum,4,"I am 5'3"", 118 lbs and fit perfect in size s petite. good material and flatting!",Good material,37,17.395833333
0,24,1,21,5,125,125,125,11,18,16,5,8,7,1,1,25,1744.06,45,Unknown,F,43000,215930,01JUL1983,Gold,5,"I liked this shirt so much i ordered a second one online in the same size but different color. unfortunately the second one is much shorter than the first and looks less like a tunic or more like a cropped flowy top - not a good look. so the second one is going back. otherwise the shirt would get 5 stars. washes well, super soft and comfy, and looks great with all kinds of bottoms...jeans, cords, leggings. wish it came in more colors. i typically wear a m or l in retailer tops and took the l in th","A shirt to live in, but inconsistent sizing",41,11.363636364
0,35,2,19,3,250,175,107,13,33,48,6,15,20,5,2,35,1743.77,113,HomeOwner,M,50000,33020,08NOV1995,Platinum,4,"Beautiful in white, and beautiful to look at, but as the other reviewer mentioned, the fabric is very sheer and see thru. not a deal breaker if worn over a cami; however, the reason i am returning it is the fit. there is too much fabric flaring right at my waist. it looks like a tent on me. in addition, some of the beading is already coming off, and i can't imagine what it will look like after one wash. that's too bad, but i can't justify paying this much money for a sweet top that is beautiful",Cute but not for me,29,13.461538462
0,29,2,21,2,100,100,100,15,31,31,6,14,13,5,2,20,831.83,57,HomeOwner,M,54000,120510,17DEC1993,Platinum,5,I am not a big fan of lace but this shirt has just enough. it actually looks better than the photo and it looks even better when you wear it. i have received numerous compliments on this shirt everytime i've worn it.,Shirt looks better than in the photo,31,6.6666666667
0,24,1,18,2,150,125,97.8,13,35,92,6,17,33,36,3,30,1746.69,154,HomeOwner,F,55000,188240,07NOV2003,Platinum,4,"I loved this shirt online and went to my local retailer store the other day and wanted to try it on. i didn't even get past the ""hold it up and measure the length"" test we tall people often do, as it was incredibly short. there is no way i could wear this shirt at 5'11"". unless you have a short torso and want to rock the (icky) high-waisted pants that are everywhere right now, this beautiful top might not work for you.oh, and it's sheer. camisole needed for white and navy.",Very short shirt - gorgeous for shorter folks!,21,9.6153846154
0,23,1,21,5,125,125,125,11,18,17,5,8,7,1,1,25,1745.86,45,Unknown,M,43000,123630,26DEC1980,Gold,5,"Great fit in waist, hips and butt. i wore them all day and they did not stretch out.i am tall but the length of the jeans with the cuff is a tiny bit past my ankle bone. i want it just above the ankle bone so i am re-doing the cuff slightly and then i must send these to my tailor to close the cuff completely. they look silly when the big cuff isn't at least tacked in place. perhaps by design they were left this way so each of us buyers could find the proper length and close the cuff ourselves.",Great fit. i need to fix cuffs.,44,11.363636364
0,33,1,18,3,100,100,67.5,13,29,46,6,13,17,6,2,20,834.95,87,HomeOwner,F,78000,131820,15JUN1989,Platinum,5,"Great jeans. especially since i'm getting tired of my skinny jeans. length is great for someone tall like me (5'10"") unless you wear heels with them but these are more sneaker/sandal jeans.",Great all around jeans,35,7.6923076923
0,30,2,22,3,125,125,125,13,27,25,6,13,11,2,2,25,1738.7,52,HomeOwner,F,43000,96720,25JUL1997,Platinum,5,"The sweater looks cute if you get the right size. it meant to look a little oversized, i think. the color is pretty in person, however it looks different online and in person so keep that in mind. the material is very warm and a little itchy you will need to wear it over a long sleeve undershirt. the look is nice but it is for a cold day.",,27,9.6153846154
0,41,1,21,3,125,112.5,78.35,13,33,44,6,16,18,6,2,25,1112.19,77,HomeOwner,M,67000,66430,17NOV1980,Platinum,5,Like the swingy fit. looks nice with a long fitted tee underneath and skinny jeans. the color online says black but it looks more like a faded black like it has been washed too many times.,Versatile,44,8.6538461538
0,20,0,18,10,250,0,158.55,14,14,58,7,7,22,7,2,,671.11,99,HomeOwner,M,34000,132470,19NOV1987,Platinum,5,"This is a nice, heavy sweater for cold days and lounging in jeans. very comfortable and flattering.",Comfy,37,0
0,19,2,17,3,125,91.65,91.65,14,27,26,6,13,11,3,2,15,967.17,53,HomeOwner,M,58000,16250,25FEB1997,Platinum,5,"Super soft, super comfy pants. pain in the butt to iron out the wrinkles they came with.",Super comfy,27,6.5464285714
0,32,1,17,3,105,90,90,12,24,22,5,11,10,2,1,15,966.94,54,HomeOwner,M,59000,222040,25MAY1993,Platinum,5,"I fell in love with this jumpsuit at first sight. the color is stunning and very striking. i found it to run a bit large, so would suggest sizing down for optimal fit, but all in all a great piece for summer that will transition nicely into early fall.",Amazing!,31,7.5
0,28,1,18,5,250,200,225,14,29,26,6,13,11,2,1,40,1752.64,54,HomeOwner,M,24000,108810,21FEB1990,Platinum,5,This pants are comfortable and classy. they go fantastic with tall booties as it gets colder.,Feel great pants,34,14.285714286
0,21,2,19,3,100,100,100,12,24,22,6,12,10,2,2,20,828.26,47,HomeOwner,F,54000,119210,08MAY2004,Gold,5,"I love this dress so very much! i wish i could keep it, but it doesn't look right on me. i am 5'2, 100lbs, 32b, 24 waist, 33 hip. dress fit me well except for the fact that it made me look very wide. i think the combination of the ruffles on the sleeves with the blousey-ness and my short stature was not a great combo. it will be amazing on tall slender women, but did not flatter my short frame :( otherwise beautiful",Beautiful!,20,8.3333333333
0,37,3,16,3,100,75,75,14,26,24,6,12,10,3,2,15,711,53,HomeOwner,M,70000,83850,05MAR1986,Platinum,5,It is soooo cute!!! i'm trying to figure a few things before deciding to keep..... how one goes to the bathroom when wearing it? i can't figure out how to get it on without help tying the straps in the back?,Love it but...,38,5.3571428571
0,32,1,18,2,250,141.25,99.75,13,35,83,6,17,34,18,3,13,1749.55,144,HomeOwner,M,54000,95550,30OCT1992,Platinum,4,"I tried these jeans on at the suggestion of the salesperson and couldn't walk out of the store without buying them even at full price of over $200 which i don't usually spend on jeans.. first of all, the material is so buttery soft you can't believe you are wearing jeans, secondly, i could actually find a pair that would fit my smaller waist in comparison to my larger than i wish hips 27-28 waist, 38-39ish hips... 5-4 i ended up with size 26... they are very thin and i worry about how they will",Sooooo comfy!!,32,10.865384615
0,34,1,18,3,150,150,111.9,13,35,75,6,17,33,13,3,25,1742.46,151,HomeOwner,M,48000,130130,02APR1997,Platinum,4,I bought this in the plum & love the color. i got this in xs which is my usual size & it's a little bit baggy but i think this is the style of the sweater. the front on me is not as long as pictured but just covers the top of my pants. my daughter liked it so much she bought the exact same one.,Hi lo tneck,27,11.538461538
0,27,1,19,3,160,147.5,93.35,13,33,59,6,16,24,6,2,27,1744.44,112,HomeOwner,M,57000,87620,21JUN1994,Platinum,4,"This sweater is a pretty color and style and is really soft and comfortable - i really wanted it to work. a small fit my 5'7"", 140 lb frame well (32dd) but the ruffles on the hips were not a wanted addition unfortunately. . tried it on three separate times to try to change my mind but in the end, it's going back. i would not suggest it if you have an athletic or hourglass figure with even a little hip.",Poorly placed ruffles,30,11.346153846
0,32,2,22,3,75,58.35,57,12,31,39,6,15,17,5,2,12.5,484.22,76,HomeOwner,F,91000,115960,03JUN2004,Platinum,5,"I have another paper crown dress that is a favorite. this dress has the same quality and i love the print, which is somewhere between abstract and almost animal. unfortunately, the fit did not work for me. i am large-busted and need a bra. this dress cuts in at the shoulders and did not work with any of my bras except strapless. also, the waist cinches but without a defined band. this looked a bit more frumpy. again, i suspect the fault is in my figure, not the dress.for someone with a smaller",Lovely print nice for athletic build,20,4.8625
0,39,1,19,5,95,100,72.5,13,27,46,6,12,17,6,2,20,1107.35,93,HomeOwner,M,73000,87880,05JUN1990,Platinum,5,"I ordered xs petite and was pretty excited when this arrived based on the reviews. however (and maybe it's just me) the top was really, really large on me, especially around the shoulders and upper arms, so the shape was not flattering. sorry to have to return this item.",Maybe not for petites?,34,7.6923076923
0,30,1,18,3,150,136.65,81.9,13,35,74,6,17,34,13,3,25,1745.2,151,Unknown,M,65000,72410,13DEC2005,Platinum,4,"I wasn't sure how this dress would be sized, so i ordered it in two different sizes and kept the smaller one. i would say it does run a little bit large, but not much.i agree with other reviewers that the dress came kind of wrinkled, but overall the dress is like it was pictured. i think that this dress might be better for taller women - i am 5'8"", and i think it fits well, but i could see how it would not be flattering if i were much shorter. overall, i am excited to wear this!",,19,10.511538462
0,34,1,21,3,100,100,73,13,33,47,6,15,18,5,2,20,831.61,105,HomeOwner,F,72000,49660,13JUN1997,Platinum,5,I am curvy on bottom. i am 5ft 9 and this is very long. it's ok to wear with jeans or leggings and the longer tunics are stylish these days. however it's long enough to be a dress. i bought a large my usual size. i gave it 4 stars because it is sized bigger then a large.it is 100% cotton so maybe it will shrink a little. i am ok with it though. it is very loose and a relaxed fit. the embroidery on the neckline has pretty little beadwork all over the stitching. very cute detail. i love the patter,Fun fall tunic,27,7.6923076923
0,32,1,18,3,125,83.35,56.95,13,34,79,6,16,32,18,3,5,968.02,149,HomeOwner,F,91000,49530,,Platinum,4,I sized down from my typical size small. beautiful detail on the back. slightly sheer in front but dark bra or cami fixes that. shorter in front than back but not too short. goes with jeans and pants plus a shorter cardigan or denim jacket would look great.,Fall transition,,6.4115384615
0,31,2,17,3,125,125,46.6,10,32,83,5,16,34,22,3,25,1746.43,153,HomeOwner,F,109000,46670,22JUN1997,Platinum,4,"I saw this and had to have it!  it is so beautiful.  it has pops of color that can be paired with so many options.  i like the uniqueness of the flowers being on the backside.  it is thinner fabric, so i will have to wear a black cami underneath but i have no problem with that.  especially, going into cooler weather anyway.  it is very flattering on.  this one will go fast.  thank you retailer!",Perfect fall piece,27,12.5
0,26,2,24,3,150,150,101.55,14,36,75,6,17,30,16,3,30,1739.74,152,Unknown,F,53000,45110,19FEB2000,Platinum,4,"I'm not entirely sure if this shirt just runs large or if it fits oddly/boxy. the flowered material puffs out on the sides a couple of inches under my arms... i'm usually a pretty solid size medium, but i think i'm going to try to exchange this for a small to see if that solves that weird fit issue, because it is a nice idea of a design and comfortable overall. but, if that doesn't solve the trick, if not recommend, b/c that side puffiness isn't flattering.",Boxy or large,24,10.714285714
0,37,1,24,3,100,58.35,58.35,11,27,27,6,13,11,3,1,20,666.72,56,HomeOwner,F,89000,69810,10JUN1998,Platinum,5,"This dress fits true to size- i ordered an 8 and it fits like a glove. it is a bit shorter than i thought (i'm 5'8'') but will be perfect with leggings in the winter and for the weekend in spring. it is a nice weight linen, not too thin. the dots aren't white, they're more light blue. very cute dress!",Nice shape and fabric- very stylish!,26,5.3045454545
0,30,2,18,2,75,57.5,57.85,13,30,34,6,15,14,7,2,11,379.33,65,HomeOwner,F,89000,39910,23MAY2007,Platinum,5,"No lycra in this skirt says my label, ignore the website description. it's 100% cotton so no stretch.me: 28-29"" waist and 36"" hips. the medium is a snug fit on my true waist. i love it and will be tucking in shirts / tees when i wear it. otherwise it seems true to the pictures, dark and long. the slit opens above my knees (i'm 5'6"").the pockets are in a kind of odd position in the very front but the trick of that is they add no bulk to hips so...it's a win!",100% cotton,17,4.4230769231
0,40,2,20,3,160,145,140,10,31,37,5,15,15,4,2,28.5,1742.44,68,Unknown,F,39000,58500,12JUL2006,Platinum,5,Very comfortable. runs a little large. purchased a medium and probably should have gone with a small.,Comfortable,18,14.5
0,32,2,18,3,80,141.65,111.45,13,34,40,6,17,16,7,2,17.5,1747.52,64,HomeOwner,F,48000,68380,11MAY1990,Platinum,5,"I first saw this shirt on one of the workers at the retailer stores and it looked beautiful. i loved it so much i had to order it when it came on sale. the fit is a little too short for my liking, but i think i can make it work. also, it does fit a little snug around the arms but it at least it doesn't show your undergarments. overall, i think it is absolutely beautiful. the fabric has a beautiful shimmer to it and it looks easy to dress up for a day at the office or a night on the town, or paired",Beautiful top!!,34,10.896153846
0,21,1,16,2,150,117.5,100,16,30,29,6,13,11,7,1,30,1109.52,52,HomeOwner,F,54000,25870,29NOV1998,Platinum,5,I went into the store not expecting to walk out with this dress. i just happened to try it on in an xs and i loved it. i probably could have gone with a petite because it's long but it didn't bother me enough and i didn't want to wait for it to be ordered. it's nicely fitted through the waist and definitely looks better with a belt. the downside is that the lining is short (mid thigh) and tends to bunch up underneath which then makes it puff out slightly. this didn't bother me enough to return i,Surprised,26,7.34375
0,18,1,19,5,250,250,250,11,17,15,5,8,7,1,1,50,4264.76,43,HomeOwner,M,22000,75790,18JUL2005,Gold,5,"This top is adorable; fits like a glove which makes me a little nervous...there were no washing instructions attached so i will hope for the best. the quality of your garments are always excellent; its only the risk of buying on line (sizing) which makes me hold my breath until i can try my order on. it is a joy to get items that fit from retailer, my favorite online store!","Different, interesting and cool",19,22.727272727
0,37,2,16,3,75,62.5,62.5,14,22,20,6,10,8,2,2,12.5,554.04,45,HomeOwner,M,83000,100100,30JUL2003,Gold,5,"Such an adorable and comfortable dress! just love the fit, the design and the comfort of the denim fabric. it's quite flattering, fit's true to size and i can't wait to wear it to casual parties all summer long! highly recommend! lots ofoptions too with dressing it up a bit more with fun high healed sandals or a pretty shrug and just as nice to wear with flip flops or keds! i 5'5"" and usually a size 4 and it fit true to size....grab it while you still can!",Strapless denim a-line dress,21,4.4642857143
0,32,1,23,3,100,100,85,12,34,37,6,17,17,5,2,20,828.08,69,HomeOwner,M,63000,95550,03DEC2003,Platinum,5,"I ordered these in eptites, tey were a ltitle long still. also a tiny bit on the loose side. i am not sure i think they are worth as much as they cost, so wil lwait for hte sale. color combination was nice though,a dn the cut relatively flattering, i jsut ahve seen better out there for hte price. nice business/casual pant.",Looser fit and thin,21,8.3333333333
0,28,1,16,3,75,40,51.25,12,25,24,6,12,11,4,2,11,495.15,51,HomeOwner,F,100000,40950,23JUL1993,Gold,5,"This dress has a beautiful fit--5'4"", 150 lbs, 34ddd, and the medium regular fit great. the only issue is that the bottom part of the dress wrinkles terribly. when i bought it, the woman folded it nicely, and i stashed it in my car for the rest of my shopping trip. when i arrived home and pulled it out, the bottom of the dress was horribly wrinkled. plus it's dry clean only. going back. :(",Beautiful fit,31,3.3333333333
0,25,2,22,3,250,141.65,60.4,13,35,63,6,17,25,13,2,32.5,1746.82,110,HomeOwner,F,86000,57070,17DEC2005,Platinum,4,"I purchased this shirt in the novelty print, very cute. the shirt itself is fine, slight relaxed fit, thin material, purchased in a small (normal size), it really was the print that sold me. on it looked very cute and just really liked it. may not be worth the $58 i paid for it but would be a good pick up on sale.",Liked the print,19,10.896153846
0,44,3,21,3,100,60,52.5,12,24,26,6,12,10,4,2,12,671.28,53,HomeOwner,F,98000,51220,15MAY2006,Platinum,5,"This should be a good dress for hourglass figures. runs a bit narrow in the ribcage, so you may want to try a couple of sizes. i'm 5'2"", currently 33-25-37 or 38 with a 28"" underbust, 28dd/30d/32c bra. normally a 0p or 0 in these type of dresses; the size 2 fit, not sure i could have zipped a size 0..loved that the boning at the front bust and sides keeps the dress up and in place without the straps. side pockets, and the cotton feels soft, more like a sateen than a poplin weave. lovely colo",Vintage vibe with built-in support,18,5
0,25,1,19,3,125,112.5,112.5,13,25,24,6,12,10,2,1,20,1118.81,47,Unknown,M,48000,56940,16JAN1988,Gold,5,"I have been wanting this skirt since it came out, and was overjoyed when it went on sale. i got my typical 00 size (24-26 waist, xsmall-xxsmall shirts/dresses), but when i tried it on i was a bit confused. the waist is a little roomy,so there's no way i could wear a 0, but the skirt hugs my butt. and i'm talking in that weird ""hug the butt but flares out awkwardly below way"". now i don't consider myself particularly gifted in the back end department, but this skirt sure says the opposite! i can'",Beware if you have a butt!,37,8.6538461538
0,38,2,17,3,125,112.5,75.9,13,32,65,6,15,27,11,3,22.5,1121.04,129,HomeOwner,M,70000,82680,08JUL2005,Platinum,4,This blazer is gorgeous. the brocade fabric is beautiful. the color is really a blueish purple/indigo. you can wear it with a black skirt/pants and even jeans. the only downside is that it runs about one size smaller than what it says it is.,Stunning,19,8.6538461538
0,25,2,26,3,125,100,58.85,12,32,81,5,15,33,22,3,17.5,1118.71,152,HomeOwner,M,88000,52650,29OCT2000,Platinum,4,"I was able to try this on in store thanks to a return. it is a cool looking item and i thought the fit and aesthetic were spot on but the price made me leave it behind. even on sale, i this wasn't worth the price for me- the high-low hem and material combined exclude it as a work option for me. if this is something you can get mileage out of, i really do recommend it- well made, lovely colors, and nice style.",Cool design for summer,24,8.3333333333
0,33,1,15,3,150,150,94.4,12,32,80,5,15,33,17,3,30,1744.86,150,HomeOwner,M,57000,88400,15MAR2000,Platinum,4,"This jacket is absolutely beautiful. the color is a much deeper navy than it appears in the pictures, and the brocade with the contrasting lining is lovely. however, as another reviewer commented, the back across the shoulders is incredibly small. i ordered up from my normal 2 to a 4, and it was still too tight. there is no way i could even lift my arms over my head without ripping out the back of the jacket. i fear a 6 will be too big. this one is going back, sadly.",Beautiful but too small...,24,12.5
1,19,3,16,2,115,95,95,13,26,25,6,13,11,5,2,17,740.33,53,HomeOwner,M,56000,85540,26OCT1985,Platinum,5,"Beautiful dress! i usually wear a size 4 regular, or a 6 petite (if the dress has sleeves). i ordered this in the 6p and it is too big. wish i could exchange it for a 4p, but it's no longer available.",Runs large!,39,7.3076923077
0,35,1,18,5,125,125,112.5,12,29,34,5,13,13,2,2,25,1739.92,65,HomeOwner,F,48000,90220,14FEB1998,Gold,5,"I'm always nervous about length on ponchos, and this one was perfect (fit like the model and i am 5'7""). it is definitely a thin/semi-sheer knit, but it looks so classy and elegant with a black long sleeve under it and jeans. i love that this doesn't require dry cleaning and makes me look put-together for an easy day to night look. i'm 25 weeks pregnant and love that this works now and later :) very happy with this purchase!",Beautiful!,27,10.416666667
0,21,2,17,3,75,50,50,13,20,18,6,10,8,2,2,10,497.63,45,HomeOwner,F,102000,135460,05DEC1992,Gold,5,"Looks really nice on teh pictures. i tried on thre cream as this was the only color availalbe at my store (tried on per stylist recommendation(. it is very thin, you can see ripples from my belly lol, but still fairly flattering. i ended up purchasing, but it is in my maybe pile for now... wil lwait before wearing it to be sure. can't wear a grey bar with it, that htin...",I didn't realize this (used to) come in black...,32,3.8461538462
0,31,1,17,5,75,100,87.5,13,21,18,6,10,8,2,1,20,1108.73,43,HomeOwner,F,61000,158990,09JUN1990,Gold,5,"This skirt is a great staple. i somewhat agree with the first reviewer that it is a little big but not huge. i bought a m which is my regular size and i have to have it shorten the length, but that is typical for me since i am very short, but i liked the waist and didn't feel like it was too big and i have a very small waist. i don't like tight elastic at the waist and this sat very comfortably on me. nice heavy material for the winter.",,34,7.6923076923
0,33,2,18,3,125,83.35,68.75,13,34,35,6,16,15,4,2,17.5,966.63,65,HomeOwner,F,76000,92300,07MAR1999,Platinum,5,This top is really pretty and flattering. i bought my usual size and its loose and flows without being too boxy. the pattern is beautiful and the band on the top stays up well.,Pretty top,25,6.4115384615
0,25,1,21,5,125,125,80,13,30,70,6,14,28,11,3,25,1755.85,137,HomeOwner,M,66000,57850,17MAR2002,Platinum,4,"I couldn't wait to try this dress on when i first saw it featured. it is stunning! i love the red lace over-layed with a blue slip. it adds a fun color contrast to the piece. i am usually a size 6 in retailer clothing and found this one comfortably true to size. this dress has a very renaissance chic quality which is very feminine, flirty and unique. a great find for fall/winter parties. i can't wait to wear it!if i had to find a fault with this dress, it's the lack of pockets. retailer d",,22,9.6153846154
0,23,1,16,3,75,65,47.5,13,25,36,5,9,12,4,2,15,540.6,104,HomeOwner,M,107000,64090,10APR1986,Platinum,5,"This is an adorable top, but it just wasn't my style. i'm 40 and felt silly wearing a big bow, but if you can rock this look i'd recommend it. the top is a thin sweatshirt material, not a knit sweater or a thick sweatshirt fabric. it is a cotton rayon blend. the sweatshirt part is cropped, but the striped shirt details come to a good length. the shirt trim is 100% cotton. the fit was true to size. it is a bit loose, not overly fitted, but true to size. it nips in a bit at the waist and then flar","Adorable, but not for me",38,5
0,33,1,24,3,100,100,77.5,11,30,40,6,15,18,4,2,20,835.72,77,HomeOwner,M,68000,64090,27FEB1983,Platinum,5,"As in the other review, this dress runs small. i'm usually an 8 but it was tight and short. i would love to exchange for a 10 but it's out of stock. the beading and the colors on this dress are breathtaking...i was so disappointed it didn't fit! the background is more taupe/nude than cream which i actually really like.",Gorgeous but runs small,41,9.0909090909
0,28,1,19,3,125,125,125,13,27,24,6,13,11,2,1,25,1755.8,53,HomeOwner,M,43000,81250,04JUL1993,Platinum,5,"I love this shirt and have received compliments each time that i've worn it. there is a lot of visual interest from the vibrant colors, stitching and mesh panel on the back, and it is a great transitional piece from late summer to fall and into winter. my only complaint is that the threads pull easily, and there are no laundering instructions, so i had to log in to the website to learn that it was machine washable. i would definitely recommend using a lingerie bag, washing on delicate and not pu","Beautiful shirt, delicate care required",31,9.6153846154
0,20,2,25,3,200,166.65,147.5,13,35,63,6,17,25,8,2,30,1747.52,109,Unknown,M,37000,169650,,Platinum,4,"I fell in love with this top when i saw it online. i love tracy reese! the pattern is beautiful and the yellow is even brighter in person. i ordered a size small even though i normally wear an xs in all tops. for whatever reason, there was no xs offered, which is odd. the straps are adjustable which is good but unfortunately you absolutely cannot wear this top without fashion tape to keep the straps from falling off your shoulders. the straps slipped off my shoulders constantly. i wore a coobie",Annoying as heck but too pretty to return,,12.819230769
0,18,2,16,3,95,60,60,13,24,21,6,11,9,2,2,12,672.78,47,HomeOwner,F,87000,36660,03FEB2002,Gold,5,"Just received this in black and am in love! it has a stevie nicks vibe and i look forward to wearing it as a swimsuit cover up, dress with black slip underneath, and even with a black tank and skinny jeans! it really is beautiful. i am 5'3 and was worried it would be too long, but it just hits above ground with flats, and will work even better with wedges.it is big and will flatter a variety of sizes... even though i'm a 6/8 i don't feel like it's too overwhelming.my only concern is how",Gorgeous and versatile,23,4.6153846154
0,27,1,18,5,150,125,106.25,13,31,50,6,15,21,4,2,25,1750.3,99,HomeOwner,M,51000,82940,,Platinum,5,"I purchased this top in the xs and was so excited to receive it as i love the layered look snd the back of the sweater was so cute online! the sweater itself is lovely, but it was a tent on me! waaaaay too big for my 5'3"" frame. if you're a taller gal or someone who likes more volume in their swing tops, this is for you. unfortunately, i had to return it.",Beautiful top -- runs large!!,,9.6153846154
1,17,2,15,3,75,55,45,11,30,29,5,14,14,4,2,9,506.35,64,HomeOwner,F,113000,87230,29APR2004,Platinum,5,"I love this in the red motif....looks great with jeans or white. for maeve, this runs a little larger. at 5'8"" 130 lbs, i typically need a 6 to keep the front from pulling/gaping. the 6 in this was roomy and the 4 was also good. took the 6 for a little extra length. the shirt hits be about like the model in length, and while a little cropped, it won't show your stomach.",So pretty in red,20,5
0,38,2,20,3,125,100,63.8,13,34,72,6,16,29,17,3,17.5,1116.66,137,HomeOwner,M,82000,58370,25DEC2002,Platinum,4,I bought this in wine in both the small and medium. both fit but am keeping the medium since it drapes better and looks like the photo with longer length in body and sleeves. light material is a great weight since heavy sweaters can be too hot in heated offices. style can be dressed up or down for office or weekend. have ordered the blue and grey. only concern is how well the fabric will launder.,"Soft, feminine and flowey",22,7.6923076923
0,26,1,19,3,100,62.5,62.5,11,23,20,5,11,9,2,1,5,649.66,52,HomeOwner,F,83000,64090,,Platinum,5,"For a blouse this beautiful and whimsical, i just can't understand why the little button loops would need to be constructed to maintain security on fort knox. i patiently worked my way through the gauntlet of them because i was determined to try it on, but ultimately, i can't see doing this again for a pricey top that shouldn't require hard labor to access. the fabric is perfect; a beautiful cotton lawn without any sheen, which really brings out the contrast of colors. it is slightly see through",The buttons are a project...,,5.6818181818
0,29,2,19,3,100,80,66.65,13,32,33,6,16,15,6,2,16,701.08,62,HomeOwner,M,79000,69940,18JAN2005,Platinum,5,"The fabric design of these shorts is so great. i don't adore the fit, they are a little short waisted for my long torso and the leg openings flare out more than i prefer and are about 1/2-1 inch longer than i would like but i can fix the inseam issue by hemming them. i may still pick them up just because i love the fabric so much.",Adore the fabric,20,6.1538461538
0,16,1,15,3,125,112.5,74,12,29,52,5,12,19,5,2,20,1109.55,101,HomeOwner,F,71000,52260,26APR1986,Member,5,"I just got this shirt the other day, and already love it. it fits like a basic tee, but the details on the sleeves and back are really cute. the shape is loose at the bottom, which makes this really comfortable.my only complaint is it's a little tight across the back, but this does not hurt the overall fit and comfort of the top. this is a little thicker than a tee shirt too, so the quality feels nice.",Cute variation on a t shirt,38,9.375
0,33,1,17,3,100,83.35,56,13,35,61,6,17,25,10,2,20,714.2,109,Unknown,F,92000,52000,21DEC2004,Platinum,5,"I bought this shift dress for a ""black & plaid"" nye event, and it fit the bill perfectly for a cold winter's night. looks great with tights and boots, has pockets, and dresses up nicely. i like a good shift at this point in the holiday season -- leaves room for that last bit of seasonal eating and drinking. looking forward to wearing this through the winter months.",Cozy winter party dress,20,6.4115384615
0,38,1,18,3,185,155,127.5,13,32,46,6,16,20,4,2,25,1739.23,80,Unknown,F,42000,40430,29OCT1999,Platinum,5,Just got this vest in my store yesterday and i was immediately drawn to it. the outside of the vest is this thick knit in an oatmeal color and a bright cobalt blue (even brighter than it appears online). the inside is a jersey knit fabric in grey. its an eye catcher for sure. i knew i needed to try it on. the vest is longer in length (like it appears in the photos). my only gripe is the fit. its great around the neck...nice and full. but i wish the body of the vest was larger. it fits very much,Cool vest,25,11.923076923
0,34,1,21,5,150,150,150,11,18,17,5,8,7,1,1,30,1743.27,45,Unknown,F,36000,51480,,Gold,5,"This dress does indeed run large like the other reviewers mentioned, but it also runs small in the shoulders. i'm 5'3"" and usually a size 6. the xs fit perfectly in the body, but was a little too small in the shoulders. i liked the dress enough to size up to a small to fit the shoulders, and then just had the sides taken in slightly. i did purchase this dress during the 20% off sale, so that helped justify the cost of alterations.","Beautiful, comfortable dress with slight fit issue",,13.636363636
0,40,1,19,5,150,150,76.6,13,32,80,6,15,31,19,3,30,1736.48,152,Unknown,F,69000,74490,15JUL2003,Platinum,4,It's soft and feels nice on skin.true to size and fits just fine. more form fitting than model picture.,Nice blouse,21,11.538461538
0,32,1,18,3,75,61.65,61.65,11,26,23,5,12,10,3,1,10,485.08,54,HomeOwner,F,84000,60840,28FEB1998,Platinum,5,"I bought this in the faded pink rose color (which is inexplicably called ""red motif"") and it is very comfortable yet not so stretchy as to fall off. i did size down from 12 to 10; there is a bit of puckering of the front placket but i believe, based on my history with pilcro, that there will be enough stretching out to even out that puckering. i wish there were pockets though i can see it may be a design decision. i love the faded inbetween color but the other colors are great and i can see gett",Great skirt and yet....no pockets,26,5.6045454545
0,35,2,22,3,100,112.5,112.5,13,27,26,6,13,11,2,2,22.5,829.04,53,Unknown,U,48000,65130,,Platinum,5,They were fine. i had hoped they'd be more like begging a though... more structure. they were very much just leggings and rather unflattering in the crotch area. they felt well made though. might work for someone else. not a bad legging.,Fine,,8.6538461538
0,24,2,17,2,250,79,53.9,13,33,47,6,16,18,9,2,7.5,967.17,105,HomeOwner,F,96000,55640,01DEC2001,Platinum,5,"Lovely feel to this almost-cowl neck turtleneck. it's quite thin, and has 3/4 length sleeves, so it won't keep you warm. but the fabric is soft, the ribbing is flattering, and the fit is loose without feeling frumpy. overall, a good staple that's a bit more interesting. the mauve-ish color looks great with grays.",Better than a basic,23,6.0769230769
0,31,1,22,3,100,100,54.3,12,33,44,6,16,19,7,2,20,833.81,77,Unknown,F,95000,76440,05FEB2002,Platinum,5,I like this top. it fits nicely. the knit is thicker than i though it would be t but i still like it.,Neat sweater,23,8.3333333333
0,41,1,25,3,150,112.5,59.4,9,28,75,5,15,28,40,3,15,1120.48,136,Unknown,F,87000,55510,06JUN1988,Platinum,4,"I purchased this tank in white. the material is very soft, but it is very thick, which i was surprised by, but i still like it. the fit is a little boxy. i have an xxsp and it fits a little large. hangs perfectly - just like the photo. i almost sent it back just because of the boxy look, but i think i make it work this summer. going to keep it!",Nice tank for summer!,36,12.5
0,22,2,24,3,80,65,65,10,24,21,5,12,10,2,2,13,651.66,51,HomeOwner,F,80000,72150,10JAN1994,Gold,5,"Great pants, with a couple of quibbles.these pants have mini blue stripes in the fabric, so in real life they look a bit more blue than they do in the photos. these are not white pants, but they would fill the ""faded blue denim"" niche in your wardrobe. and also like faded blue denim, these pants are more opaque than most lightweight white pants are these days. you would not want to wear black underwear with these, but likewise your undergarment choice would not be immediately apparent (compa",Comfortable white(ish) non-see-through pants,31,6.5
0,24,1,15,3,100,87.5,91.65,15,22,21,6,9,7,3,1,20,706.29,44,HomeOwner,F,58000,57070,,Gold,5,"The color on this dress is absolutely gorgeous, the fabric is great, and the bow detail in the back makes the dress much more interesting. i also quite liked the length. (i'm 5' 5"" and weigh about 132 and bought a 6 regular, which came to a couple of inches above my knee....not as short as it looks on the model.) overall style and aesthetic, i love. the problem with this dress is the fit. i tried it on in the store, starting with an 8. too big, no problem. tried the 6, still a bit large (gap",A lot to love in this dress...,,5.8333333333
0,18,1,15,3,170,170,151.45,12,33,62,5,15,26,7,2,34,1746.03,136,HomeOwner,F,36000,75790,,Platinum,4,"This is one of those dresses that hides on the rack until you see it. and you think, hmmm- this is really interesting. and then you try it on. and all the ladies in the dressing room say ""whoa"" yep, this is that dress. much more fitted and flattering on my 5'9"" 150lb frame. it oddly kind of alludes to 70's caftans. very cool.",Very different,,14.166666667
0,31,2,21,3,150,100,100,13,26,26,6,13,11,2,2,20,1122.99,52,HomeOwner,F,54000,52780,,Platinum,5,I would say that this blouse runs 1-2 sizes too small. the fabric is unique - it's like gauze backed by fine netting - and the workmanship is excellent.,Beautiful quality but runs quite small,,7.6923076923
0,31,1,18,5,125,75,65,13,34,61,6,16,25,7,2,15,783.06,114,HomeOwner,F,80000,85410,22JAN1993,Platinum,4,"I love this tunic! with that said the reason i only gave 4 stars over all was because the material wasn't what i was expecting. it's more like a thin sweater like material, with raw edge which normally is fine but i do worry about how long this will last. the design and colors are lovely! i have worn it with leggings and cropped jeans and it looks fantastic! great summer top/dress/tunic!",Lovely tunic,32,5.7692307692
0,28,3,17,3,250,150,108.35,14,33,54,6,15,20,9,2,30,1753.44,88,HomeOwner,F,50000,106730,29MAR1989,Platinum,4,"This dress has a much more flattering fit than appears! it has curves and fits tts. the fabric is fairly heavy, nice quality polyester and will be just the right weight for a nocal wedding. the back straps nicely cover foundations so even though it's open you don't need special undergarments. the color in the pic is spot on. don't be deceived by the ""turquoise"" moniker.",Bold!,35,10.714285714
1,27,3,22,3,125,76.65,61,13,34,40,6,16,16,5,2,15.33,968.45,68,Unknown,F,85000,62140,01FEB1994,Platinum,4,"I like these jeans because they are long enough to wear with any kind of shoe or boot and they have enough stretch to be comfy, but not too tight and they do not bag out :)",Comfy stylish jeans,31,5.8961538462
0,32,1,21,3,100,112.5,83.35,13,30,36,6,14,14,3,2,20,832.17,69,HomeOwner,F,64000,77090,20APR1985,Platinum,5,"I love this dress in the fact that it isn't low cut, isn't several inches above the knee - and bam it has sleeves! the length is gracious and the all over print flattering for a full figure. the skirt has a wonderful swing to it. i'm 5'4"" and 165, so i ordered the 12 regular. it does fit (and has stretch to the fabric), however it is too long in the torso on me. so much so that the low waist seam pops up and the zipper bumps out when i move around. i pulled up the top by an inch or two and the d",Pretty print,39,8.6538461538
0,27,1,15,3,80,80,58.75,11,28,32,5,11,12,4,2,16,699.81,69,HomeOwner,M,88000,95160,19FEB2001,Platinum,5,"I ordered this dress online and am struggling to decide about whether to keep it. the fabric is soft and comfortable and has a more casual look. the dress makes my boobs look awesome, but doesn't do much for the rest of my body. the main reason i'm on the fence about keeping it are that i'm not sure if i would wear it to work (the slit goes up fairly high and the fit draws attention to my bust). i think that i would love it for casual wear in the summer but i prefer to invest in dresses that are",,23,7.2727272727
0,27,4,15,1,280,105,65,14,36,75,6,17,31,23,3,25,11162.27,150,Unknown,F,80000,95160,09DEC1996,Platinum,4,Medium is equivalent to eu size 40. the pants have the eu tag and i would have ordered differently if i had known this. great quality pant; just order according to your european equivalent.,Sizing,28,7.5
0,34,1,18,2,80,47.5,47.5,11,24,27,6,12,12,4,1,10,325.43,55,Unknown,F,107000,47840,21JAN2002,Platinum,5,"Just not the right color for my skin tone (though lovely pink). i didn't see the green in person, but probably nice too.the cut is well fitted at the waist, elastic band. i will say, however, that it was almost hard to pull the shoulders over (doesn't unbutton past waist). fabric is soft and flowey, length on the regular was mid-though for me, i am a tad oder, so it was nice... if i were younger, i would get petite.for reference: 115 lbs, 30 dd, 26.5 inch waist",Cute and flattering,23,4.3181818182
0,30,2,16,3,150,87.5,87.5,14,22,19,6,10,8,2,2,17.5,966.07,44,Unknown,F,61000,79690,31MAR2005,Gold,5,They look good in the front as well the back i would go a size down in them though as they stretch out throughout the day! i love hei hei and would recommend this pant,Great fit,19,6.25
0,33,2,17,3,100,75,63.75,12,28,28,6,14,12,4,2,17.5,714.76,56,HomeOwner,F,82000,96070,04JUN2004,Platinum,5,"I love this coat but it does not work for my body type. it is a beautiful coat and of very good quality. it has a wonderful lining which is so nice to see as many of the ""coats"" retailer is carrying right now are not lined. the coat is soft and feels so good. it seems to run true to size. i would have purchased this if the button placement were higher up. the button closure is right at my hips ( i am 5'6"" for reference) and i am pretty curvy. when open, the coat looked great but when i trie",,20,6.25
0,32,2,15,3,100,62.5,51.65,11,23,21,5,10,9,3,2,12.5,635.25,52,HomeOwner,F,99000,82290,27MAY1989,Platinum,5,"I really love this coat! i usually wear a size 8 but ordered up a size because i just wanted that look. it is a very warm coat, wasn't expecting that! it is very soft and i love it! one problem, it sheds like crazy, bummer. i wore it over a black turtle neck sweater and when i took my coat off it looked like i had a white cat living in my house. my sweater was covered. i'm hoping it will shed less as i wear it longer. having said that,, i still love the look and warmth. i will just need to plan",Beautiful coat- shedding could be a deal breaker,35,5.6818181818
0,36,1,15,5,100,100,75,12,23,23,5,9,8,3,1,20,1119.3,55,HomeOwner,M,70000,76570,12DEC1991,Platinum,5,The dress is beautiful but runs small so unfortunately i have to return it.,Beautiful dress but..,33,8.3333333333
0,25,1,19,3,75,66.65,66.65,12,31,28,6,15,13,3,1,5,547.4,57,HomeOwner,M,79000,151710,16MAR1992,Platinum,5,This jacket is made well and looks great but sadly i ordered the size 00p and it was still too large! if it had of been smaller i'd love it but it wasn't so i had to return it....,Nice jacket but too large!,32,5.5541666667
0,27,1,21,3,75,50,50,11,23,22,5,11,9,2,1,15,502.75,52,HomeOwner,F,102000,97110,03AUG1988,Platinum,5,"The quality and design of this top is great and it goes well with my skinny jeans and wide-leg linen trousers. only thing is that it does need to air dry or i imagine it will shrink up which would not be good for taller frames. i'm slim, 5'8"" and got an xs and it fits just right. the carbon color appears to have hints of blue/purple on screen, but it's actually a plain dark gray.",Comfortable and relaxed look,36,4.5454545455
0,35,1,17,5,100,100,81.25,8,27,32,5,14,14,4,2,20,1116.22,68,HomeOwner,M,65000,63440,19DEC1992,Platinum,5,Great purchase! i bought the coat to wear to work.,Great purchase,32,12.5
0,26,1,19,3,100,62.5,62.5,13,24,22,6,11,9,2,1,5,636.59,48,Unknown,M,83000,44330,11MAY2003,Gold,5,"I ordered the petites hoping the length would fits ankle length but htey do go all the way down. on a muscular bottom/thighs, these a snug, on the model they look loose, but i still do like them. to wear with longer tops... i ordered 25p for 115lbs.",Wish they were a tad shorter,21,4.8076923077
0,39,3,21,3,125,118.35,92.2,13,32,47,6,17,20,9,2,23.67,1111.23,81,HomeOwner,M,58000,52520,29JUL2002,Platinum,4,"This cardigan did not disappoint. i purchased the orange, which is a beautiful deep red orange that is perfect for fall. the fit is true to size and the length of the cardigan is nice, hitting at mid hip. the ruffles hang well and are not too bulky or overwhelming on my petite frame. it looks great from the side as well. i love the knitted details, the scallops, and the subtle gathers. the only flaw is that the sleeves are way too long to be practical. they come to my fingertips, so get in the w",Gorgeous knitted cardi,22,9.1038461538
0,32,2,16,3,145,130,90,15,34,63,6,15,24,8,2,28,1749.87,117,HomeOwner,M,59000,70590,02DEC1986,Platinum,4,"I bought my first pair of ag stevie jeans at retailer six years ago and have been in love with them ever since. still love the style and fit but have never been able to find another pair made of the same jean material. my first pair are just a wear away from having holes and was hoping this new pair would be the perfect replacement but although great, just not the same.",Great jeans but...,38,8.6666666667
1,34,1,22,2,125,125,120,8,25,29,5,15,14,5,2,25,982.14,65,Unknown,M,45000,82420,09NOV2004,Platinum,5,"I bought this dress for my upcoming rehearsal dinner in early fall. i love the romantic lace and ivory color for the occasion. i ordered my typical size 10. it hits me right where it does on the model and it fits well on top, but the dress ""bells"" more than the images let on. i didn't want to size down in fear that the neck would be too tight, so i took it to an alterations specialist to get a lot of the lace fabric trimmed off. she took it in a little at the waste and the underarm, and hacked q",Very romantic and pretty,20,15.625
0,33,1,18,3,110,80,80,11,24,22,5,11,10,2,1,10,963.89,53,Unknown,F,66000,49010,,Platinum,5,"I love pilcro jeans and usually wear the stet fit. this is the first pair that i've owned that had so much stretch. they stretch and do lose their shape slightly, but bounce back after a wash. my main complaint may be stretch-related: after the first wear, the inner thigh area was covered in pills. granted, my inner thighs touch when i walk, but this has never happened with any other pair of pilcro that i've owned. i still have a pair of black stet that i bought 4yrs ago and they've never shown","Look and fit great, but low quality",,7.2727272727
0,19,5,17,1,160,137.5,100,14,34,48,6,17,20,10,3,28.4,1737.1,80,Unknown,M,54000,116220,28JUN2007,Platinum,4,Interesting and different cut. sleeves are very long as pictured and that goes for xs----and i have long arms---hit the end of fingertips. the orange is burnt orange and on the brighter side. didn't really work for me---didn't want to be bothered with the sleeve thang.,Interesting cut,17,9.8214285714
0,28,1,23,5,250,250,200,13,33,55,6,16,21,4,2,50,4263.9,93,Unknown,U,27000,106340,01MAY2006,Platinum,5,"It is a good item, just not what i was looking for. if you want a medium waist and straight at the bottom, it is great, i am more of a high waist, skinny bottom.",I returned it,18,19.230769231
0,24,1,26,3,100,87.5,56,10,30,45,5,14,17,5,2,15,703.96,92,HomeOwner,M,92000,112840,16APR1996,Platinum,5,I purchased this in my usual small (size 4-6) and it fits just the way it shows in the photo. it is very flowy which is th point. i wore it over a black romper and it looked great. i can also wear with jeans and a simple black tank. keep the vest open or use the hook and eye and close it up. seeing the black through the sheer white is simply dreamy!glad i purchased it during the sale on sale promotion. it is a classic piece for sure.,Eye spy a great vest,28,8.75
0,38,1,26,3,125,100,100,12,29,27,5,13,11,2,1,15,1119.02,56,HomeOwner,F,54000,82550,14MAY1994,Platinum,5,"This is a very pretty, delicate, comfortable dress. i think it fits tts - maybe even a little large. i got the ps which is my usual size and it fit perfectly.the only complaint i have is that the photo is misleading. on the dress i received there was nothing to hook the buttons into (no loops as in the photo) so the whole front of the dress has to be unbuttoned. i wish i was able to button 1 or 2 as in the photo.",Pretty but photo misleading,30,8.3333333333
0,39,2,24,3,150,125,71.65,12,34,65,6,17,25,12,2,25,1737.61,113,HomeOwner,M,73000,78130,11JUN1994,Platinum,4,"This dress is quite adorable - the pattern, slip and bottom lace trim are very nice. i found that this ran large, particularly in the bust. i am a 34c and felt that the xs was still a bit too big. i decided to pass due to the fit and the price, but i will re-visit if it makes it to the sale room. also note that the front buttons are purely decorative, and can't be buttoned to tighten the top up.",Cute but runs large,30,10.416666667
0,29,2,18,1,150,71.65,51.65,15,37,78,6,17,33,21,3,20,493.84,149,Unknown,U,99000,32370,09APR2005,Platinum,4,"This is a charming dress, with lots of quality touches, and something which is easy to wear and appropriate for many occasions. however, the dress i received wasn't quite like the dress pictured in the catalog and main website photos. the bottom buttons of the over-dress do not have matching holes, so you can't button it. this makes the v lower, and the bodice looser. it is like the photo with the brunette model on the website, rather than the primary photos with the blonde lady. personally, i w",Lovely but not quite as pictured . . .,19,4.7766666667
0,31,1,18,3,250,81.65,57,14,34,75,6,16,34,20,3,17,959.89,154,HomeOwner,F,91000,82420,06APR2004,Platinum,4,It lays very nicely on your body. very flattering!!!!,Little pricey,20,5.8321428571
0,29,2,17,3,125,112.5,69.15,12,28,55,6,14,20,6,2,22.5,1111.54,100,Unknown,M,76000,94250,19APR1989,Platinum,4,"Great dress, can be styled up or down for more casual look. it ran a bit large for me, especially up top; the armholes were droopy unfortunately. i ordered the s but returned, the xs will hopefully be better. for reference, i'm usually a s, 5'5"" 127lb.",Versatile dress,35,9.375
0,29,2,20,2,125,118.75,90.65,13,34,47,6,16,19,8,2,25,1117.69,80,Unknown,F,59000,79170,03AUG2005,Platinum,5,"Such a pretty dress and the colors are just so summery. it's very flattering on but i will have to return it unfortunately. i ordered the 6p because the 8p was sold out and although the top fits quite well, its just too snug on the hips. if the 8p was available i would definitely exchange it for that.",Looks like lemonade and ice cream!,19,9.1346153846
0,29,2,18,3,125,133.35,133.35,13,27,25,6,13,11,3,2,27.5,1748.06,53,HomeOwner,F,41000,83330,01AUG1989,Platinum,5,"I really liked this dress when i tried the navy on in the store. i am 5'4"", 140 lb. and the medium fit me really well. unfortunately, i am not comfortable showing a lot of leg so the dress was just too short for me. if it had come to the tops of my knees i would have gone for it but it was well above my knees. the fit and color were great though, i loved the neckline and the material was very soft and comfortable. i tried the large but, while it was a little longer, the larger size made it lose",Too short but otherwise great!,35,10.257692308
0,36,1,18,2,120,113.75,106,13,35,39,6,17,16,5,2,22,1115.39,65,HomeOwner,M,51000,109070,16FEB1998,Platinum,5,"I bought the navy version of this dress in the store and thought it looked pretty nice. i am 5'10"" and 145 pounds, and the small fit me great. i think that the dress looks exactly like it does in the pictures, at least for the particular color that i bought; the length comes about mid-thigh, as shown, and i would definitely have worn it to work. after looking in the mirror for a few more days though, i decided to return the dress, because i didn't feel like the shape of it was especially sensati",,26,8.75
0,15,2,25,3,75,58.35,58,12,33,36,6,16,15,5,2,12.5,502.7,65,HomeOwner,F,89000,46930,10DEC1997,Platinum,5,"I never write reviews, but i just purchased this top at full price last week in the store. it's not a have to have top just to look at it, but once i put it on i had to have it. it's extremely comfortable and i am able to wear it while running around with my boys and still feel as though i'm put together. i've worn this top now 2 times and after the 2nd wear i have 3 holes in the area where the waist line of my jeans sits. the first time i wore this top it was for only and hour or so. what a",Completely disappointed!,27,4.8625
0,25,2,23,3,100,62.5,58.35,13,32,33,6,14,13,3,2,12.5,637.38,67,Unknown,M,89000,122070,,Platinum,5,"I ordered the tangerine color of this tank. it's a great color, slightly heathered.what i like most about this tank are the riders straps and the depth of the scoop neck. it allows for a normal bra and could be dressed up or down.i wore the tank out and about, and it was comfy and pretty. later, though, my husband came home and asked if i knew it was see through. eek! sure enough, it is pretty sheer in certain lights. next time, i will wear a cami underneath. though i wish it were a bit","Great colors, wide straps, sheer",,4.8076923077
0,30,1,17,5,75,75,116.65,13,30,42,6,14,17,3,2,15,773.36,77,Unknown,M,46000,121680,,Platinum,5,"This dress is gorgeous. the quality is high, runs true to size, and is very flattering! my only issue is the tule. i already have hips, so the tule makes the dress over-flare. i am going to have the tailor remove the tule and it will be perfect. for those who are not an hourglass shape naturally, this will help provide the extra shaping.overall, i love this dress and will be keeping it.",Classy & adorable,,5.7692307692
0,23,4,18,1,250,250,211.35,14,34,60,6,17,24,15,3,50,4264.87,93,HomeOwner,M,26000,56160,08DEC1995,Platinum,4,"I was looking for a classic, white t-shirt that wasn't too big (i.e. a tunic) or too fitted. this was perfect! i love the irregular hemline and the fit. it's not too tight, but not too big either where it looks messy. just a perfect little tee for any wardrobe. runs true to size. i'm a 34d, size 10 and ordered the medium - it fit great!","A great, classic t-shirt with flare",29,17.857142857
0,32,2,21,3,125,87.5,87.5,13,26,25,6,13,11,2,2,17.5,956,53,HomeOwner,M,61000,144820,17MAY1985,Platinum,5,"I was looking for a tee that i could wear on the weekends without looking sloppy and also have a little coverage for when i'm feeling a little bloated. (come on, that's what happens sometimes on weekends, ha!) this tee is great because it's got some coverage and it's also not sloppy looking or oversized while still being flowy and flattering. the shoulders and arms are fairly tts and there's a slight a-line shape to this tee, so its flattering without being a tent or frumpy looking. i did si","Cute, nice weight tee",39,6.7307692308
0,22,1,23,3,125,87.5,55,13,31,48,6,14,18,6,2,25,955.86,88,Unknown,F,94000,160160,,Platinum,5,"Very pretty top. runs a bit large (i generally take an xs and the xs in this top fits me a little longer and larger than on the model). comfortable and easy to wear. nice cut with angled front and bit longer back. did develop a small hole very quickly as some thinner and tissue tees do but hoping that's unusual as i did buy two different colors of this tee shirt and will be totally disappointed if this happens to both, especially at this price.",Comfortable long-sleeved tee,,6.7307692308
0,34,2,18,3,75,62.5,62.5,12,23,20,6,11,9,2,2,12.5,540.94,48,HomeOwner,M,83000,60450,28OCT1997,Gold,5,"This vest is cute. the colors are as pictured, and the lace detail on the back is adorable. it is summery and versatile. however, it was really big on me. i usually wear and xs, but it just swallowed me. now i have to consider whether to exchange for an xs petite.",Cute,27,5.2083333333
0,43,2,18,3,125,63.35,54.15,14,26,26,6,12,10,6,2,14,638.89,52,Unknown,F,95000,81510,,Platinum,5,"This dress is more lovely in person than in the picture. the lace details show beautifully against its nude slip. i'm 5'1"" 130 #and regular size 2 fits perfectly and hits at my knees. it's a very flattering dressy-casual dress. it's a bit pricey for a cotton dress but worth it at the 20% retailer promo.",,,4.525
0,38,2,15,2,125,112.5,94.1,14,35,76,6,16,33,17,3,22.5,1125.59,150,HomeOwner,F,57000,158990,14FEB2004,Platinum,4,"This shirt is actually not as fitted as it looks on the model. the shirt actually flares out a bit and giving more room to large chested women, like myself. the arms and chest area are a tat small, but the non-fitted style accommodated that nicely. great color, great design with the butterflies and easy to wash. looks great with skinny bell bottoms or even jean shorts in the summer and some cowboy boots. very sexy.",Western shirt with a feminine flare,21,8.0357142857
0,0,1,26,3,125,112.5,79.05,11,33,64,5,16,25,16,3,20,1114.25,114,Unknown,M,67000,76180,,Platinum,4,I had high hopes for this top. i love the plaid and design but found it too boxy and short. the front was cut too low as well.,Too boxy,,10.227272727
0,37,2,20,3,75,70,55.85,12,30,46,6,14,18,6,2,13.5,554.03,93,HomeOwner,F,92000,65520,22DEC2001,Platinum,5,"Cute shirt, great for a lazy day off. i got an xs, but i thought this was a bit lose especially around the waist. the shirt is good quality, the material is heavier, great for spring/fall. it goes well with leggings and a jacket.",,23,5.8333333333
0,36,2,21,3,130,127.5,127.5,13,30,29,6,14,12,2,2,25.5,1755.63,57,HomeOwner,F,42000,81510,22DEC1994,Platinum,5,"This dress is really good quality and the beading is adorable. but, the sleeves combined with the maxi skirt made me look like i was a sister wife and not in a $250 dress. i still gave it four stars though, because i am having it hemmed to above the knee because i like the top part so much. i ordered the 00p, am 5'1 110 lbs and the waist fit perfect, the skirt was about three inches above my ankles. perhaps someone with a more boho style might find the length of the skirt cute but i just found i",Sister wife,30,9.8076923077
0,29,1,17,3,85,41.65,41.65,13,24,23,6,10,8,3,1,17,669.31,56,HomeOwner,M,121000,76570,09FEB1997,Platinum,5,"I love this unique piece. it is slightly over sized which is intended - cinches allow you to tighten the waist area/providing more definition. will look great with booties in the fall.. great boho dress.. the included slip runs small and short. however, if it's a piece you love, you could easily wear a different slip if you wanted something a little longer.",Love this boho dress,28,3.2038461538
0,46,1,24,5,125,125,70.3,12,31,73,6,14,31,16,3,25,1745.73,150,HomeOwner,F,75000,73320,28APR2006,Platinum,4,"After reading the other reviews, i had to write my own. i think this dress is adorable. it is a tunic and advertised as such. i think the drawcord and the way it is styled is really different and gives the dress some pop. i am 5'4"" so the length is good for me. i didn't have trouble with the arms as some did. the slip was a problem , too small, especially considering the dress is a tunic and fits as a tunic. the dress fits me as it does the model. with a pair of cute boots, this dress rocks.",Adorable,18,10.416666667
0,31,1,18,3,115,62.5,78,13,35,40,6,17,17,5,2,10,644.86,68,HomeOwner,F,68000,94250,10MAR1983,Platinum,5,"I really like the look of this jacket, but i think it runs small and i must return the one i received. i am debating about ordering the next size up because it is so cute. it can go with jeans or khakis and bright or white shirt underneath. it seems very versatile. will be a good transition piece between seasons. i also like that it is made in the usa.",Cute jacket but small,41,4.8076923077
0,35,1,19,3,100,100,100,12,23,21,6,11,9,2,1,20,832.62,48,Unknown,M,54000,79430,12JAN1998,Gold,5,"This dress has a nice soft fabric and pretty details in the stitching and there is a matching slip with adjustable straps that snaps onto the inside shoulders. i found the length in petite to be fine but the loose fit to be unflattering for me as a short person (5'1""). however, the photos here on the website with the model are quite accurate- you can see exactly how it fits loose through the waist. if that's what you are looking for, go for it, but personally i didn't find it to ""do anything"" fo",Nice quality but odd fit.,27,8.3333333333
0,34,1,19,3,125,128.35,88.55,13,33,66,6,17,26,14,2,27,1753.54,112,Unknown,M,60000,52780,01JUN1993,Platinum,4,I needed to size down to a small. it's very flowy. but the color palette and the open stitching around the neck and hem are really sophisticated and pretty.,Voluminous but lovely,31,9.8730769231
0,37,1,16,3,100,100,75,11,30,32,5,13,13,3,1,20,828.77,64,Unknown,F,70000,66040,,Platinum,5,"I love this top, very slimming and cool fabric. only problem it is very delicate and will snag, as a mater of fact mine arrived with a hole in the back. i'm returning for exchange as i love the way the top looks, but know i will have to be super careful not to snag the fabric.",Very delicate,,9.0909090909
0,41,1,23,3,100,90,75,12,34,38,6,17,17,6,2,20,708.14,69,Unknown,M,70000,73190,12DEC1998,Platinum,5,"Really cute version of a sweatshirt. fits true to size through the shoulders and bust line; however, since i am larger in the bust area than the hip, the lower half of the top looks slightly large on my body. the sweatshirt is cut very straight, so it would probably flatter a person with a pear or straight shape. the inside material of the sweatshirt is a little rough; however, the appliquÃ£Â© design makes this shirt a keeper.",Super cute,26,7.5
0,29,2,16,3,100,62.5,62.5,11,22,22,5,10,10,2,2,12.5,650.32,53,HomeOwner,F,83000,33800,02DEC1997,Platinum,5,"The design of this top is super cute and the material is decent. the only flaw is that despite buying the smallest size (xxsp), it's still very boxy on me. i wish it was more fitted at the waist which would make it much more flattering. however, since i am actually pregnant, this actually works to my advantage, for the time being.",Wish it was more fitted,27,5.6818181818
0,34,1,25,3,150,137.5,110.7,12,34,58,6,17,24,7,2,30,1741.84,100,Unknown,F,49000,40170,31OCT1995,Platinum,4,"This cardigan is super soft and comfy with nice big pockets and an easy feel. i am glad i read the other reviews before i bought it, though. i usually wear an xl (and they are often too small), but i ordered a large and even that one is a bit on the generous size. but i really like it a lot!",Really does run very large.,29,11.458333333
0,41,2,16,3,125,68.35,43.55,13,33,49,6,15,19,7,2,15,642.9,103,Unknown,U,116000,60970,25MAY2001,Platinum,4,"I thought this dress was beautiful and the quality is amazing. i thought it was going to be black and gold, but it has a lot of brown in it as well. i ordered a petite. i'm 5'61/2"" and the petite was just above my knees whereas the regular came below my knees. this is a dress i can wear to many events.",Beautiful,23,5.2576923077
0,17,2,18,3,75,50,50,12,26,23,6,13,11,3,2,7.5,483.42,52,HomeOwner,F,102000,91260,10DEC1988,Platinum,5,"I bought this blouse in the purple motif and love it for work. great design and print.based on the existing reviews, i sized down from my normal xs to an xxs and i actually wish that i would have stuck with the xs only because the blouse is tighter on my biceps than i would prefer, but i am keeping the blouse. i always appreciate this in other reviews, so hopefully it helps: i'm 5'2"", 117 lbs, and a small 32b.",Great work blouse,36,4.1666666667
1,17,2,18,3,125,92.5,75,13,33,56,6,16,23,9,2,18.5,614.06,98,HomeOwner,M,70000,91260,19FEB1992,Platinum,4,"I bought this is the orange/red motif and it is a beautiful print, although in person it is a more rich reddish color than the washed out model image. the entire shirt is sheer, so i will need to wear something under, but that doesn't bother me. i have a small chest (34a) and find that the front of the shirt is noticeably longer than the back, but that wouldn't be an issue if i was a little better endowed. this looks gorgeous with black pants and a blazer. not sure that it is worth full price, b",Super cute,32,7.1153846154
0,31,1,15,3,125,112.5,112.5,12,29,28,5,12,11,2,1,20,1110.78,57,Unknown,M,48000,49270,,Member,5,Great transition into fall for layering. easy breezy dress up or down-is thin so it does need a cami,Fall dots,,9.375
0,21,1,16,5,125,125,139.3,14,33,55,6,15,22,7,2,25,1750.08,91,Unknown,M,39000,92170,02MAY1995,Platinum,5,I've bought similar blouses from retailer before that i didn't love as much as this. it's not boxy or wide on me. it's a great length and i find the 3/4 bell sleeves to be elegant. i bought the purple one on sale and went back for the red/cream. my only complaint would be that the stitching could be of better quality. the fabric is very nice -- love the print.,"Lovely fabric, not boxy",29,8.9285714286
0,27,3,17,3,125,100,66.65,13,35,79,6,17,33,21,3,20,1122.81,140,Unknown,M,79000,71500,22MAY1994,Platinum,4,"I bought this dress because it looked sooo comfy. and it is! the fabric feels nice and it fits loose without feeling like a burlap sack. it's perfect for running around town for errands. i actually didn't think my boyfriend would like it because he generally likes more form-fitting pieces (yes, big surprise) but he actually commented out of the blue that it's really sexy. comfy *and* sexy?! score!","Comfy, cute and... sexy?!",30,7.6923076923
0,32,2,17,3,75,75,75,13,25,23,6,12,10,2,2,15,699.98,47,HomeOwner,M,70000,77610,06DEC1993,Gold,5,I love this shirt because it's casual yet fun! the first time i wore it i received several compliments because of the fun tassels.,Great casual shirt,31,5.7692307692
0,27,1,17,3,125,75,55,13,31,31,6,13,13,3,2,25,958.09,62,HomeOwner,M,94000,65520,,Platinum,5,"This dress is my first retailer purchase in several years. i saw it in the window and had to try it on! i'm quite small, usually a size 0, 2 at most, and 34b at the top. i had to size up to a 4 in this dress for it to zip up and be moderately comfortable.i love the 50s vibe of the volume at the bottom. the cotton is nice - glad to see retailer go back to offering natural fabrics!very pretty color, and print.",Beautiful but runs tiny,,5.7692307692
1,27,5,21,1,125,101.65,81.65,13,33,63,6,17,25,12,3,20.4,653.47,115,HomeOwner,M,65000,57460,13MAR2002,Platinum,4,"The dress is  very feminine and very flirty. i love orange/melon-colored dresses. this one does not disappoint. it does run extremely small around the rib cage. i had to size up to a 6 when i typically wear a 2 or 4. my bra size is 32 b. nice quality fabric, lined, with built-in bustier.",,22,7.8192307692
0,36,2,17,3,75,62.5,51.65,14,21,20,6,10,8,3,2,12.5,545.99,45,Unknown,M,99000,69680,14FEB2001,Gold,5,"Beautiful fit, love the style!  fabric somewhat thin, but didn't bother me. thought a little expensive however, but i'm keeping!",What i expected,24,4.4642857143
0,30,3,21,3,125,125,64.4,13,33,57,6,16,22,8,2,25,1751.88,115,Unknown,F,81000,86060,04JUN2000,Platinum,4,"I like the pattern on this shirt and the fit over all is pretty good. i wasn't sure if i liked the sleeves as they are very angled, much more so than i expected. still, the shirt is nice enough that i'm keeping it.",Nice t-shirt but odd sleeves,24,9.6153846154
0,34,1,18,5,500,500,146,15,32,59,6,14,23,5,2,100,8637.42,117,Unknown,M,37000,186160,14MAR1987,Platinum,4,"The print on this dress harkens to the old days of retailer. if you miss the fun prints and whimsical styles, playful textures, and conversational pieces - this dress is for you! at 5'7"", 34c, 27-28 waist, i bought the size 4. runs tts. site claims it's a fit and flare but i think it's more of a sheath cut. the thicker canvas like material has stretch but gives good form. i wear mine as a jumper/pinafore with a white shirt sleeve blouse. my only complaint is that - as a dress - the arm holes are a",We need more vintage retailer style.,37,33.333333333
0,32,2,18,3,100,50,66.65,13,25,26,6,12,11,3,2,10,660.79,53,Unknown,F,79000,31720,29NOV1992,Platinum,5,"Cute skirt and print, but high waisted. also was more snug so think it runs a tad small. i wanted to tuck in a shirt like shown in picture, but it looks goofy because the waist is so high. also there is no flexibility there so size up if you want to wear it lower. the model's arms are covering her waist so hard to tell what proportion looks like on her. i'm 5'4 so might work better on a taller person. sending back.",High waist and seemed to run small on me,32,3.8461538462
0,29,1,23,5,150,150,70,12,30,34,6,13,13,3,1,30,1743.18,76,HomeOwner,M,75000,69810,23MAY1978,Platinum,5,Fits great and super flattering,Perfect fit,46,12.5
0,31,1,20,3,125,87.5,87.5,13,28,25,6,13,11,2,1,10,948.99,55,HomeOwner,M,61000,39000,12FEB1989,Platinum,5,"The fox print is super cute and the reason i ordered the skirt.  sizing was true to me, i'm usually an 8 and the 8 fit fine.  the waist is high and if you try to wear it low the side zipper puckers  out in a weird way.  skirt length is above knee (i'm 5' 6"").  skirt is lined but the lining is dark brown/black same as the waist band in the photo of the model wearing it.  the lining does not show at the hem, it's concealed.  overall a fun a-line swingy skirt for late summer that will go into fall",Foxy print,36,6.7307692308
0,30,1,18,3,75,61.65,53.35,12,33,35,6,16,15,6,2,10,500.38,65,Unknown,F,96000,59800,03AUG2005,Platinum,5,"I am normally an xs or s in tanks, so ordered the size 6. looks pretty much on me as in the pic. love that it's a cotton denim but it doesn't have any stretch. love the look & the fabric, but the neck area feels slightly restrictive in the front & i think it wld creep up & pull on me when wearing. fabric is slightly stiff & the flared bottom just sticks out. armholes do cover the bra & length hits at the top of the hips on me. going to return the 6, but will try the 8 if the local store has it.",A really cute top,19,5.1375
0,36,1,18,5,125,125,90.65,13,32,61,6,15,26,8,2,25,1750.09,127,HomeOwner,M,59000,25090,06DEC1950,Platinum,4,"This is such a lovely top, but so very big and billowy. makes me wish i were taller, then i think it could work. there is just too much extra fabric all around. so sad because it seems well made, and is very beautiful. too bad it doesn't come in petites or even an xxs. even with my hips, it was just too much.",,74,9.6153846154
0,27,2,19,3,125,75,75,13,27,25,6,12,10,2,2,15,967.05,57,HomeOwner,F,70000,34580,12MAY2001,Platinum,5,"These are extremely soft but do run about one size too big with one exception; the opening to pull your feet through that bag nicely around your ankles is soooooo small that you have to work to pull the heel of your foot out. for me, these are dual duty pants; casual wear like to the grocery store or coffee shop trip and second as great soft pj bottoms. though the ankles are small, they do not feel tight at all because the fabric is really that soft. they work well with both my sneakers and clas",Soft but,23,5.7692307692
0,26,1,18,3,75,75,55.55,13,35,55,6,17,22,9,2,15,707.03,92,Unknown,F,93000,57590,25JUN1997,Platinum,5,"Love the fit and style of this maxi. have gotten many compliments! however, my toddler grabbed the dress when she was falling over and it pulled a bunch of threads out and made the fabric look puckered and worn in that spot!!! for a toddler to do that makes me feel like the quality isn't amazing. also, the waist part itches me.",Love but fabric easily pulled,27,5.7692307692
0,33,2,21,3,75,70,62.5,12,27,32,5,12,12,4,2,14,539.7,65,HomeOwner,F,83000,43290,30DEC1993,Platinum,5,"The texture, mixed yarn, and beading make for a lovely variation on the fairisle. as other reviewers have said, the length is not as long as it appears in the picture. the color is a very dark navy, almost black. the neck opening is larger than a standard crew sweater but lays mostly flat. the overall look is boxy. i'm 5'7 and normally wear a medium in retailer sweaters. i changed to a large so it would be longer and have a roomy drapy feel.",Cozy fairisle with visual interest,31,5.8333333333
0,26,1,15,3,125,100,76,13,35,50,6,17,20,5,2,15,1119.29,101,Unknown,F,69000,43680,16DEC1985,Member,5,"I really love the look of this sweater and it seems to be of great quality. i will say the fit is a bit odd. the sweater is on the short side but is very roomy through the neck and shoulders. i ordered a small (5'6""; 120lbs) and would change for an xs but i'm afraid it would be cropped. i'm keeping it but wish it had a more uniform fit.really beautify workmanship though.",Beautiful sweater,39,7.6923076923
0,41,1,18,3,125,120,62.7,13,34,67,6,17,33,13,3,23,1125.44,136,HomeOwner,F,83000,77220,11JAN2005,Platinum,4,"Really like the style/aesthetics of the top. it is very unique, and works with a variety of pants. the only downsides are that it flares out a bit more than it appears on the model, and it arrived somewhat wrinkled. i am 5' 6"" 125 pounds and i got a size 4. looking forward to wearing this a lot in the fall.",,20,9.2307692308
0,29,2,16,3,75,50,50,14,22,19,6,10,8,2,2,10,487.5,45,HomeOwner,M,102000,39390,01DEC1993,Gold,5,"I did like the dress, but don't love it. i think it would have been better for me if it were snugger. the xxs petite was still loose and i found that there are so many dresses with the similar fit, i decided to pass... i also do like both colors, the brown is a better choice for me on my skin tone (warmer), but both are nice. i am 115 lbs, 30dd, 26.5 in waist.",Fun everyday dress,31,3.5714285714
0,22,3,16,2,135,121.25,85.7,14,32,50,6,14,19,7,2,25.67,1741.18,98,Unknown,M,62000,42900,,Platinum,4,"I am not one to complain about things being cut too big as i generally don't mind lose and flowing. however, this dress is very ""bell"" shaped and the fabric is just thick enough that it doesn't really lay well, at least not like it does in the photo. i bought the earth-tone color way and i felt like i was wearing a macrame version of the liberty bell. it is also a lot shorter than i was expecting. if it weren't so short, i would try sizing down. it is very good quality and the slip is super soft","Pretty, but very big",,8.6607142857
0,33,1,19,3,100,95,82.15,13,35,60,6,17,24,7,2,20,698.83,103,Unknown,F,65000,65520,16NOV2004,Platinum,5,"Very nice basic tee shirt, soft and comfortable, well cut.",,20,7.3076923077
0,35,1,16,3,100,75,75,12,25,23,5,11,10,2,1,20,698.97,52,Unknown,M,70000,49790,,Platinum,5,"I saw this dress in the store, there are actually two different colors for this dress: one is blue/purple/silver, the other one is orange/tan/gold. both of them look very nice in person, especially with the shimmery thread. i tried on the blue/purple/silver one and i found it runs large. for reference, i am 5'2"", 34b, 120 lbs, usually wearing a size s or sp in retailer dresses, i found size xs fits me better in this design. the material of this dress drapes nicely, but it is kind of itchy,",Very pretty on,,6.25
0,19,2,15,3,100,108.35,108.35,15,29,28,6,13,11,3,2,22.5,825.8,55,Unknown,M,50000,61750,14JAN1990,Platinum,5,"I tried these on as i needed bottoms to try on some tops (and i was wearing a dress), but ended up liking them. the fit is snug but comfortable, they didn't ride up and the denim is supple. color is nice too, looked really nice with a swing tank that i half tucked. i have muscular thighs, so shorts are not an easy thing for me... anyway, recommend (tried on 25: 115 lbs, 26-27 inch waist)",Pricey for shorts but like,35,7.2233333333
0,31,1,17,5,75,75,44,12,28,39,6,13,16,5,2,15,781.89,81,Unknown,M,115000,47970,28FEB1994,Platinum,5,"I am 5'0"" tall and i have decent legs. these shorts are pretty short! i am sending them back for a small to see if they'll give a little more coverage. i should mention that they are absolutely darling and i bought the top that is shown with them. it's going to be a great little summer outfit. the quality of this brand is always very good.",Short shorts!,30,6.25
0,32,2,18,2,75,81.25,73.75,13,33,64,6,17,26,12,2,17.5,591.17,115,Unknown,M,71000,161200,,Platinum,5,"Wow, i wish this would have worked for me. the pom details are truly adorable and give the sweater that extra added touch. i agree with the other reviewer that the ""crop"" style is almost too much and gives an awkward fit. i am short, 5'2"" so it cut me off in the wrong area (i bought a petite xs). the material is delicate but that is part of the charm so i didn't have a problem with that at al. my problem was the fit-- a bit too boxy for my build. wish it would have worked but i'll have to admire",Adorable pom details,,6.25
0,22,1,26,3,125,112.5,72.15,11,31,59,5,15,25,7,2,20,1112.5,129,Unknown,F,73000,74880,07JUL2004,Platinum,4,"This is a very nice blouse. usually i am size 12-14, bought size l and it fits very well. would not size up. the fit is very forgiving (hides tummy); i like the v-neck. fabric does not look like polyester and of good quality. the blouse is versatile, looks good with skinny dark or white jeans. recommend!",Pretty blouse,20,10.227272727
0,34,2,19,3,75,60,52.15,13,34,44,6,16,17,7,2,10.5,488.2,76,Unknown,F,98000,26130,,Platinum,5,"I would give this top a 4.5. it is a very pretty top, i love the embroidery, but runs a little short for my taste. it still meets past the top of my pants, but barely. this is why i didn't give this top a 5. i am 5'9"" so i think for a petite person the length would be perfect.",Nice top,,4.6153846154
0,32,1,16,3,75,75,75,11,18,16,5,8,7,2,1,15,698.47,46,Unknown,F,70000,108290,27DEC1985,Gold,5,"This shirt is much more flattering in person. if i hadn't seen it in store, i don't think it would have caught my eye. i like the mix of casual and dressy this top has (i got it specifically for teaching). the one thing i noticed, however, was that the first xs i tried on looked very big on me. i tried a second on and the fit was much more flattering! i highly recommend that you try on the specific blouse you plan to purchase before you actually buy it. i'm glad i tried a second on, because i th","Pretty, but try on before you buy!",39,6.8181818182
0,27,2,21,2,250,196,108.25,14,36,83,6,17,34,26,3,38.5,1738.92,149,HomeOwner,F,50000,110110,26JAN1992,Platinum,4,"The fabric of these pants isn't like regular denim, rather it's soft and velvety in texture more like a chino. i love the dark saturated olive green. the pocket placement is very flattering on the rear. normally i wear a size 31 in premium denim and size 30 in paige jimmy jimmy jeans, however in this particular pair i needed a size 29. i definitely recommend sizing down!","Good green, runs big",33,14
0,31,2,15,3,90,88.35,65.85,13,33,38,6,16,15,6,2,17.5,710.75,65,Unknown,M,79000,42640,12JUN2001,Platinum,5,"This is a really nice fitting sweater knit skirt. the knit is soft and comfortable, heavy enough to smooth out some bumps but definitely shows your curves. i got medium and it's a little snug at the waist (i'm about 29-1/2"") but not so much to return it, and it fits the rest of me great. the only thing i wish was that they'd made the slip full length, it only goes about mid-thigh and sometimes when i get up the slip stays up while the skirt falls right, but not a big negative.",Really nice sweater skirt,23,6.7961538462
0,30,3,19,3,80,73.35,73.35,12,28,26,6,13,11,3,2,14.67,651.49,57,Unknown,M,72000,40690,19FEB2004,Platinum,5,"I thought this was love at first sight. the color and design are both stunning. and it drapes just perfectly over the body without looking like a tent. and the fabric feels nice, but the very first time i put it on, it snagged on my fingernail (and my nails are kept short and neat). this wouldn't have been a problem, except that the snag is very obvious. this material seems like it's going to snag on every single thing. i didn't dare even try on a necklace for this reason. i'm really undecided o",Undecided on this one,20,6.1125
0,33,1,17,3,100,85,73.35,13,30,35,6,13,13,3,1,20,709.13,68,HomeOwner,F,72000,88920,10DEC1984,Platinum,5,"I bought this top in both colors. the fit is perfect, the styling is very cute and it also is very comfortable!!the only bad thing is that it snags on my jewelry !! :(. if it weren't for that i would rate it a 5!!",Really cute top!,40,6.5384615385
0,32,1,18,3,125,112.5,51.25,14,34,67,6,15,27,12,3,20,1123.71,149,HomeOwner,M,100000,51740,23JAN1997,Platinum,4,I got this dress in neutral motif. looks very cute and the size is perfect.,Cute dress,28,8.0357142857
1,29,2,20,3,80,60,60,13,29,28,6,13,11,3,2,13,518.74,56,Unknown,F,87000,113490,13JUL1995,Platinum,5,"Very pretty and soft, love this designer. be warned it definitely runs large. it's supposed to be loose-fitting, but i ordered my normal size and it looked as though i was wearing my husband's shirt.",,29,4.6153846154
0,32,1,17,5,75,75,49.15,13,31,37,6,15,15,6,2,15,781.25,69,HomeOwner,F,104000,141050,22APR1951,Platinum,5,"Based on the other reviews, i ordered a l and xl even though i would normally order a m. the l fits like a slightly fitted m without being too tight; the xl, of course, is a little larger, but not like a typical xl, certainly not sloppy-looking or oversized. the material is soft and the dark blue is lovely. i will be keeping both sizes. i would most likely not have been happy with a m.",Not tts,73,5.7692307692
1,30,1,22,5,100,100,75,12,24,22,5,11,9,2,1,20,1011.56,51,HomeOwner,M,70000,62530,26OCT1995,Gold,5,"Tried this on in the store, very soft and hangs well, better on, than the hanger. needless to say i bought it!",Comfy dress,29,8.3333333333
0,48,2,23,3,150,125,125,13,27,25,6,13,11,2,2,25,1742.14,53,HomeOwner,M,43000,58500,04JAN1986,Platinum,5,"This is a really cute top. yes, it is dry clean only but i plan on hand washing it. one negative is that it is extremely short in length. i'm 5 feet tall and this top barely goes past my bellybutton. it's extremely soft though and definitely different.",Cute top,39,9.6153846154
0,31,2,22,2,75,62.5,62.5,12,31,29,6,15,13,4,2,14,502.2,56,Unknown,M,83000,41340,20MAR1979,Platinum,5,"Tried this dress on in the store and could barely button at my chest but the waist and length were perfect. ordered a size up and two sizes up online. went with the two sizes up because it did not pull as bad across the chest, though now it's a bit ""blousey"" around the waste. fabric is a little thin. similar to other reviews the slip is a little weird/wonky. i'm keeping it because i like the idea of the dress but i'm not sure about the lifespan with how gauzy the material is.",Better for smaller chest,45,5.2083333333
0,31,1,19,3,80,65,65,12,23,21,6,11,9,2,1,10,636.64,48,HomeOwner,F,80000,66690,20NOV1976,Gold,5,"This is very cute and well-made, but unfortunately for my coloring and hair, washed me out a bit. the attention to detail is fabulous and it is a great layering piece for spring. tts but definitely longer as is shown in picture on model.",Cute!,48,5.4166666667
0,25,2,16,3,75,87.5,60,14,33,35,6,14,13,5,2,17.5,708.29,64,HomeOwner,F,87000,77350,11DEC1988,Platinum,5,"The lace detail adds a nice spin to an otherwise plain tank. looks great under a cardi, jacket, sweater coat... for the most part it fits true to size. it's not as fitted as i hope it would be. at 5'1"", 115lbs, i got my usual xsp. my biggest gripe is the very deep v-neck--its shows my bra. eek. it's like the strap could be shortened to help remedy it but then it may leave the arm hole too small or bring it too high up. perhaps it may shrink in the wash or i just need to get bigger boobs. maybe t",Deep 'v',36,6.25
0,32,1,19,3,100,75,55,12,28,27,6,13,12,3,2,10,713.9,66,HomeOwner,F,94000,52780,22NOV1997,Platinum,5,"When i first saw this dress, it honestly didn't catch my eye, but as i kept seeing it in on the catalog and other places on pinterest, i realized how unique this dress is. i looked at the reviews and was surprised at how negative the comments were- i'm the type of lady who gets stuck on something and won't get off of it until i try it for myself. so, i ordered it on sale and i love it! it isn't flannel material, and so i wasn't expecting this to be a dress that would keep me warm by itself- but",Underestimated,27,6.25
0,47,3,15,2,50,43.75,43.75,13,25,23,5,10,9,4,2,8.33,313.99,52,Unknown,F,115000,77480,,Platinum,3,"I purchased the blue stripes and the black cat prints on sale and i'm very pleased. they each fit me a little differently as the black cats fit tighter through the arms, the stripes remain a bit looser throughout. no complaints here! i like the variation. i ordered a size small as i'm normally a size small (36c, 135 lbs, 5'2"").",Perfect every day top for work or play,,3.3653846154
0,49,1,17,3,55,55,30.65,8,22,56,4,11,23,16,3,11,400.32,131,HomeOwner,U,158000,115050,,Platinum,2,"My new favorite sweater for layering!! perfect color, length and fit. i am 5""4, 125 and purchased my usual small. if you're on the fence about this one i say try it on it's totally worth it!",Love it!!!,,6.875
0,55,2,16,3,95,90,61.65,14,30,52,6,13,24,12,3,18,708.75,125,HomeOwner,F,84000,111800,25APR1996,Platinum,3,"So, i'm really surprised that reviewers said the fit was too small and too tight in the arms. i'm 5'7"" and 183lbs and my husband (god bless his soul) bought me an 8 for my birthday. i tried it on just to see and was pretty impressed i could button it across my chest and get it over my arms as those are common problem areas for me. regardless i need to exchange the shirt for a larger size because even though i got it on its not how is supposed to look. the shirt is loose around the midsection whi",No problems w fit.,28,6.4285714286
0,42,3,18,2,50,37.5,37.5,13,28,26,6,13,11,4,2,6.67,321.55,57,HomeOwner,F,132000,89180,26JAN2006,Platinum,3,"Beautiful angel of the north sweater! tts, lovely color and a staple classic.",Classic sweater,19,2.8846153846
0,44,2,17,3,50,75,75,13,20,18,6,10,8,2,2,15,704.85,44,Unknown,F,70000,98150,,Gold,3,"Great blouse for curvy women. i'm always an xl in retailer tops, and even then sometimes the xls can be too tight to keep. however, i was so happily surprised with this blouse. the arms are usually an issue for me, but the arms in the blouse are perfect and loose in the bicep area. this blouse fits beautifully and is really high quality. the blouse lays nicely everywhere. i plan to wear it with a pair of gray pants so the lace cut out at the bottom shows up more. the lace is heavy duty and doesn't",Really interesting blouse; very happy w/ purchase,,5.7692307692
0,44,1,19,2,50,46.25,46.25,12,28,29,6,13,11,4,1,10,324.68,56,HomeOwner,M,110000,53950,28NOV2003,Platinum,3,"Great sweater, beautiful detail, warm and cozy. i will wear this well into spring because it's a nice weight for cool spring evenings. the knit pattern is beautiful and will be great for casual wear and dressy occasions as well.",Like wearing a hug,21,3.8541666667
1,50,2,15,2,35,33.75,33.75,11,26,25,5,11,10,4,2,7.5,235.34,56,HomeOwner,F,145000,77090,25NOV2001,Platinum,2,The straps are long but work ok for me. the material is very soft and the color (pink) is very nice. this is a tank you can wear under almost anything as the soft silky fabric will allow whatever you wear to glide right over it....no sticking!,Very soft,23,3.0681818182
0,50,1,16,3,50,52.5,43.05,8,23,64,3,9,26,18,3,11,384.39,143,Unknown,F,117000,94770,06JUN1997,Platinum,2,I bought this shirt in the black cat print. the material is very soft and it has a nice drape. i wear a size 32dd and worried that the size zero may be too small across the bust but it fits perfectly. i am 5 feet tall with a petite frame. the front of the shirt falls a few inches below my waistline and the back of the shirt is longer and provides plenty of coverage so it can be worn with skinny jeans. i can also wear this to work with a pair of slacks and it looks nice. i would actually love to,Cute shirt!,27,6.5625
1,50,2,18,2,35,33.75,30,13,28,29,6,13,12,5,2,7.5,251.39,65,Unknown,M,161000,77090,,Platinum,2,"I am somewhat of a perennial sale-only retailer purchaser (often even when a promo code, i don't buy full price! lol!). when i saw this top i decided it was worth it. i got the penguin print - my 2-year-old squealed when she saw me pull it out of the box! thanks, retailer, for your woodland-inspired prints that enamor my little one.maeve tends to run big, so i went with the 00. in my opinion, it fits true to size. i probably would have liked it just a little bigger, maybe the 0 would have been bes","Cute, quirky prints and comfortable!",,2.5961538462
0,46,2,19,3,55,51.65,36.65,7,20,51,4,11,25,12,2,10,398.59,113,HomeOwner,M,135000,91650,17OCT2000,Platinum,2,I love these so very much! by far my favorite addition to my wardrobe this summer. i find they are the first thing i grab because i feel wonderful in them. they fit perfect even with a large bust which i was afraid i would not be able to pull off....but very tastefully do. i highly recommend these and i plan to wear them into the fall with boots and long sleeve t-shirt. worth every penny. if your size is available grab them...you will be happy you did.,Favorite summer piece!,24,7.3785714286
0,47,1,18,2,50,57.5,57.5,12,29,27,6,14,12,4,1,16,381.22,56,HomeOwner,F,90000,180050,10APR2006,Platinum,3,"I had my eye on the skier blouse for awhile before i gave in to the purchase. love it for fit and graphics - those happy little skiers! i think many reviewers here don't realize this blouse has the cut of a swing style. it's not meant to be tailored for tucking in. if you want to tuck it you'll be wearing a high-waisted skirt or pant, cute also ;-)rayon fabric is a good choice for the style being heavier than cotton and having a better drape over the chest. the sloping longer hemline toward the",Thumbs up for the downhill skier blouse,18,4.7916666667
0,40,0,26,3,85,80,48.75,10,31,56,5,5,22,8,2,,716.87,111,HomeOwner,M,105000,118300,15MAY2003,Platinum,3,Such a cute top! i got the black with tiny car faces on it. absolutely adore it.,,21,8
0,33,0,26,5,100,100,75,11,24,23,4,4,8,2,0,,1120.73,55,Unknown,M,70000,140010,12APR1999,Platinum,,"I purchased the gray motif with the bright flower design. i have owned many blouses in my lifetime, but i must say this is one of the best fitting and most attractive of most any i have ever owned. it falls just right on my body and is smooth and luxurious with a silky feel. the cuffs fall on my wrists just perfectly. the color is just right for my fair skin and light hair. this was my first order from you and if this is any indication of the quality and fit i will receive i'll do a lot more ord",Best thing i've bought myself in a long time!,25,9.0909090909
0,30,0,16,3,250,187.5,187.5,12,25,22,5,5,10,2,0,,1748.85,51,HomeOwner,M,29000,81640,26DEC2004,Gold,,Super comfortable..great layering piece or by itself...got lots of compliments at work.,Fun at work,20,15.625
0,40,2,18,2,40,37.5,37.5,12,25,23,6,12,10,4,2,7.5,282.72,53,HomeOwner,F,132000,111800,13APR1996,Platinum,3,"I love this shirt, very comfortable and has a nice drape. i originally bought the size i normally wear but found it to be a little tight across my chest, so i returned for the next size up.very well made and not sheer so did not have to wear a tank underneath.",Conversationalist button-down with cats,28,3.125
0,36,2,24,3,75,62.5,38.45,9,25,55,4,10,21,13,3,12.5,536.88,120,HomeOwner,F,129000,136370,,Platinum,3,I'm so glad i tried this dress on to see how lovely it is. definitely a keeper!,,,6.9444444444
0,36,3,15,2,50,73,45.35,12,28,49,5,14,21,15,3,14.67,409.54,134,Unknown,M,112000,72020,21MAR2007,Platinum,2,"I am in love with this top. it is so feminine and cute. i wear it with skinny jeans and tall boots and feel so pretty!! i got the cream color. i wish there were more solid colors. i usually wear a medium, which is what i ordered, and i love how it fits. i like flowy tops so it is perfect. please make solid colors!!!",So cute!,17,6.0833333333
0,44,0,26,5,85,85,47.5,10,31,68,5,5,31,12,3,,1091.31,154,HomeOwner,F,107000,60710,,Platinum,3,"What a wonderful find! yes, it runs big. .. and beautiful! love the quality, and design. very light and airy. this is great for me because i'm not short & i am busty & i love tunics. this item can be dressed up or played down with class. the lining is a perfect complement to the tunic as well and fits nice with the garment. i am usually to busy to write a review, but i felt obligated on this item. five stars!",Awesome!,,8.5
0,45,1,15,3,50,50,38.15,15,33,45,6,13,16,8,2,10,386.29,89,Unknown,F,130000,91000,10MAY2005,Platinum,3,Just got this shirt in the mail and i am absolutely in love! i paired it with jeans and brown boots and got so many compliments. the shirt is light and flowy. it very flattering for any body shape.,So silky soft and lightweight,19,3.3333333333
0,38,0,26,3,100,100,83.35,10,27,27,5,5,11,3,0,,828.75,56,Unknown,M,64000,118820,12APR1999,Platinum,,The dress runs big you should size down. i find the weight to be great for mild winter weather. the length was longer than i expected based on previous reviews.,,25,10
0,47,0,18,3,100,100,64.6,13,34,74,6,6,32,12,3,,829.26,137,HomeOwner,M,81000,85280,05JUN1991,Platinum,3,"Very cute top, just as pictured, nice soft material, color is bright and true to size. wore it to work today on casual friday and received many compliments. highly recommend!","Very nice, just as pictured",33,7.6923076923
0,32,1,21,5,90,90,66.1,8,22,43,4,11,14,9,2,18,1094.59,130,Unknown,U,79000,89570,05APR2005,Platinum,3,I love this top and it's so pretty in person.  knew it would be full but was hoping it wouldn't be too big.  it's perfect and looks good with jeans.,Love love,19,11.25
0,47,3,17,2,25,31.25,31.25,12,25,24,6,12,10,4,2,5,222.6,54,HomeOwner,F,155000,106080,21APR2006,Platinum,2,"Comfortable, cool-perfect summer tank. ordered  one for my daughter(small), had to get myself one too(medium)-both tts. great for errand runs, around house, lounging, sleeping. seems better made than more expensive tops ordered as of late. good job retailer",Cuteandcomfy,18,2.6041666667
0,44,0,18,5,50,120,47.1,12,32,65,5,5,26,12,3,,1106.54,125,Unknown,M,108000,210340,,Platinum,2,I love these pants and wear them all the time. i wish they hadn't been discontinued,Why did you discontinue these?,,10
0,52,0,18,3,80,75,51.45,13,30,45,6,6,23,7,2,,708.47,117,Unknown,F,100000,101140,02JUL2000,Platinum,3,"I don't usually spend this much on a top but despite the high price, i really love the style. i like that it's made out of cotton and it can be worn down on the shoulders or left up. looks cute both ways. i ordered the xs which is usually my size. it fits perfectly. i imagine the s would have fit also. it hits just at the hips. i have a long torso so i would have liked it a bit longer, but it's not a deal breaker. my one splurge this summer.for reference 123 lbs, 5'5', 32 d.",Pretty,24,5.7692307692
0,54,2,15,3,50,50,50,11,21,20,5,9,8,3,2,10,399.22,48,Unknown,F,102000,245310,,Gold,3,"Love the aqua print, which looks vaguely japanese to me. the quality is good, but unlike the other reviewer, i had to size up. my usual size x small was too tight. wish there were more colors.",Great aqua print,,4.5454545455
0,42,2,19,3,75,75,70,12,28,48,4,11,18,5,2,15,701.92,116,HomeOwner,F,75000,134160,15OCT1987,Platinum,3,Love this white jean jacket! love the stretchy fit.,Perfect white jean jacket,37,6.25
0,39,2,20,3,70,55,37.3,12,32,60,5,14,21,13,2,11.5,487.16,104,HomeOwner,M,133000,92950,15OCT1989,Platinum,2,"I ordered the purple in size xl. the fit on me matches the model so i think it's true to size. i wouldn't say there's much purple to this print. i can't really find any. the areas where the blue/red overlap just look navy. the photos show how it really looks. it's a great mix of light brown, peach, white, red and different shades of blue. there will be variations because of pattern placement. i love this style--it's very comfortable.","Xl fits great, color description is a bit off",35,4.5833333333
0,39,2,15,3,25,33.35,33.35,11,18,17,5,8,7,3,2,7.5,300.92,45,HomeOwner,F,147000,48750,12DEC1997,Gold,2,This top is simply amazing! it's a statement top everyone should own! the green is so rich and full of life! and the floral pattern is just beautiful!! i got so many compliments on it and i felt like a million bucks! confident and trendy! love love looovvveee this top!,So in-love!,27,3.0318181818
0,23,2,26,3,75,62.5,46.25,10,29,40,4,12,14,4,2,12.5,546.01,80,Unknown,F,110000,56810,,Platinum,3,Got the green one,Absolutely beautiful,,6.25
0,38,4,16,2,100,60,58.35,14,28,27,6,12,10,6,2,12.5,384.65,55,HomeOwner,M,89000,76700,30JUN2002,Platinum,3,"I love wearing this blouse with jeans and my cute sneakers. this blouse is frilly and flirty. it has three quarter sleeves that have one cute fabric covered buttons that match the button front closure. i am 5ft 1 inch, pear shaped, and my bust line is 36 c. i ordered an xs and small regular. i ended up with the small regular, and it fits nicely and i get loads of compliments when i wear it. it's made very well and the plaid pattern is random. i wear a cute boxy sweater over it when its chilly, a","Flirty, frilly and fun.",22,4.2857142857
0,33,1,18,3,50,50,41.3,12,31,78,5,13,32,21,3,10,391.29,153,HomeOwner,F,121000,87880,16MAY1987,Platinum,2,"I stumbled upon this as a return to our store. at first, i was a little put off by the change in stitching to add support and shape. but once you put it on, it's perfect. it's very flattering and very comfortable. there are snaps in the crotch, but i wore it for a full day (8+ hours) and had no discomfort. if there were more colors, i'd buy them all lol.",Immediate favorite/ instant staple,37,4.1666666667
0,38,0,25,3,125,87.5,62.5,12,33,36,6,6,15,4,0,,966.42,67,HomeOwner,U,83000,59670,,Platinum,,"A lovely, soft material with a subtle aqua pattern. i'm very fussy about seams that fit my waist, and this one fit perfectly.",Perfect,,7.2916666667
0,26,1,17,3,50,45,27,14,28,70,6,13,30,21,3,7,351.67,150,HomeOwner,M,176000,87100,,Platinum,2,Classic tank with the perfect fit!soft aqua perfect for summer.fit is very true to size!,Beautiful basic for summer,,3.2142857143
0,27,0,18,5,100,100,63.5,10,25,64,4,4,26,10,3,,1113.93,148,Unknown,M,82000,70070,13MAR1997,Platinum,3,"Loved this pilcro denim jacket. slight stretch, well-constructed white denim with yellow-gold stitching. it is short and very nice fitting-versatile! runs tts. i am 5'5"" 142 lbs 34d and small fit perfectly. i really like it and am not put off at all with thread color. actually gives it some character. mine did have a pen mark on the back but as usual retailer's great customer service provided a solution.",Thumbs way up!,27,10
0,35,2,21,3,100,75,50.85,13,30,55,6,14,20,6,2,15,707.19,105,Unknown,U,101000,137150,21JUN2004,Platinum,3,"I got the purple motif and loved the colors and the feel of the fabric. i am 5'6"" and 107lbs., 32d. the small was too big and there were no xs or xxs.",Loved the colors!,20,5.7692307692
0,25,3,15,3,50,70,52.15,15,31,48,6,13,17,7,2,14,550.43,87,Unknown,F,98000,58110,17MAR1994,Platinum,2,"I am 5'7"" and 36a cup. i tried on the small and it fits perfectly. i can see how if i was bustier it could be a problem. it looks better in person, dressy enough for the office but comfortable fabric and nicely shaped. i love this with jeans and can't wait to wear it to work!",Nice flow top,30,4.6666666667
0,29,0,20,5,50,50,49.25,11,29,76,4,4,29,20,3,,516.41,154,HomeOwner,M,104000,67470,,Platinum,2,"Fun, flowy top! maybe be a little snug across the top for larger chested girls but this flares out into a light and airy dream to wear!",Light and comfy,,4.5454545455
0,30,1,18,3,50,51.65,45,13,26,25,6,11,9,4,1,11,385.37,55,HomeOwner,F,113000,46540,,Platinum,3,I love this shirt! it was a great price and very high quality. it has different material stitched in the inside,,,3.9730769231
0,35,2,22,3,90,70,64,12,29,48,6,14,17,5,2,16,643.13,87,Unknown,F,82000,69030,,Platinum,3,This sweater is a nice addition to a fall or spring wardrobe. it must be layered as it is sheer. i read a review about snagging but i have not had this issue as of yet.,Comfortable and casual,,5.8333333333
0,34,4,15,2,50,41.25,41.25,11,25,26,5,11,10,4,2,8.25,324.16,56,Unknown,F,122000,128700,21JUL2002,Platinum,2,This bodysuit will be a staple for me this winter. i wear it own its own and under just about everything. i just ordered another one!,Winter staple,22,3.75
0,37,1,17,3,75,50,50,15,34,55,6,14,21,7,2,10,485.71,114,HomeOwner,M,102000,51090,12FEB2003,Platinum,3,"This dress is extremely comfortable and flattering. it has a forgiving a line shape to it for women like me who are pear shaped. the top of the dress is made of a heavy type of cotton material and the bottom tiers are made of a silky material that hangs beautifully! even the tie closure in the back of the dress adds a lovely touch to the dress. i would recommend wearing it with leggings ( as shown with the model) or black tights. the fit is true to size. i am 5'6"" and the length is a liittle low",Very flattering!!,22,3.3333333333
0,42,1,22,5,55,55,47.95,10,21,54,4,8,21,17,3,11,509.7,138,HomeOwner,M,106000,93340,20APR1986,Platinum,2,I purchased my normal size small. i loved the colors in the purple which are more blue and vibrant red to me. this top is a nice soft fabric. it will pair nice with denim jeans.,Nice top,38,5.5
0,28,0,18,3,55,50,28.8,12,31,69,5,5,28,21,3,,395.77,147,HomeOwner,M,166000,111410,08APR2004,Platinum,2,"This shirt looked plain online, but when i see it in store, i thought it's so pretty! it is the over-sized style, when i tried it on, it's so flattering, even though it is over-sized but it doesn't make you look chunky at all! i got it while it was on sale with extra 25% off! i range from 2 to 6, xs, s for retailer sizes. i got a xs for this top.","Awesome, such a pretty top!",20,4.1666666667
0,51,2,16,3,50,32.5,36.25,13,20,18,6,10,8,4,2,6.5,338.77,45,HomeOwner,M,136000,75140,23APR1991,Gold,3,"Love this dress so much, i bought the checkered, and then had to go back for the black! it is so worth the price. i wear it with sandals in the warm weather, and a blazer with boots in the cooler weather. it is beautiful and so flattering.",,33,2.5
0,38,0,18,3,100,75,75,10,23,22,4,4,8,2,0,,711.1,56,HomeOwner,M,70000,87750,,Platinum,,This top looks even better in person! the green is a little brighter than the photo. this beautiful blouse is silk with a sold underlining. it is very full and has great flow and movement. super trendy with the open shoulders and a nice long sleeve for fall. it's really beautiful and perfect for any festive occasion!!,Beautiful top!,,7.5
0,35,0,18,5,75,75,39.1,14,32,62,5,5,28,11,2,,788.18,150,HomeOwner,F,128000,78910,13MAR2001,Platinum,3,"Quality of this dress is excellent! i ordered it in blue and the color looks exactly as it does online and the fit is exactly as it looks on the model. i am 5'4"" , 120 lbs, with an athletic build and ordered a small.",Comfortable and warm,23,5.3571428571
0,33,1,17,3,85,80,62.15,10,25,51,4,11,19,7,2,17,715.58,105,HomeOwner,M,84000,73840,03AUG1998,Platinum,3,So beautiful! i got the xs and it fits tts! it goes with everything! perfect weekend addition!,,26,8
0,26,3,20,3,75,55,47.5,11,28,32,5,13,13,4,2,11,500.46,65,HomeOwner,U,107000,128960,,Platinum,3,This top turned out to be better than expected! i'm a large girl and the length is enough to cover my hips and the shirt it not tight at all. the embroidery details are lovely too. i bought this for a trip to italy this summer because it is cotton and because i consider it to be a classic piece being that it is black and white. one nice feature is this top does not have to be worn off shoulder. it looks just great with the sleeves up.,Nice detail,,5
0,62,2,18,3,50,30,36.65,12,22,20,6,11,9,3,2,6,353.9,48,Unknown,M,135000,167310,27JAN1992,Gold,3,"This is my third pair of ag primas - i love them! the higher rise is nice to keep smooth lines, they're made of such soft material that moves with you rather than restricts you, and the cut of the legs is skinny without being skin tight. absolutely my favorites jeans - retailer, sell more washes and i'll buy 'em!! :)",Amazing fit!,33,2.5
0,25,0,18,5,125,125,91.65,13,32,35,6,6,15,3,0,,1740.34,68,HomeOwner,M,58000,115960,,Platinum,,I bought this in black and the checkered pattern. love both. very floaty and feminine. fits true to size.,Lovely,,9.6153846154
0,21,0,18,3,75,75,37.15,13,28,63,6,6,27,14,3,,709.15,150,HomeOwner,M,133000,118950,23NOV2004,Platinum,3,"When i saw this online, i knew i'd have to order it fast--it's just gorgeous. i got it in the mail today and couldn't be happier! i'm usually xs in angel of the north sweaters and this was no exception- it fit great. colors are as pictured.",Everything i'd hoped.,20,5.7692307692
0,41,0,15,3,50,50,50,11,21,41,5,5,13,5,1,,391.09,92,Unknown,F,102000,270010,29MAY1966,Platinum,3,"This top is so darling, the different textures are so elegant that you really don't even need to accessorize. it has a very flattering cut and a must for any figure.",Finished touch in one piece,58,4.5454545455
0,13,0,18,3,50,50,40.6,13,33,72,4,4,29,17,3,,388.43,150,HomeOwner,F,123000,60060,03JUL2004,Platinum,2,"A mango beauty that resonates the color of blossoms in bloom. comfortable, effortless, and charming. i wear a size small in retailer dresses and this one fit true to size for me. tried the xs since reviews mentioned it ran large, but too tight across my average chest. looks great with denim jacket and red suede strappy sandals. also worn with a belt to accentuate waist.",Mango beauty,20,3.8461538462
0,28,0,15,3,50,75,75,13,27,26,6,6,10,3,0,,697.26,56,HomeOwner,F,70000,98280,17JUL1987,Platinum,,"Amazingly soft, thin and super warm! this a classy staple with an amazing swing fit and worth every penny!",Worth the regular price!,37,5.7692307692
0,29,3,17,2,55,53.75,53.75,12,27,25,6,13,11,4,2,10.33,390.88,56,Unknown,F,96000,66300,,Platinum,3,"There's no doubt that this tee is sheer. i found that a nude bra is sufficient in overcoming the issue. the fit is true to size, with just enough room for drape without being too oversized. the beachy theme will be perfect come warm weather!",Great tee for summer days ahead,,4.4791666667
0,26,0,18,3,60,55,58.65,14,33,71,5,5,28,11,3,,487.69,147,HomeOwner,F,88000,44330,01JUN2001,Platinum,2,"I like the top without the fake fur collar. when the collar is removed the neckline's shape is really nice. the collar seems cheap. i thought the sweater ran true to size. i'm 5'7"" 115 lbs. a small was a good fit although higher armholes would have made the whole thing fit better through the rib cage. it was loose there, but necessary looseness for layering anything underneath.",Pricey but nice,23,3.9285714286
0,22,3,16,3,50,53.35,52.2,14,33,54,6,14,19,9,2,10.67,388.16,104,Unknown,M,98000,45370,20JUN2004,Platinum,2,"Wonderful fabric, drapes nicely from waist= flattering, use for air travel as not too heavy in weght. beautiful charcoal grey goes with all colors. nice addition to tight, patterned pants & boots. dress up or casual",Go-to sweater,20,3.8107142857
0,25,1,15,3,50,50,54,12,32,75,5,14,31,15,3,10,390.29,153,Unknown,M,95000,96850,,Platinum,2,"This will be a 3 season dress for me.. its well made, comfy and flattering . the suede skirt is risky i know .. but i'll be sure to put the napkin in my lap!",A fun dress,,4.1666666667
0,25,0,19,3,50,37.5,24.65,13,31,58,6,6,26,14,2,,342.92,148,HomeOwner,F,190000,46020,11DEC2005,Platinum,2,"I ordered a size xl in the mango. the fit on me matches the model for the most part so i think it's true-to-size. it looks like it's intended to have a loose, flowier fit throughout the dress. the only confusing part to me is the model is listed as being 5' 9"" and i'm under 5' 6"" yet the length is the same. it fits me at knee-length too. i thought it would hit a little longer based on the model's info for the photos and getting the regular sizing. the one thing i wish was different is to have it",Nice summer dress,19,2.8846153846
0,33,0,25,3,75,87.5,43.5,12,33,65,6,6,26,10,3,,716,128,HomeOwner,F,116000,81640,07JUN1979,Platinum,3,"I get a lot of compliments on this dress, it's bright and cheerful for sure! it runs maybe a bit large but is a great summer dress!",,45,7.2916666667
0,25,1,18,3,60,70,70,14,25,22,6,11,9,3,1,10,550.43,47,HomeOwner,F,75000,63960,21JUN1996,Gold,3,"This skirt is absolutely beautiful. the design and organza are so feminine, and i love the length. it flows beautifully and it isn't stiff or anything, but it does hold its shape well. i ordered it through the store, and the wrinkles came out easily after it hung for several days. i think it would be easy to snag the material, so i will be really careful when i'm wearing it. the zipper is a little hard to pull all the way to the top of the skirt, and i worry a little about the hook and eye closu",Gorgeous skirt,28,5
0,25,0,18,3,125,125,91.65,13,32,33,6,6,13,3,0,,1736.44,64,Unknown,U,58000,0,,Platinum,,"Love this dress!! the vibrant color and lace details are just beautiful. can be dressed up or down. the only concern i have is that the straps are thin and delicate, but i'll just have to be careful when hanging it up.",Beautiful!!,,9.6153846154
0,20,4,16,2,50,43.75,43.75,16,28,28,6,12,10,4,2,8.75,317.39,53,Unknown,F,115000,112190,,Platinum,2,"This yellow/mango color is so beautiful in person. i actually don't have the best skin tone for shades of yellow, but i couldn't resist trying this one on & it turned out to be perfect! the silhouette is very feminine, especially around the neckline & shoulders. there is a lot of fabric, but i actually appreciate that the dress is substantive. finally, the nicest thing is that the dress can easily be dressed up or dressed down depending on how you accessorize it. looking forward to summer!",This color is everything!,,2.734375
0,26,0,15,2,45,40,32.5,10,24,32,4,4,10,8,1,,292.34,87,HomeOwner,M,150000,53950,21MAY2002,Platinum,3,I love this sweater coat;! it's so nice and fits well. would look great with jeans or a skirt. the collar is adorable! have already worn it and received compliments! i love retailer :)!!,Such a cute and versatile piece,22,4
0,34,2,18,2,50,50,50,13,27,25,6,13,11,4,2,10,392.19,53,HomeOwner,F,102000,121290,10MAY2005,Platinum,3,"I found this to fit really well and i've got a chest, and the hourglass to go with it. the stretch really helps it to be comfortable too. i reckon it's pretty versatile too.",Nice material with some stretch,19,3.8461538462
0,32,1,18,2,40,37.5,37.5,12,26,24,6,12,10,4,1,8,290.2,56,Unknown,M,132000,156130,,Platinum,3,This sweater is much more beautiful in person. the quality is very good and the fur is nice too!! i am 5'8 inches and 155 lbs and the medium fit me perfect.,This sweater is beautiful,,3.125
0,44,0,26,3,100,75,75,9,22,22,4,4,8,2,0,,714.51,56,Unknown,F,70000,112450,,Platinum,,This sweater is very nicely made...i got a lot of compliments the first time i wore it. it's a light sweater and looks great with jeans! love it,Great holiday sweater,,8.3333333333
0,25,0,18,5,70,70,50.3,11,26,65,4,4,27,16,3,,537.09,153,HomeOwner,U,102000,76440,27JUL1997,Platinum,2,"This sweater is lovely! i have worn it every other day since i got it. it is soft and warm and elevates everything that you wear it with. i have gotten compliments every time i've worn it. my daughter, who rarely likes the style of clothes i wear, said i looked like a winter princess in this! it is so flattering and comfortable---a winning combination!",My favorite piece this season,27,6.3636363636
0,34,0,16,3,45,38.35,28.65,12,30,57,6,6,22,11,2,,317.05,135,HomeOwner,M,167000,72280,09JAN1994,Platinum,3,"Comfortable but if you put in the dryer, even on low it will shrink a little so beware",Cozy,31,3.1958333333
0,29,0,25,5,85,85,59.45,9,29,65,4,4,30,9,2,,1076.51,148,HomeOwner,F,87000,96070,13DEC1991,Platinum,3,"This is a unique color, and a lovely dress. i have the yellow, and i didn't find that it ran large. it definitely has a loose, flowing fit, and you can wear with or without a belt for different looks. the pleated fabric near the waist does fit differently than the other fabrics, but i don't think it looks odd. you have several pictures of people wearing them, and you can see that it looks amazing on everyone!",Happy yellow!,33,9.4444444444
0,49,1,26,3,100,62.5,56.45,6,21,44,3,10,17,7,2,5,638.17,112,HomeOwner,M,92000,105690,19DEC2005,Platinum,3,I just received this in the mail today and haven't taken it off since! i feel like i should be in a romantic movie with a cute black dress under it. can definitely see myself getting a lot of use out of it. can not wait to wear it for the holidays!,In love with this sweater coat!,19,10.416666667
0,43,3,17,3,55,45,35,12,29,29,6,13,12,5,2,9,336.36,61,Unknown,M,141000,77090,29NOV1995,Platinum,2,Great dress that can be dressed up for work day or even dressed down for a nice weekend day.i have it in black but thinking of buying in the yellow/orange color too.,Great dress for spring,29,3.75
0,30,0,18,5,100,100,75,10,25,26,4,4,10,2,0,,1125.68,63,HomeOwner,F,70000,88400,06JUN1998,Platinum,,"Beautiful and classy- i love this! i'm 5'8""/125lbs/34b and my usual xs works great (could probably also have worn a s). i was a little worried it'd be scratchy and/or too structured, but it's soft and flattering. photos are accurate. would definitely recommend!",,26,10
0,27,1,18,3,55,77.5,60,11,24,22,6,12,10,3,1,20,699.02,56,Unknown,M,87000,58370,06MAR1978,Platinum,3,"I recently purchased this dress in the yellow, which is not advertised online, but glad i saw at the store because the color is vibrant but not too loud and really compliments my olive skin. the dress ran a little on the larger side so i had to size down. also, you will have to either wear a strapless bra or go without because you cant hide bra straps as this is more of a halter look. i'm 5'9"" and the length was perfect for me, will be able to wear with heels or flats.",,46,7.0454545455
0,33,2,18,2,55,50,50,12,29,29,6,14,12,4,2,9.5,385.66,57,Unknown,F,102000,60710,,Platinum,3,This is a go with everything throw on sweater coat that is very soft and flattering on. the fit is true to size for a swing coat. being a heather black helps with the no show of lint. i will wear this no doubt for years to come. thanks retailer.!!!,Super cute sweater coat.,,4.1666666667
0,23,0,18,3,50,45,33,12,30,53,5,5,20,10,2,,344.95,100,HomeOwner,M,148000,64090,05JAN2005,Platinum,3,"I wanted this dress in yellow from the moment i first saw it on instagram. i waited for it to be available online and once it was i ordered it. i am usually a size medium but sized down to a small petitie (5'5"") -- and the fit is off. i am a 34b so its too roomy in the chest. because i love everything else about this dress i am going to re-order in an xs petite but that will be two sizes down for me. not sure if it will fit. length was good. looks great with a dark denim jacket . the dress is li","Beautiful golden yellow, size down",20,3.75
0,43,3,16,3,100,93.35,65.7,15,34,57,6,14,20,7,2,18.67,710.34,104,Unknown,M,80000,40300,,Platinum,3,"This skirt is a must have!! it is very classy, and the pockets are perfect for holding lipstick for a little refresher throughout the night. it is high quality and definitely worth the price. i paired this skirt with a more casual black top and some pearls for a fancy banquet dinner, and got a lot of compliments. comfortable and classy.",Love,,6.2233333333
0,30,3,16,2,65,60,60,15,28,26,6,12,10,4,2,14.33,381.96,53,Unknown,M,87000,73060,,Platinum,3,This is such a pretty dress. it will look beautiful in the summer with a tan and lace up sandals for a very effortless look. fits very fitted in the top and loose throughout yet still slimming. i am petite 5'2 about 105 pounds and for reference i went with the xxsp. it looks expensive and well made and the yellow color is stunning and cheery. the yellow will look beautiful on darker skin tones as well as lighter skin tones who have a warm undertone. if you are on the fence order it and you won't,Special piece,,4
0,26,0,15,3,75,65,41.1,10,26,57,3,3,23,9,2,,536.94,132,HomeOwner,F,122000,49400,11JUL1993,Member,3,"I'm 5'4 with an hourglass shape. i love this dress. it drapes nicely, the material won't be hot for summer and the color is perfect for my olive complexion.",Elegant sundress,31,6.5
0,29,2,15,2,55,37.5,33,10,25,29,4,11,12,5,2,5.5,319.84,68,HomeOwner,U,148000,55250,,Platinum,3,"Don't detach the collar unless you like getting frustrated. i made the mistake of taking it off just to see what it looks like without it (cute) but reattaching was the biggest pain! i have pretty nimble fingers but stretching the little loops around the little buttons tested my patience to the limit. so other than that--buy this sweater if you get a chance. it's stylish, flattering, soft, versatile, etc, etc...",Don't detach the collar,,3.75
0,39,0,19,3,75,75,59.7,13,34,77,6,6,29,18,3,,703.13,133,HomeOwner,M,87000,50050,25MAY2001,Platinum,3,"I have a gala to go to wear i am a board member. i had been eyeing this dress online and tried it in store! lurve! i got the black one which is a black lace over a sheer cotton nude, i also got the regular when i am petite as it hit longer for a black tie event. i have a large bust at 5'2"" size d, but small and short torso and the large just hugged the girls just right. i love the it can be worn fancy with block heels to a gala or wit ha jean jacket or espradilles for a casual summer night. this",Dress me up or dress me down !,23,5.7692307692
0,28,2,16,3,30,36.65,36.65,12,20,18,6,10,8,3,2,8,301.67,47,Unknown,F,135000,112580,,Gold,2,This sweater coat is so cute!! i agree with the other reviews it does run a little big. i always wear s tops from retailer....was a little hesitant to order this in a s since i would be wearing it over things....so glad i did the small is perfect so i would say it runs a little large. i do think it is is a little over priced but i did get it at 20% off and it was a treat for myself!,So cute!!,,3.0541666667
1,26,1,16,2,50,37.5,29.45,12,29,59,6,13,25,9,2,5,820.02,144,HomeOwner,M,163000,77740,09APR2004,Platinum,3,"This dress is gorgeous on the hanger and even more gorgeous on. definitely runs big though, so sizing down is probably best.",Love this,20,3.125
0,35,4,16,2,50,31.25,31.25,12,27,25,5,12,10,4,2,6.25,321.21,57,HomeOwner,F,155000,62790,12NOV1995,Platinum,2,"As stated in my review title, they're amazing! they're incredibly well made, have just the right amount of stretch, and are so flattering. i think the boot cut makes them look like pants rather than leggings. they can definitively be worn to work, or at least where i work, where the dress code is business casual. my only issue is the length, which being at 5'3 isn't surprising. they're about 3 inches too long. i'm a size 8-10 and got the large. i couldn't recommend these enough",Amazing pants/leggings,29,2.6041666667
0,33,1,16,3,50,50,50,13,29,26,6,14,12,4,1,5,595.13,53,HomeOwner,F,102000,52260,19NOV1993,Platinum,3,"I don't understand the negative reviewon this sweater. it is nothing short of stunning. the quality and design are absolutely beautiful! and i love the lined pockets! i can honestly say i don't think i'll ever part with it - this is a sweater you hang onto forever. i will say it runs a bit large. i ordered the xs/sm and if i didn't know better i would think its m/l. either way if you can you get your hands on one in store or a return online, do it! it is worth every penny, especially for the s",Amazing sweater!,31,3.8461538462
0,22,1,22,3,50,65,73.35,11,27,26,5,12,11,3,2,10,552.68,59,Unknown,M,72000,125320,,Platinum,3,"Retailer has great designs but sometimes they use cheap fabrics and are not quality made. this top is quality made and super soft. its a little thicker than a normal cotton t-shirt but thinner than a sweatshirt. i normally wear medium (34dd, 135-140 lbs, 5'4"") and this was tts. i got the blue and its a little bit darker in person. one big plus imo is that you can put it in washer and dryer, no need to line dry! i am going to buy the natural colored stripes one too. also, i bought the normal size.",So soft!,,5.9090909091
0,0,1,15,2,55,42.5,37.85,11,26,45,5,11,17,7,2,7,309.55,99,Unknown,U,131000,87750,,Platinum,3,I love the great variety of fabrics and textures used in these joggers - you will also!,,,3.8636363636
0,0,1,17,2,50,56.25,51.65,14,27,51,6,11,19,6,1,10,379.63,89,HomeOwner,F,99000,59540,27NOV1992,Platinum,3,"Love these pants, i am 5'2 and these fit in length nicely!",Great fit,32,4.0178571429
0,31,3,18,2,60,54,45.5,14,32,52,6,14,19,10,3,10.67,385.79,98,HomeOwner,M,111000,115440,10JAN1989,Platinum,2,"I have a couple of pair of hei hei pants from last summer that i love and was so happy to see these. i am curvy (5'8"" size 8) and got these in a 30 and they fit perfectly in the hips and no gap at the waist. i love them so much that i bought a second pair. the only thing that could make them better is if they had a bit of stretch.",Love these pants,36,3.8571428571
0,0,3,16,2,40,38.75,38.75,14,27,25,6,12,10,4,2,6.67,283.56,53,Unknown,F,129000,42250,,Platinum,3,"I went to the store to buy the transcend verdugo ankle in blue. however,i left with it in blue and black. the black is perfect. absolutely amazing fabric that shapes your behind, and no ones is more imperfect than mine. i cant say enough about these except paige rocks! i'm a fan!!",Fantastic fit and fabric,,2.7678571429
0,23,0,20,5,105,105,90,11,27,30,5,5,12,2,0,,1111.46,63,Unknown,M,59000,0,,Platinum,,"This is a simplistic beauty. the colors are lovely and as pictured. i believe it is tts but if your small busted you could probably go down a size. i personally stayed with my small and i lke the flow of it. the flannel has a nice weight to it so you can wear this fall, winter and early spring if you live in a cooler climate.",Classic flannel,,9.5454545455
0,22,0,20,5,55,55,38.95,12,27,52,5,5,19,14,3,,506.86,99,Unknown,M,128000,52130,25OCT1992,Platinum,2,"This top is great and perfect for fall/winter. i've gotten a lot of wear out of this so far...great with jeans and sneakers for a casual look, or dress it up with black jeans and boots. great layering piece as well. the fabric is soft and comfortable. the fit is nice and relaxed, but tailored on the sides to give you some shape. the colors are beautiful.great buy, i highly recommend!",,32,4.5833333333
0,27,0,16,5,75,75,46.25,11,28,63,4,4,26,12,3,,787.86,137,HomeOwner,F,110000,51870,30APR1986,Platinum,3,I was not going to purchase this jacket thinking it was too pricely but i am glad that i did. true to size and made with great craftsmanship. it looks very delicate but made strong. very pretty .... true too picture. it works out perfect for after yoga!,,38,6.8181818182
0,26,1,15,3,25,33.35,33.35,11,21,19,5,9,8,3,1,5,306.25,47,HomeOwner,F,147000,46150,06FEB1979,Gold,2,"This is a beautiful and versatile skirt. i love the layered detail, length, and flattering cut. the fabric is a 80% cotton/20% linen blend. it's a thick weave with tiny nubs here and there. the skirt was made in turkey.i usually wear a size 4 in retailer skirts, but i sized down to a 2 in this skirt. the size 2 fit at my natural waist and looked as pictured on the model, whereas the 4 looked bulkier on me,",,46,3.0318181818
0,26,2,15,3,50,50,43.75,11,23,21,5,9,8,4,2,10,382.37,55,HomeOwner,M,115000,46150,15JAN2005,Platinum,3,"Beautiful dress! it looks fresh, feminine and the quality of the fabric is very nice.",Beautiful dress!,20,4.5454545455
0,19,0,19,3,70,65,45.4,12,32,68,5,5,28,13,3,,542.36,135,Unknown,F,112000,39000,,Platinum,2,"I bought this in my usual size small (i'm a 4-6, 27"" waist, 32b), and it fits perfectly. it's a little loose and boxy but still structured and cute (it fits me like the model). i don't find it itchy at all, and the embroidery is just gorgeous. this is perfect for transitioning from summer to fall!",Perfect lightweight top,,5.4166666667
0,26,2,20,3,75,58.35,39.3,13,30,59,6,14,26,7,2,10,499.31,151,Unknown,F,127000,59280,12JAN1990,Platinum,3,"Picked this up end of season sale, but i go to florida a lot so i will still be able to use it. it runs a bit large. i'm usually between a s and m at retailer and i'm a bit heavy right now but the small fit loose and comfortably. i would recommend sizing down if you are between sizes. not itchy but i would wear a cami underneath because it is white and could start to itch after a while i suppose. it's definitely not a soft flowy t. mix of t-shirt material and linen. the main part of the t is cotto",Cute summer top,35,4.4884615385
0,45,1,17,3,100,82.5,50,13,30,61,6,14,27,10,2,20,714.87,147,Unknown,F,102000,68640,04AUG2004,Platinum,3,"Wanted to buy this dress, but the bust area was way too small. as i went up sizes, the torso began to be too long, and i would have to have it altered, i guess. what a shame.but, if you are small chested, then this is your dress.",Adorable,20,6.3461538462
0,40,0,15,3,60,60,36.75,12,31,73,5,5,30,20,3,,500.56,148,HomeOwner,U,135000,69160,07JUN1996,Platinum,2,"This cropped trouser is very high quality and perfect for summer. i ordered my usual size petite 4 (i am 5'2"" 115 lb) and i felt a little tight but since other previous reviews said they do stretch after wearing it, i decided to keep it. i hope they stretch out a little bit more. overall, i am very happy with my purchase.",High quality,28,5
1,21,1,18,3,50,55,45,8,23,53,4,11,20,13,3,12,450.35,104,Unknown,F,113000,60450,24JUN1994,Platinum,2,I love the oversized look of this jacket--my building is kept freezing cold so while at work i am constantly fiddling with cardigans and scarves and a space heater to try to keep from freezing while working and i thought this jacket would be a great jacket that basically functions as a blanket while still looking professional. (my boyfriend doesn't quite get the 3/4-length sleeves but that definitely keeps the look of this jacket polished--if they were longer i think it would be too much just li,Great casual jacket,30,6.875
0,39,1,17,2,65,56.25,56.25,12,27,25,6,13,11,4,1,10,383.61,56,HomeOwner,F,92000,66430,26APR1996,Platinum,3,"The cut is on the boxy side and i'm not sold on the tiered effect, but i love the silk fabric and the print so much that i just don't care. the silk is deliciously light and breathable, and the print is neutral enough that i can pair it with several different cardigans and necklaces to mix it up. and the quality of construction is excellent--all of the seams were expertly sewn and pressed, and the print was lined up like in the online picture. given the material and construction quality, it's de",Lovely fabric,28,4.6875
0,46,1,18,2,15,50,43,11,30,29,4,12,11,5,1,10,277.73,60,Unknown,M,117000,70460,09JUN1977,Platinum,2,Well made dress. cute pleats - though a few didn't lie perfectly flat. it was a little too long for me (i'm 5'1) especially in the torso/straps area. also the armholes were a little large. fits tts,Cute dress,47,4.5454545455
1,36,1,18,3,50,53.35,44.55,13,31,64,6,13,25,11,2,10,397.49,134,HomeOwner,M,114000,86450,07MAY2006,Platinum,2,"I love this top, on me, it looks so flattering, the tie detail is really nice, and i love the white subtle details at the bottom and collar. i actually haven't seen the sleeves unrolled on me, i roll them up. the tie part is a little wrinkled from shipment, but who cares. i ordered the regular 0 as the petite have been sold out a longtime ago, i actually got this shirt a while back and thought i had already written a review... i am wearing it with boyfriend jeans right now (for casual friday and",So flattering,18,4.1038461538
0,41,2,20,3,85,80,55,12,28,45,5,13,19,6,2,16,705.23,129,HomeOwner,F,94000,76440,23JUN1989,Platinum,3,"I live year round in warm weather and found these pants to be a great addition to my wardrobe. flattering and comfortable, the cropped look is a nice alternative to shorts. i'm 5.7 curvy but athletic.143lbs i usually wear an 8 or 10 in retailer but took the 10. i prefer my pants a little less fitted.",Super for summer,35,6.6666666667
0,36,4,16,2,45,46.25,46.25,14,26,25,6,12,10,4,2,9.25,286.64,53,HomeOwner,F,110000,68120,10FEB1993,Platinum,2,"This shirt totally exceeded my expectations -- the detail and colors are wonderful, and the shirt itself is quite comfortable. the shirt is a bit boxy, but there is enough structure and detail so that it looks quite flattering on. plus, it looks great with jeans or with a skirt -- it is very easy to style!",Comfortable with a beautiful design!,32,3.3035714286
0,27,2,19,3,70,68.35,39.65,14,28,43,6,12,17,14,3,15,549.08,101,Unknown,F,126000,85020,,Platinum,2,"I was looking for a basic black one piece suit that sucked in the tummy, but with style and a little flair. this is it! the ruching is perfect, the material is great and the separation of the straps at the top give it more style. i am usually a size 6, but ordered an 8 because i have a 34d chest. i was right on. the 8 covers the top with a small amount of cleavage and the bottom still fits because the ruching is a little tighter in the waist. i plan to wear this to the local pools this summer an",Love this suit!,,4.8821428571
0,38,0,16,3,100,75,75,11,24,22,5,5,10,2,0,,707.63,52,HomeOwner,F,70000,60580,23FEB1990,Platinum,,"I have had this dress in the shopping basket on my retailer app and was dying to try it on in the store. luckily, newbury street in boston had it so i stopped by yesterday. the dress is everything i hoped and even better! the cut could not be more flattering. to get the nice, classic fit in the front, i stayed true to my usual size (4) but worried the buttons would be straining like another reviewer said. as soon as the bow in the front is tied, it keeps everything together and is very comf",Just knew i would love this!,34,6.8181818182
0,29,0,26,3,75,67.5,52.5,9,27,35,4,4,14,4,0,,546.18,74,Unknown,M,98000,75660,,Platinum,,"I love this dress. it is super cute and comfy. i am 5'7 and a size small, 4 and 36c and i got this dress in a 4 and it fits great. a 2 might be a little more fitted on my waist but the 4 is comfortable and looks great. the length is perfect, not too short at all.",,,7.5
0,27,0,15,2,55,40,40,12,26,25,5,5,9,4,0,,311.19,56,HomeOwner,M,125000,50050,18JAN2000,Platinum,,"This top is cute, light and summery. ordered a small...is a little short/boxy but otherwise fits true to size. great summer/warm weather top!",,25,3.3333333333
0,27,3,16,2,50,43.75,43.75,13,26,24,6,12,10,4,2,10,328.15,52,HomeOwner,F,115000,66040,30NOV2001,Platinum,3,"Just too much cuteness! the print is amazing, the bow is darling, and the crisp structure keeps it from being too precious. looks amazing on my hourglass shape! runs a bit small--had to size up a bit and felt more comfortable once i put a piece of fashion tape in a spot that gapped a little. definitely worth the splurge!",Worth the required piece of fashion tape!,23,3.3653846154
0,25,2,16,2,50,41.25,41.25,14,26,26,5,10,9,4,2,6,312.2,53,Unknown,F,122000,138190,,Platinum,3,Great with a tank top underneath and jeans. i also wore with a delicate gold necklace. charming!,Cute!,,2.9464285714
0,24,0,20,5,125,125,125,11,18,16,5,5,7,1,0,,1747.63,44,Unknown,M,43000,72150,07JAN1983,Gold,,"Love the pattern and material (not thick) for spring and summer.  like the fit and style. i'm 5'2"", 115#. i've purchased regular (not petite) front and side zip (with internal button) charlie trousers earlier this year and last year.  got a size 4 (i vary between size 2 and 4) in the front zip trousers and they stretched out and got a little loose after fitting perfectly.  so i got the side zip in size 2.  those were tighter initially and stretched out but are still snug.  with this particular p",,42,11.363636364
0,28,2,19,2,50,52.5,41.65,15,32,44,6,14,17,6,2,11,380.49,81,HomeOwner,M,121000,233740,29MAR2002,Platinum,3,"I have this shirt in more than one color! i totally disagree with the first review i find this shirt to be super comfy and unique! i personally feel the material isn't scratchy at all! also, i love this designer they are one of my new favorites!",,22,3.5
0,31,4,17,2,50,43.75,43.75,12,24,24,6,12,10,4,2,8.75,321.29,53,Unknown,F,115000,43940,09APR2004,Platinum,2,"I love this top. it was cool on a summers day. i did get one of the strings of the design snagged but it worked out just fine, not ruined at all.",Fun and stylish,20,3.6458333333
0,29,0,18,5,125,125,125,13,21,19,6,6,8,2,0,,1745.55,44,HomeOwner,M,43000,73710,16FEB2000,Gold,,"I waited in anticipation for the turquoise version to appear online. turquoise and red can be found on another product page with the same name. size: i'm between small and xs for most retailer brands. i wanted this top to be a bit more fitted, so i ordered an xs. i'm 5' 5"" tall, 135 lbs, 35-29-36, 34d, with long torso and narrow shoulders.fit: xs is spot on for me. i don't really mind the shorter length. it didn't appear to be too boxy. i layered a white shapewear tank underneath to help w",Turquoise is lovely! size down for best fit!i,24,9.6153846154
0,46,0,15,3,100,75,75,9,20,20,3,3,8,2,0,,700.67,52,HomeOwner,M,70000,81510,04DEC2005,Member,,I have this top with the red stitching and it is one of my most favorite items from retailer ever. i wear it with a tank top underneath so i haven't noticed any itchiness like the other reviewer mentioned. i wear it with slightly cropped slim boyfriend jeans and i get so many compliments every time i wear it.i wish i had it in the blue color too!,Love,19,8.3333333333
0,36,0,18,3,100,75,75,10,24,22,4,4,9,2,0,,702.72,55,HomeOwner,F,70000,71500,09JUN1998,Platinum,,"I started stalking this dress when i saw it on a store's instagram feed, and i was so thrilled to get it in the mail. however, i ordered it before reviews started popping up, and i was concerned it would not fit in the bust. however, when it arrived, the fit is perfect. it's not exactly loose in the bust, but there also isn't any pilling. the high-waisted nature was also suited to my shape. i'm usually between a 4 and a 6, and the 6 was great in this dress, and a perfectly joyful length--appropr",Summery-est ever,26,7.5
0,36,0,26,5,100,100,73.15,9,29,55,4,4,22,8,2,,1115.97,117,HomeOwner,M,72000,71500,29OCT1983,Platinum,3,"When i first saw this too online i thought it was beautiful. i was right. when jt came in the mail, i really loved how the embroidery was intricate and detailed. the colors also popped making it a great shirt for spring, summer, or early fall.",Lovely,41,11.111111111
0,26,2,16,3,50,36.65,32,13,32,31,6,14,13,5,2,7.5,335.52,63,HomeOwner,F,152000,85930,17JUL1989,Platinum,3,Love love love. fits great. super comfortable and looks both casual and dressy at the same time. i could wear this every single day.,Love,35,2.8192307692
0,24,0,18,3,110,100,64.4,13,34,66,6,6,30,8,2,,1119.69,150,HomeOwner,F,81000,67470,09MAY1986,Platinum,3,"I really like this shirt, and have gotten plenty of compliments the first time i've worn it.",Cute blouse,38,7.6923076923
0,23,1,16,3,50,36.65,36.65,12,22,20,5,9,8,3,1,5,346.67,48,HomeOwner,F,135000,52520,,Gold,3,This coat is wonderful! i am usually an xs-s in retailer and i got the xs. it is supposed to be a bit large. goes with everything and great quality.,Wonderful autumn coat!,,3.0541666667
0,30,1,15,3,25,41.65,35,11,24,21,5,11,9,4,1,8,308.75,52,Unknown,F,141000,65000,30JUN1997,Platinum,2,"I was hesitant to buy but this tee is easy, light, and fun to wear.  the fabric is light but not see through in the slightest.  the construction is perfect.  it is tts for an oversized tee.",Great tee!,27,3.7863636364
0,30,4,15,2,55,49,40.7,14,31,36,6,13,13,7,2,9.5,311.82,76,HomeOwner,M,123000,92040,09MAR1979,Platinum,2,Cute and great fitting pant. love the pattern and it fit tts for the brand. i normally wear a 10/12 and i took at 12. flattering.,Cute pant,45,3.5
0,24,2,15,3,50,41.65,41.65,11,22,21,5,10,9,3,2,7.5,337.21,47,HomeOwner,M,121000,90090,30JUN1997,Gold,3,"As others mentioned, the arm holes are a bit large- but i didn't find this too much of a problem. possibly that's because as a smaller chested woman i run into that issue regularly. i'm 5' 4"" 130 and the size 8 fit perfectly. the length is at the top of knee.",Cute dress for everyday,27,3.7863636364
0,24,1,24,3,100,67.5,30.85,11,30,58,6,14,23,12,3,20,639.68,113,HomeOwner,F,157000,85150,17MAR1998,Platinum,3,Love this shirt! looks perfect with a pair of jeans! makes the outfit with out any effort!!!!,Embroidered sienna top,26,6.1363636364
0,0,1,18,3,100,100,84,13,31,48,6,14,19,5,2,20,841.13,95,Unknown,M,63000,105950,23OCT1998,Platinum,3,"Like the previous reviewer, my size 10p gaped and strained the buttons at my chest (36dd wide rib cage 5'3"" 140#). also the skirt flared out too high on my waist. i'm going to try a regular 10 with hope the torso will fit better. other than the fit on my particular body and the one distracting chest pocket, this shirt dress is very well made, very cute",Perfect ice pop for summer,26,7.6923076923
0,27,0,18,5,100,100,75,12,20,17,6,6,8,2,0,,1108.31,47,HomeOwner,F,70000,72280,05JAN1996,Gold,,"I wanted to give this top some love. i ordered this top and the kota peasant top with plans to only keep one of them. this top is definitely the winner. the neckline, sleeves, pattern, fabric, and length are gorgeous and flattering. it is very feminine and elegant and i think it will also be versatile....it could be very dressy (depending on what you wear it with) but it will also look great with jeans and shorts and sandals. it is a bit sheer so a tank or cami might be needed underneath. i orde",So beautiful,29,8.3333333333
0,31,1,26,3,65,58.35,40.95,9,29,60,4,13,22,16,2,10,499.31,105,HomeOwner,F,122000,109850,16MAR1992,Platinum,2,"This is a true retailer dress, cute and quirky. kudos for the built-in liner (with scalloped hem, very pretty) and pockets. i like the colorful yet subtle embroidered ice cream sticks on the dress, and the white background makes the colors and details really pop (pun intended!). i echo the previous reviewers that the bust is very small. i usually wear size 4 regular in this brand (i?m 34b, 26 waist, 36 hips. i?m 5?2?, and the bottom hem falls right at the upper knees). but when i tried on size 6,",Not so vanilla!,32,6.4833333333
0,28,2,18,3,50,50,45,13,30,37,6,13,14,5,2,10,387.52,81,Unknown,U,113000,96330,,Platinum,3,"This is a fun and classic dress. the dress is well made, as others said, it doesn't have much ""give"".  i am a 36c, 29"", 39""- and the size 8 fit perfectly. i didn't experience any gapping between the buttons. it is a nice fun summer time dress! it is also very flattering!",Classic,,3.8461538462
0,25,0,22,3,100,87.5,62.5,12,33,66,6,6,28,10,2,,715.32,132,HomeOwner,M,83000,74360,28MAR1989,Platinum,3,"Great shirt, the material is lightweight without being see through. i didn't find the cut to be all that flattering, but it was a cute enough style and comfortable enough that i wanted to keep it. definitely see it becoming a staple in my closet.",,35,7.2916666667
0,23,0,18,3,50,70,46.25,12,32,72,5,5,33,16,3,,554.37,144,Unknown,F,110000,61750,27FEB1997,Platinum,2,I love this top. it's very comfortable looks great and the quality is very good. i've had many compliments on it.,,27,5.8333333333
0,38,1,15,3,50,43.35,32.85,17,33,47,6,12,16,7,2,9,340.31,88,Unknown,F,149000,133640,,Platinum,3,"I saw this dress in the store and was drawn to the pattern as an alternative to my normal lbd. it looked okay on the hanger, but when i tried it on...wow! so pretty and chic. it actually hangs a little lower in the front on me than on the model pictured which adds to the chicness and makes it a sophisticated take on a kimono. (my husband's words) i wore it out that evening to dinner and received several compliments. i did not have any issues with fit. i am a size 6 and purchased a size 6. it fit",Love this dress!,,2.55
0,30,3,16,2,75,87.5,90,14,30,31,6,13,11,5,2,20,592.86,56,HomeOwner,F,59000,91910,24MAY1986,Platinum,3,"It's too hot here in ca to wear this yet but i can't wait for cooler weather. i tried it on with skinny jeans and it's darling. love how it's much shorter in front with the side splits and long back to cover the bum. perfect for leggings. nice slim, but not tight fit.",Super cute fall top with skinny jeans,38,6.25
0,20,2,16,2,55,57.5,52,13,26,24,6,12,10,5,2,8,395.26,53,HomeOwner,F,99000,153010,15JAN2005,Platinum,3,"I am a big fan of maeve tops. i love the beading and structure of this top. despite the fullness of the design, the fit is flattering",Another beauty from maeve!,20,4.4230769231
0,44,3,24,3,75,68.35,47.2,10,29,59,5,14,25,9,3,13.67,553.02,129,HomeOwner,M,108000,190580,27NOV1992,Platinum,3,"I am a curvy girl with boobs! this dress was perfect. it hugged in all the right places and had room for my bust! i did go up a size...however, i normally have to do that anyway for the top to fit.this dress is funky, and i look forward to wearing it with tights and boots in the winter, very comfortable. it has pockets!!!",Love this dress!!,32,6.835
0,18,2,15,2,55,35,33,13,26,24,6,12,10,5,2,6,310.73,52,HomeOwner,F,148000,39000,04JAN2004,Platinum,3,"I love that this tee is so soft and is not boring! when i originally took it out of the bag, my teenage daughter did not like it. then i tried it on and she was wowed! the longer length in the back makes it very interesting. i am looking forward to wearing this with jeans.",Tee with a punch,21,2.6923076923
0,19,1,15,2,40,41.25,33.9,12,30,72,6,14,31,18,3,10,293.72,150,HomeOwner,F,145000,159250,25JUN2005,Platinum,2,"Saw this one online and when it came it did not disappoint. i ordered a xxs in black, and it was perfect. i am 5'3"" and 110 lbs. it definitely has a lot of volume to it, but i still found it flattering because the shirt is very sheer, so you can ""see"" through it to your thinner figure underneath. it comes with a comfortable but fitted camisole to wear under it, which makes it flattering. another reviewer mentioned the beading turning. i have not seen that on mine, but now i will be looking for i",Adore this top!,19,3.4375
0,24,0,17,3,100,100,53.9,13,32,60,6,6,23,9,2,,842.55,112,HomeOwner,F,96000,193960,11MAY1993,Platinum,3,"I love this item! . they hang & flow beautifully like the weightlessness of a silk skirt.the front peek-a-boo cut outs really make them a delight to wear & show off some skin!somewhat transparent,i topped it off with a lightweight tunic length for modesty... but the placement of the painterly design really works in my favor so i could wear them with something shorter if i choose to. (like the model)heads turned as i walked by!",Easy & comfortable...perfect for the heat,31,7.6923076923
0,34,3,17,2,55,48,28.15,10,24,64,5,14,30,27,3,10,315.97,149,Unknown,F,170000,99450,,Platinum,2,I bought this in black and i can already tell this is going to be a staple this fall and winter. the unusual hem and extra long sleeves are really flattering.,Fresh take on a classic t,,4.8
0,31,2,19,3,60,53.35,53.35,12,25,23,6,12,10,3,2,13.5,488.2,52,HomeOwner,F,96000,107770,20JAN2002,Platinum,3,"I am a lover of jackets and coats; this is my new fave! great color, versatile (i.e. work, weekend). fun accent piece to shield yourself from a brisk wind, while maintaining full fashion status. my first day wearing and i've rec'd many compliments. love the combo of trench coat and poncho. my one issue...i wish the sleeve strap actually buckled, it keeps slipping out of the faux buckle and i'm afraid i'm going to lose it. i usually wear a medium/size 10, but medium was sold out, so i ordered",Double duty: functional & fashionable,23,4.4458333333
0,25,1,19,3,55,57.5,37,12,30,68,5,14,30,15,3,12,497.45,154,HomeOwner,M,134000,87620,17JUL2003,Platinum,2,"I love the weight of this shirt and the open scoop neck. really flattering ...i wear tanks under my shirts anyway but it is see through. the weight is nice even in heat, and i expect it to be so nice layering in the winter. the cut at the hem is great..... very flattering and does not seem to cling.i bought a white one, now i have repurchased another white (xs) and a black one. while i was vacillating, theblack xs sold out so i got a small and will cross my fingers that its not too big.","Adorable, lightweight and comfy",21,4.7916666667
0,45,0,19,5,150,150,87.5,13,33,37,6,6,16,4,0,,1751.13,68,HomeOwner,F,61000,105170,23APR2000,Platinum,,"I absolutely love this top, i purchase this brand frequently because the designs are simple, yet unique and cool. i'm 5'7"" 170 lb.s curvy/athletic and i got this in a medium, it fits perfectly and looks really great on! i love the asymmetric cut and raw hem... wish it came in more colors!",Unique cool top!,24,11.538461538
0,31,0,18,5,75,75,40,11,28,50,4,4,21,7,2,,789.07,128,HomeOwner,F,125000,77870,16NOV1998,Platinum,3,"I tried the xs in store and waistband is very stretchy and the material is lightweight (feels delicate) and to the floor. fell in love with the watercolor print. this would be great as a quick cover up over a bikini. beware- if you plan on wearing this anywhere besides by the beach, make sure to rock your nude undies because the cream color is super see-thru, which is my least favorite part of this piece. i couldn't get to the petites sizes before they all sold out, so i'm crossing my fingers th",Gorgeous... try it,26,6.8181818182
1,26,0,26,5,75,75,58.35,9,29,32,4,4,13,3,0,,713.96,64,HomeOwner,M,89000,52390,,Platinum,,"First of all, this dress is not cotton. it is 100% silk. it also not a pullover dress (it has a side zipper) and does not have an elastic waist like the description says. lastly, it is not by moulinette souers. i've really never seen a description so far off on one of the items pictured. nevertheless, it is a gorgeous dress. the silk is beautiful and can easily be worn for fall with a sweater or jacket. the waist is a little poofy and the chest is a bit snug. however, i was able to go down a siz","Description way off, but beautiful dress",,8.3333333333
0,22,1,19,3,55,56.65,49.05,12,32,75,5,14,32,16,2,10,399.05,150,HomeOwner,M,104000,50700,28MAR1996,Platinum,2,This shirt fits great. it is a fun look. i wore it wear a pair of leggings and sneakers for a casual day look. it goes down to my knees in the back and the front is asymmetric. so cute. i think i will get a lot of use out of this going forward.,Love this shirt!,28,4.7208333333
0,19,1,16,5,100,100,81.25,11,27,51,5,12,19,4,2,20,1112.12,105,HomeOwner,F,65000,119990,05JUN1962,Platinum,3,"This shirt fits true to size. i love the cut of the shirt which adds some edge to a basic tee. i know i will wear this all the time throughout the fall and winter months. perfect to wear as is or layer with cardigans, jackets and scarves in cooler weather.",Love this style,62,9.0909090909
0,25,0,19,3,250,187.5,133.35,13,28,37,6,6,15,3,0,,1746.09,76,HomeOwner,F,41000,36530,23JUL1997,Platinum,,"Very pretty and comfortable. it was not obvious at my store that this was to go with swim suits. it was located next to regular pants, but once i tried it on - i realized it was somewhat see through. i still got it as its very lovely. i'm going on a beach vacation, so i know i'll use it over bathing suits. honestly i may use it with nude underwear or long shirts anyway, since its so different and pretty. i bought a large as i'm a 10-12 and its still pretty loose.",,27,14.423076923
0,33,3,20,2,40,34,32.5,12,27,26,6,13,11,6,2,7.33,277.89,56,Unknown,F,150000,71630,,Platinum,3,"I absolutely love this top!! i bought the ivory color, and i am definitely considering buying the black as well! it feels true to size, but i did size up only because i like my tops to fit a little generous and flowy. i can't wait to wear this top all season long!",Beautiful top!,,2.8333333333
0,33,0,15,2,5,18.75,18.75,11,23,22,4,4,7,4,0,,178.1,56,HomeOwner,M,237000,66040,,Platinum,,"Finally, a white top that does not show every nook and cranny. this is a great fabric. many times white shirts are see thru and i won't buy them. this top is lightweight but has enough substance to cover everything. the online picture does not do it justice.it can be worn with anything and is made very well. this one's a keeper for your closet and will be worn over and over all summer long.",Great white top.,,1.7045454545
0,33,2,19,3,30,55,46.65,12,22,21,6,11,9,3,2,11,392.24,48,HomeOwner,F,109000,33930,22JUL1993,Gold,2,"What a dress! the print, the feel of the fabric, and the overall fit of this dress, it definitely has the wow factor! i plan on wearing this dress to the kentucky oaks this year. i typically wear a 6 and sometimes a 4 in retailer dresses. i'm 5'6'' 130 lbs 32dd and took a 6 in this. i could probably even try the 8. it fit a bit tight in the bodice for me but i'm not sure if it warranted a size up. it is pricey but i see this being a closet staple and one of my favorite maxi's yet.",Anther at it's finest,31,4.5833333333
0,39,0,18,5,75,75,37.5,13,31,55,6,6,22,10,2,,788.16,105,Unknown,F,132000,116220,08DEC2005,Platinum,3,I love the print on these pants. they are beautifully flowy and flattering. the only downside is that they are see through so i'm going to take them to tailor to have a lining put in up to the knee so i can wear them to places other than the beach. i bought them on sale today in the store and bought a size small.,Beautiful pants!,19,5.7692307692
0,50,0,18,5,75,75,82.5,14,32,67,5,5,27,8,2,,788.41,135,Unknown,F,64000,108420,13MAY2005,Platinum,3,Love this dress. fits true to size!! can be dressed up or down. very flattering1 prettier in person,"Love,love",19,5.3571428571
0,36,0,20,5,125,125,125,11,18,17,5,5,7,1,0,,1753.22,44,HomeOwner,M,43000,118430,23NOV1996,Gold,,The jeans are flatering and stylish. they are slightly distressed but will go with anything. the fit is like other pilcro stet pants i've purchased and loved.,The jeans are a great find.,28,11.363636364
0,36,3,20,2,40,31.25,28.55,5,16,36,3,8,17,14,3,6,232.08,129,Unknown,F,168000,93860,09MAY1987,Platinum,2,"Have not worn them yet, but they are so soft and pretty. seems like a good item to travel with.",Beautiful beach pants,37,6.25
0,36,2,16,3,50,36.65,36.65,13,26,23,6,12,10,3,2,7.5,342.52,50,HomeOwner,F,135000,48100,27MAY1979,Gold,3,"Very flattering tee. nice details & quality.my first time purchasing this brand, but will look for similar items from them.",Cute tee,45,2.8192307692
0,28,3,15,2,60,35,24.4,12,29,39,5,12,15,8,2,8.33,320.19,80,HomeOwner,M,191000,48620,,Platinum,2,"I reallllly love this sweater! i could wear it every day if i could. the sweater is comfortable, lightweight (but not see through) and versatile.",Love this sweater!,,2.9166666667
0,34,1,15,3,55,55,45.4,14,32,65,5,12,26,12,2,11,393.89,126,HomeOwner,M,112000,124410,28JUN2005,Platinum,2,"I can't rate this with enough stars or numbers! great fit, can't see up the sleeve, perfect length, just right amount of fabric for draping. i am 5'3"" and 130lbs. fits like a dream and when i got it home from the store....it goes with all things in the closet!!! my one reservation is it only comes in one color. let's get on it designers! we need a lipstick red for summer and coral and navy and black and white. i don't need any other top! this one has great cool fabric and you don't need to wear",10++++++,19,3.9285714286
0,33,0,27,3,75,70,42.1,9,27,64,4,4,25,12,3,,551.58,137,Unknown,F,119000,56940,17JAN2002,Platinum,3,"Just picked up this cardigan in the heather charcoal - so i can wear it in the fall and winter. the design on the border is well done and will show off whatever you wear under this cardi. sleeves are snug and long, but can easily be pushed up to 3/4 length.",Clever cutout design,23,7.7777777778
0,34,2,16,2,60,45,45,13,29,26,6,13,11,4,2,11,309.19,56,Unknown,M,113000,59150,25FEB2000,Platinum,3,"As another review said, the model's pose doesn't do this dress justice and i can't believe this is on sale. i picked this up this weekend at my local store. it fits wonderfully, very flattering. the fabric feels good and i'm fairly certain won't wrinkle too easily which is going to make this the perfect dress for packing for a trip. dress it up with boots for dinner, dress it down with sandals for day. this is a steal, get it! (i'm 5'8"", ~145, the size 8 fit perfect)",Cutest dress!,24,3.4615384615
0,26,0,15,3,50,50,41.45,13,32,72,4,4,29,14,3,,382.63,147,Unknown,F,121000,86190,05APR2005,Platinum,2,"This cardigan is very similar to the c keer wrapped asters cardigan from a few years ago....i have this cardigan and have loved wearing it; i think it only came in cream color. unfortunately, i caught the cutouts a few times, and the cutouts are slightly ripped in 2 spots...not very noticeable, but i know they're there! so i was delighted to see that retailer brought back this cardigan, this time from meadow rue. i purchased both the cream and gray colors in a size small....i am usually a s",Love this cardigan!,19,3.8461538462
0,6,2,19,3,35,40,40,12,23,21,6,12,10,3,2,8.5,304.66,47,Unknown,F,125000,20020,,Gold,2,This dress is so much better in person. i would say it is tts but it was oddly baggy around the chest/armpit area which didn't deter me from keeping it. the biggest negative i have is that it is rayon but i don't think that'll change with retailers anytime soon.,Polka dots,,3.3333333333
0,28,0,19,3,150,125,125,13,29,28,6,6,11,3,0,,1738.05,56,HomeOwner,M,43000,50830,24OCT1980,Platinum,,"Loved the styling, versatility, fit & quality of this top! length was good, not too fitted, perfect piece under cardigans & jackets. will look great with jeans, leggings or skirt. very happy with this purchase.",,44,9.6153846154
0,37,1,26,5,90,90,58.5,10,28,65,4,11,25,10,3,18,1094.42,136,HomeOwner,F,89000,120380,14DEC1997,Platinum,3,I bought an retailer cami 10 years ago and it is still in good shape so i looked on the website to see if they still carried them and they did! i bought 3 i was so excited!,,27,9
0,26,2,15,3,75,87.5,65.7,6,20,42,3,11,19,14,2,17.5,713.34,145,Unknown,M,80000,60450,30JAN2001,Platinum,3,Great addition to wardrobe ...have already worn a lot. soft and lightweight.,Cute sweater,24,14.583333333
0,26,2,21,3,100,80,58,13,27,47,6,12,16,5,2,16,716.01,94,HomeOwner,F,89000,44200,11MAR1991,Platinum,3,The colors of this top are even better in person. the blue is easy to pair with denim and there is no need to accessorize -- the print does all the talking! it is a bit wide on the bottom and the print material is pretty thin. it definitely looks like something not everyone else has - worth the splurge.,Work of art,33,6.1538461538
0,29,2,18,3,15,53.35,45,11,27,28,5,12,11,5,2,13.5,380.08,56,HomeOwner,F,113000,40690,,Platinum,2,"This is a beautiful cardi. the cutouts and the full front panels all make it stand out. that said, there are 2 minor flows imo worthy of mentioning, none diminish my satisfaction toward it though. the sleeves are slim, meaning no long-sleeve shirts under it, for me at least. the fabric is a bit ""catchy"", meaning you'd better wear something silky or slippery under so the fabric doesn't crumple up behind your back. nevertheless, i will have so many uses for it last, but not the least, is my sa",Beautifully different!,,4.85
0,24,0,19,5,50,50,46.25,14,33,69,6,6,26,12,2,,520.54,117,Unknown,F,110000,42640,,Platinum,2,"Love these pants- they are so soft and comfortable- do not fall down like low rise trousers.  i like the length for wearing with flats - most wide bottom pants are too long, and these are very casual to be worn with flats.",Super comfy,,3.5714285714
1,0,3,21,2,50,31.25,31.25,12,27,28,6,13,11,4,2,6.67,218.01,57,HomeOwner,U,155000,72020,,Platinum,3,"I love this top! the colors are beautiful & look incredible with jeans as well as so many of the different color pilcro pants in my closet. it's the perfect between-season item.since i don't like garments that have a ""boxy"" fit, i was concerned that this top wouldn't work for me after reading some of the other reviews. but it looks great & feels comfy.",Adorable top!,,2.6041666667
0,24,0,20,5,125,125,125,11,18,15,5,5,7,1,0,,1741.69,44,Unknown,F,43000,45240,12JUL1997,Gold,,I got this in the brown and absolutely love it. this is perfect for cool weather. i'm super particular about fabric quality and this cardigan does not disappoint,"Very nice material, soft!",27,11.363636364
0,20,3,17,2,35,31,31,14,27,26,6,12,10,5,2,5.67,232.02,56,HomeOwner,M,156000,44590,28APR2000,Platinum,2,This is a beautiful top! extremely classy. looks great with dressy trousers or jeans. drapes very nicely. the petite medium fits me perfectly (5'1 126 lb). love it! the embroidery ads so much. so pleased with this purchase!,Beautiful design,24,2.2142857143
0,42,2,19,2,30,49.4,40.4,15,31,33,6,14,13,6,2,13.5,295.86,65,Unknown,M,124000,53170,10JAN1971,Platinum,2,"I hesitantly ordered this cardigan after it spent weeks in my basket. i love it! i am usually ""large"" by retailer brand standards at 5'4"" 145 lbs, but the small fit quite big and i'm glad i didn't go for the larger one. it is super unique and cozy. i gave it a 3 on quality because the knit is a bit itchy and the fibers do come off on other layers. it also is longer than i expected, it hits about my mid thigh.",Unique cardigan!,54,3.2933333333
0,26,0,26,5,100,100,75,10,23,22,4,4,8,2,0,,1108.35,55,HomeOwner,F,70000,0,14JUN1996,Platinum,,"I love retailer clothes, but i've often ordered shirts in an xs that i really needed an xs petite in because of the length and fit through the bust, but they didn't have any petites in the size i needed. i'm at 5'1"", 114 pounds. i got this shirt in xs (not petite) and am thrilled with the fit. the material is formfitting enough to look like a petite, and it doesn't drop below my waist line. i'm thrilled with my purchase!",One of the best fits for an retailer shirt,28,10
0,27,2,17,2,70,64,41.75,15,30,73,6,13,29,20,3,13,413.49,150,HomeOwner,F,120000,61490,01AUG1994,Platinum,2,"A little more see-through than you would think, but has super cute smaller details! also needs to be ironed, a lot.",,30,4.2666666667
0,32,2,19,2,35,30,27.5,12,29,27,6,14,12,6,2,6,219.63,56,HomeOwner,M,173000,51480,23FEB2000,Platinum,2,This floral tank looks so cute on. the layered cut is very flattering and i've received several compliments while wearing it. adorable,Adorable tropic top,24,2.5
0,36,1,21,3,50,37.5,35,11,29,35,5,13,13,5,1,10,347.1,68,HomeOwner,F,141000,72930,30DEC1989,Platinum,3,"Really nice thick fabric, yet lays really nice. scarf included, love the poncho style. will get me throught the end of pregnancy and will look great after as well!",Thick and warm,35,3.4090909091
0,28,2,26,3,100,100,48.15,11,29,55,5,13,22,8,2,20,1461.51,117,Unknown,U,106000,73060,07JUL1981,Platinum,3,"This dress is extremely comfortable. the dress is slightly loose under the armpits, but the other than that the overall fit is great. can be dressed up or down!",Comfortable,43,9.0909090909
0,41,0,18,5,250,152.15,175.7,9,25,37,5,5,15,3,1,,1741.52,77,Unknown,M,31000,57850,29MAR2005,Platinum,5,"This is a very pretty top - flowy w/o making you look larger, a nice blue, and a good transition piece. but, the upper arms are so tight on me! i'd say i have pretty average arms - definitely not super thin, but not large either. i keep staring at it and hoping the fabric will give a bit so i can keep it, but sadly, i just don't think the material will be very forgiving. if you have truly thin arms, i think it would be a great top. maybe sizing up would also work, but for me at least, i think it",Pretty - but tight arms!,19,16.905555556
0,25,0,18,5,100,100,80,13,23,44,4,4,16,5,2,,1122.85,110,Unknown,F,66000,123370,,Platinum,5,"Very cute dress, just way too big. i ordered it online, wish i would have gone a size smaller.",Great for transitioning into fall,,7.6923076923
0,30,0,18,3,200,225,71.8,13,35,64,6,6,24,11,3,,4257.18,104,HomeOwner,M,73000,122980,16OCT1995,Platinum,4,"I was very excited to find this jumper in a store to try on. the small was huge (im 5'8, 130lbs), the xs was better but perhaps a bit short in the upper body, making it feel tight/stretched against my shoulders. i love the print and style, and would have bought it if it was $100 less. however, at the current price, it needs to fit perfectly, which sadly it did not.","Pretty, but not at this price",29,17.307692308
0,24,0,19,3,150,125,91,13,32,53,6,6,21,5,2,,1739.01,102,Unknown,F,59000,73190,24OCT2003,Platinum,5,"The arm slits are actually subtle, and don't gape open. the chiffon type pleats are lovely, but the cotton material they overlay appears cheap and isn't dressy enough for my work.",Fabric looks inexpensive,21,9.6153846154
0,37,0,18,3,135,130,82,12,31,52,6,6,23,5,1,,1753.52,113,HomeOwner,F,65000,96200,,Platinum,5,I so wanted to love this top. i first ordered in the medium because previous reviews said it ran large. i got the medium and it ran so small in the arms that i could almost not get it off with ripping it. so i ordered an xl hoping that would work. unfortunately it ran just as small i'm the arms and i had to return.,Wanted to love,,10.833333333
0,38,0,19,3,90,67.5,57,10,30,35,4,4,14,5,1,,639.75,68,HomeOwner,M,91000,78780,20JUN2004,Platinum,5,"I ordered the geometric, blue/red pattern in a small regular. the material was soft and comfortable. it is a stand-out piece but unfortunately, it made my stomach look like it was sticking out too much. the neck line did not stay flat against my chest which resulted in an ill-fitting, bunched up look. i returned this one. for reference, i'm 5'4"" 120lbs 34 a.",Accented all the wrong spots,20,6.75
0,37,0,18,3,75,62.5,58.35,10,26,31,4,4,11,3,1,,548.23,68,HomeOwner,M,89000,67210,23APR2004,Platinum,5,"First of all, the colors are really pretty, fabrics feel really nice. but.... the fit was no bueno. i think if you are tall and small chested, this dress would look great. but i'm short and large chested and it was very unflattering. when the fabric transitions from the stripes to solid, it doesn't hang nicely due to my chest. sadly this is a return for me.",Eghhh,20,6.25
0,32,0,18,3,125,125,120,13,29,45,6,6,17,5,1,,1754.65,86,HomeOwner,F,45000,101400,07MAY2003,Platinum,5,"This gorgeous &amp;amp;amp; beautiful dress is hampered by a see-through unlined bodice and all viscose/polyester fabrication.  by the way, did you see the price tag?  at least the skirt is lined.  if you have deep pockets and don't mind the slightly rough fabric, go for it.  and wear a nice bra.  size up if you're busty.",Pretty & pricey,21,9.6153846154
0,34,0,18,5,125,125,50,13,30,43,6,6,17,5,1,,1744.87,88,HomeOwner,F,102000,59410,04JAN1987,Platinum,5,Loved the look of this top. sadly it runs quite small and was very tight where other non-swing tops in a large do not. the item ran out of stock far too quickly. i normally wear a large but feared that the large would be small and wanted to order up but it was already put of stock. the quality and style are great especially for a larger chest. length is great for taller women.,Love it but.....,38,9.6153846154
0,0,0,26,5,95,95,67,9,27,49,4,4,19,5,2,,1079.82,103,HomeOwner,F,78000,104260,30DEC2005,Platinum,5,"I was confused by this dress. the heavy fabric made me think of winter but the cut and print are springy. it's also not lined and the material is not exactly soft. i put it back. cute, but missed the mark.",,19,10.555555556
0,39,0,19,5,130,130,80,13,28,39,6,6,13,3,1,,1737.86,87,HomeOwner,M,66000,43290,04MAY1993,Platinum,5,Well - i was disappointed in the fabric for this dress. it is a heavier material and i suspect will not be very cool / comfortable during warmer weather when i would normally wear a sleeveless dress.on the upside - the pattern is really pretty.,,31,10
0,37,0,26,5,125,125,75,9,26,44,4,4,16,3,2,,1752.99,87,Unknown,F,70000,50310,23MAY2004,Platinum,5,"I really had high hopes for this dress. i had several issues with it, though based on the high ratings other customers did not experience the same problems. 1- it was to short. i am 5'8"" and it was really really short on me. i could not sit down in it. 2- i found that it ran large. i've lost some weight recently, so perhaps i've gone down a size, but the medium was like a sack on me. 3-the waist was really roomy. it ballooned out to the point that it was comical. 4- as others have noted,",Not for me,20,13.888888889
0,34,0,18,5,125,125,85.65,7,18,42,4,4,20,8,2,,1742.04,126,HomeOwner,F,62000,52780,10FEB2004,Platinum,5,"This seemed to run a little bit small on me... more form fitting than on the model in the photo. also, it's thin. i'd be sold on it for sure if it were just a little longer too because i like the almost-lingerie-like look. the lace applique is pretty, and if you purchase it for that, then it really shows up better on the two lighter colors - it really gets lost all in black.",Lace layering tank,21,17.857142857
1,38,0,24,3,75,62.5,50,10,28,33,5,5,13,4,1,,311.83,69,HomeOwner,M,102000,48490,,Platinum,5,"Scratchy, wide cut = not flattering, i tried to make this work because i wanted a different, unique cardigan. but.... the color is not for me either.., it's yellow/ivory. bummer! so cute on the model! the snaps are my very favorite part!",Cute idea,,6.25
0,34,0,18,5,100,100,48.9,12,30,50,6,6,20,9,2,,1115.45,89,Unknown,M,104000,49790,25FEB1989,Platinum,5,"I read the other reviews before i purchased this jumpsuit because it's very cute. as another 5'3"" reviewer mentioned it will be longer so for me that's a plus but i have thighs, not huge but regular well proportioned woman thighs and boobs. it was a little tight but doable around my thighs but my boobs got ""lost in the sauce"". i gotta love it to keep it and i don't. it's a great print and fabric though.",I wanted to love it.,35,8.3333333333
0,0,0,15,5,120,120,84,10,26,52,3,3,18,5,2,,1106.36,103,HomeOwner,M,63000,0,17JUL2005,Member,5,"I loved the romantic look of this robe and gown set, but the material was very thin and wrinkled and needs to be ironed. the m/l was uncomfortable and i normally wear only a m. sadly, i returned the set.",Beautiful online,19,12
0,37,0,20,5,125,125,100,13,32,52,6,6,20,4,1,,1752.73,99,HomeOwner,M,54000,41210,12MAY1992,Platinum,5,"I really wanted to like these. they're soft, long enough for 5'8 1/2 and a nice color cut the rise is quite low and the hips puffed out in a weird way. have to return ;(",Very soft but too low rise,32,9.6153846154
0,35,0,24,5,250,250,154,12,32,73,6,6,31,10,2,,4258.68,140,Unknown,U,35000,43290,25JUL1997,Platinum,4,"The item i received was not distressed. i bought one size larger thinking they'd be super slouchy, but they just looked sloppy. also, the hips puffed out in a very strange way. i wanted to love since they are so cute and soft, but i look like a man with hips in these jeans. returning this weekend.",Not entirely as described,27,20.833333333
1,38,0,26,5,75,75,60,9,25,42,4,4,15,4,1,,713.74,87,HomeOwner,F,87000,83460,06NOV1996,Platinum,5,"I tried on the grey version in store, and it was significantly longer than pictured. the back came down to just below my knee, which looked awkward with the split sides. i am 5'4"" and this was a regular (not petite) size. however, the overall quality of the fabric was good and it seemed durable.",Way longer than pictured,28,8.3333333333
0,26,0,15,3,100,87.5,62.5,11,22,35,5,5,13,4,1,,698.25,91,HomeOwner,M,83000,85800,31MAR2003,Platinum,5,"This dress was cute but the fit was not quite right. the bottom half fit well but the top half was a little loose. it was wearable but i was worried after wearing for a few hours it would stretch out even more and look frumpy. like other reviewers have said, this dress really needs a belt to bring it together. i ended up returning it because i didn't love it.",It was ok,21,7.9545454545
0,40,0,19,5,125,125,87.5,13,26,46,6,6,19,4,2,,1736.56,103,Unknown,F,61000,49270,03MAY2003,Platinum,5,"I ordered a large, and was hopeful that this would be as comfy and stylish as others reviewed. for me, it was not. it ran a little small on top, buttons bulged at my chest, and was hard to put on. bottom part fit well (although flattened my butt unflatteringly). i'm sure this works for some, just wasn't the right fit for me. sent it back.",Odd proportions for me,21,9.6153846154
0,17,0,19,3,125,125,83,13,30,50,6,6,20,5,1,,1751.51,113,HomeOwner,M,64000,95420,14OCT2004,Platinum,5,"Wanted to love this top, but couldn't. the arm holes where so big you have to wear a top under to hide side boob... very light sheer material. had to go back",,20,9.6153846154
0,26,1,21,5,80,80,42.5,5,15,34,2,6,11,6,2,16,1090.24,102,Unknown,U,118000,81120,18MAY1999,Platinum,5,"I thought this dress looked really cute and many people gave it great reviews. for me, there were a few key things off for it to work. i thought the material was soft, although not thick as you might expect with a turtleneck style dress. i ordered a small and the top fit ok, the arms were a little tight. then the larger problem was the body, it hides everything which is great but the way it fell and just sort of hung there, it didn't do anything for my figure and was not flattering around the wa",Just a few things off,25,16
0,16,0,15,5,75,75,43.75,12,30,37,5,5,14,4,1,,774.96,76,Unknown,M,115000,55770,09FEB1986,Platinum,5,"First, i absolutely love this dress, and i was super excited when it arrived today. i sized up as other reviewers recommended, and the dress fits perfectly. however, when i zipped the dress up, the zipper came apart in the center. going up another size would make the dress fit improperly, so i am hoping to exchange it for a new one and have better luck with the zipper.","Gorgeous dress, poor quality zipper",39,6.25
1,28,0,15,5,100,100,74,10,24,40,3,3,15,5,2,,1011.7,81,HomeOwner,M,71000,148590,03JAN1996,Member,5,"I was really excited for this dress to come and hoped it would work well for a couple of holiday parties that i will be going to this season. i wasn't sure what i thought when trying it on, but i am thinking it will go back since i still am not super excited about it. for me the waistline was a bit high, and it had a bit of a frumpy feel. i love the floral pattern but overall it just wasn't amazing.",Not so sure about it,29,10
0,30,0,15,3,75,62.5,34.4,12,30,52,5,5,21,8,2,,1039.98,111,HomeOwner,F,143000,23530,15DEC1995,Platinum,5,"This dress is beautiful, made with high-quality fabric, unique design and color, etc.but it fits so weird! i am hourglass shaped so this dress seemed pretty ideal, but i just couldn't make it work. it was heavy and awkward feeling when on, the clasp at the breast would definitely not stay closed long, and would undoubtedly need replacing sooner than later. the sleeves are too fluttery and long. the dress itself is just too bulky and has too much of that beautiful fabric. maybe a really tall, s",Awkward to wear,29,5.2083333333
0,29,0,18,5,125,125,51,14,31,45,6,6,18,5,1,,1743.63,91,HomeOwner,F,100000,82680,26NOV1998,Platinum,5,"So i was super excited to get this skirt, unfortunately it's not what i thought it would be. the color is much different then what pictured, it has bronze threading and the black on the picture is more gray in real life. the material isn't so great easier, i thought it would be thicker but instead it's pretty thin and wrinkles easy. the design is very cute and it is a flattering shape but the material is just too poor for me to give this a good rating. i wouldn't say it's itchy like the other re",,26,8.9285714286
0,38,0,15,5,100,100,56.25,9,24,36,3,3,12,4,1,,1112.32,76,HomeOwner,M,92000,73970,06FEB1981,Member,5,I wish it were easier to get in this dress. i'm 5'4 with a 36d and i couldn't get it on. it's so pretty though.,Feminine beauty,44,11.111111111
0,35,0,18,5,170,170,93.75,13,34,35,6,6,15,4,1,,1744.24,65,Unknown,F,57000,36010,,Platinum,5,"I'm 5'1"" and this top was too long for me. it's pretty but expensive for what it is.",Lovely top,,13.076923077
0,27,0,19,5,125,125,87.5,13,28,29,6,6,11,2,1,,1743.29,65,HomeOwner,M,61000,44720,17JAN2003,Platinum,5,Like it; but it's quite short and rather boxy. i'll keep it because it's pretty versatile.,Nice sweater.,22,9.6153846154
0,28,0,18,5,125,125,80.7,13,34,47,6,6,20,7,2,,1746.3,81,Unknown,U,66000,67080,,Platinum,5,"Delaine blazer so many little details with a slight bit of ruggedness. loved the unmatched buttons, checkered back and fraying that gave this piece personality making it appear less stuffy. easyily dress it up or down, that being said it seems to run true to size except the arms and shoulders were very tight. i would consider going up a size if more of an athletic build. ordered a 4 but i think a 6 would have been perfect!",Wanted to love,,9.6153846154
1,25,0,17,3,100,112.5,100,13,35,41,6,6,17,4,2,,846.47,68,HomeOwner,M,54000,36270,11JAN1997,Platinum,5,"I'm pretty tan and i always have to be careful with white tops or pants. i love the embroidery detail but this top is practically see-through for me. it is double-lined, but i could still see my bra. very pretty though and i was disappointed that it didn't work for me.",Sheer but pretty,28,8.6538461538
0,28,0,24,3,80,75,62,9,26,48,4,4,17,5,1,,711.69,101,HomeOwner,F,84000,76570,13FEB1989,Platinum,5,"Beautiful. got several compliments when wearing it. does not hold up with washes though. threads unraveling everywhere. i am thinking of returning it for this reason. fits true to size. i am 5'4"" 118 lbs, xs fit. i am smaller on top.",Beautiful but doesn't hold up well,36,8.3333333333
1,25,0,18,5,100,100,53.75,12,29,44,5,5,16,4,2,,1239.72,89,HomeOwner,M,96000,97370,20JUL1993,Platinum,5,"I like how this jacket is very versatile. you can wear it to work, or play. it does have interesting detail on it, i kept it based on the price and those details. i have the olive color. the arms are a little tight.",Several ways to wear,31,8.3333333333
0,30,0,18,3,125,112.5,67.8,13,32,60,6,6,26,9,2,,1112.07,151,Unknown,F,77000,110110,21JAN2005,Platinum,4,"I fell in love with this dress online. i listened to the reviews and ordered a size up. i got it in the mail and couldn't wait to try it on! i was sad that to find, that while it was tight across the chest and the keyhole in the back seemed to pull, it was really large in the body. in addition, while the lace is beautiful it is very fragile. i still think this is a great dress but definitely for someone who is small chested. for reference i am a 32dd and size 2-4 and i ordered a medium.",Lovely dress if you are small chested,20,8.6538461538
0,27,0,17,3,80,75,55,12,31,42,6,6,17,5,1,,708.33,81,Unknown,M,94000,68640,24JUN2006,Platinum,5,"The shirt is beautifully made and very comfortable. i'm a medium though, and i ordered as such- but it's way too big for me.",,18,6.25
0,31,0,19,3,75,62.5,41.65,11,28,52,5,5,19,6,2,,543.09,129,Unknown,F,121000,70590,,Platinum,5,"I'm 5'7, 125lbs, and the small fits perfectly. the sleeves are the right length (i have long arms and legs), and the body fits loosely, without looking sloppy. at my height, the small is not long enough to wear as a tunic, which is fine.unfortunately, the shirt arrived with makeup stains around the laces and the inside of the shirt, so i had to wash it before wearing it.i only purchased this shirt because it was on sale.",Fits well,,5.6818181818
0,22,0,26,5,125,125,68.75,12,33,74,5,5,28,20,3,,1752.33,129,Unknown,F,76000,62400,,Platinum,4,"An odd top.for my curvy figure (34g), the seam did not enhance, but rather made me look wider.the material is...interesting. foam-like is all i can think to describe it. the fabric and design are not as elegant looking in person.",Wanted to love...,,10.416666667
0,47,0,26,5,100,100,71,9,21,47,4,4,18,5,2,,1113.28,115,HomeOwner,F,74000,85410,26JUN2006,Platinum,5,"Nice sweater, just did not look good on me. sorry, going back.",,18,11.111111111
0,29,0,20,3,125,142.5,93.25,13,33,80,6,6,33,17,3,,1747.02,152,Unknown,F,57000,78000,10DEC1998,Platinum,4,I really wanted to love this top the material and pattern are lovely but the fit is strange. it looks like a maternity top on me and as another reviewer said it is right across the back but loose at arms and midsection. for the price i returned it.,Strange cut,26,10.961538462
0,42,0,18,3,125,125,61.55,13,34,74,6,6,30,13,3,,1738.47,142,Unknown,F,85000,58110,04JUN2000,Platinum,4,"I'm an xl in retailer tops, and the xl fit as expected in this blouse. however, the elastic cinched in such a way under my bust that it did not look flattering. the cut in the sleeves hang open too much for me and makes it more of a costume. i also had issues that the chiffon type sleeves did not match the color of the knit fabric used in the rest of the blouse. the blouse is a good quality, but there were too many other issues for me to keep it.",Sleeve color doesn't match rest of blouse,24,9.6153846154
0,25,0,20,3,100,100,56.65,13,33,50,6,6,19,6,2,,831.88,89,Unknown,M,91000,78910,,Platinum,5,It doesn't work with me only because i have very skinny arm. i can not handle the arm part of the dress. it is still very pretty though. i would keep it if i fit the arm :(,A pretty one,,7.6923076923
0,36,0,18,3,100,100,82.5,12,26,41,6,6,17,4,2,,827.47,104,HomeOwner,M,64000,139230,04AUG2003,Platinum,5,"Bought these for the color however these just did not work for me. the 26 was too small and the 27 was baggy. i'm 5'3 and typically wear a 26. beautiful color and good denim. if you are looking for a looser fit, more of a straight leg fit...this is a good jean with a fun pop of color.",Ok if looking for a loose fit,21,8.3333333333
0,28,0,26,3,175,162.5,104.6,11,33,68,5,5,26,12,2,,1749.6,117,Unknown,F,51000,75530,20APR1986,Platinum,4,"I loved the idea of this dress, but i find that it isn't very flattering. i think the arm holes are actually very interesting, but i'm 5'5 and 135lbs, and the dress made me look fat and gave me no shape at all. maybe it would look better on a different body type.the material is soft, but a bit stuffy and i could tell it would give me crazy static in my hair.",No shape,38,14.772727273
0,28,0,18,3,100,100,75,12,30,32,6,6,14,3,1,,839.54,68,Unknown,M,70000,143910,,Platinum,5,"I wanted something for the hot summers here, and this fits the ticket. very lightweight and airy. it's somewhat of a strange design, short in the front, hitting an inch or two above the knee, but the back is unusually long. the lining is awkward, and kind of tight and difficult to get into. the material is very thin, and although i haven't noticed any strings or unraveling like other reviewers, it's not the highest quality. overall the dress is nice and lightweight, but not the greatest quality",Confortable,,8.3333333333
0,25,0,15,3,75,60,45,7,25,25,3,3,10,3,1,,494.4,64,HomeOwner,F,113000,55900,16MAR2006,Platinum,5,"I was so excited to order this beautiful coat.  it does seem well made and is very soft.  unfortunately, the fit is completely off and is overall large.  i ordered a small, as this coat appears slightly more snug on top, a-line on the bottom, with three buttons.  i am 5'6"" and weigh approximately 145.  i was expecting this coat to be body-skimming.  instead it was overall large and the bottom of the coat awkwardly flared.  the  pleat on the back is unflattering.  sadly going back.",Awkward and large fit,18,8.5714285714
0,29,0,19,3,75,75,47.5,10,29,52,4,4,21,6,2,,709.71,136,Unknown,F,107000,118560,24MAY1999,Platinum,5,"I had high hopes for this coat, but it was a miss for me. while the wool is soft and not itchy, the colors are a lot duller in person and the embroidery looks messy.  also, the fit runs large with an unflattering poof in the back where the pleat is located.  i thought about keeping it since i liked how soft the wool was, but alas, i just could not get over the poor tailoring.  for reference i am usually a pxxs ( 5ft2in 105 lbs) and it was big.",Disappointed,25,7.5
1,26,0,18,3,85,80,70,12,31,31,6,6,13,3,1,,608.25,65,HomeOwner,M,75000,98670,23MAY1991,Platinum,5,I had to call so many stores to track this shirt down and in the end it wasn't worth it. i got an xs and it was quite baggy. i never buy petite shirts because i feel like they are too short but in this case i think the shirt would have been perfect in whatever the smallest petite size is. for someone who's bigger i'd definitely check this shirt out.,Really cute for summer,33,6.6666666667
0,23,0,18,3,85,65,50.85,13,34,42,6,6,17,6,2,,647.5,76,HomeOwner,M,101000,42250,17MAR2001,Platinum,5,This was just not flattering for me--looked too much like a maternity dress. i can't really do a belted waist so perhaps that would make this dress more versatile for someone else. i was sorry to have to return because it goes well with sandals and boots!,Maternity dress?,23,5
0,17,0,15,5,75,75,55,11,29,37,5,5,15,5,1,,780.65,76,HomeOwner,F,94000,123370,23MAY2005,Member,5,"I have to send the skirt back. i agree with other reviewers who say the slits are extremely high, the ""underskirt"" bunches and the fabric snags easily. additionally, the yarn was already fraying at the top of the slits, and the label was stitched on the outside of the waist band. disappointed in the quality of this skirt, given the pretty steep price.",,19,6.8181818182
0,11,0,26,5,75,75,48.75,9,25,42,4,4,14,4,1,,789.12,89,HomeOwner,M,105000,112320,26JUN1981,Platinum,5,"I love this dress and bought it in the store in the orange, without trying it on as i usually wear a 12 in this brand.  the over-dress is beautiful, however the under-slip is very tight and is apparently made for some one who has no bust at all.  i am so sad and am considering returning it or re-sewing the slip in some way so that it fits.  not sure what to do. don't want to spoil the color combo by wearing something different underneath, but it is so sheer you need something.",Confused,43,8.3333333333
0,29,0,24,5,100,100,83.35,10,27,43,4,4,15,3,1,,1113.91,85,HomeOwner,F,64000,70200,30MAY1985,Platinum,5,"I had this shirt in mauve and loved it so i ordered it in navy. i love the lightweight material. i love the way it fits. however - all the seams are sewn, quite obviously, inside out. only after i received the navy shirt, where it is extremely obvious, did i check the mauve one. those seams are also inside out but done in a much tidier fashion so that it wasn't really noticable. i was unhappy with the sloppiness of the seams on the navy shirt but, because i love the style and the fit, i kept it.",Very strange,39,10
0,22,0,18,5,280,280,87.5,13,31,32,6,6,14,4,2,,4259.63,65,Unknown,U,61000,66170,,Platinum,5,"Low waisted, weird liner.",,,21.538461538
0,28,0,16,3,100,75,62.5,12,28,47,4,4,15,6,2,,697.21,93,Unknown,F,83000,116870,,Platinum,5,"Close but no cigar...  the design and color were cute.  the sweater itself was too warm for me, and itchy.  the top fit snugly in the chest and shoulders but it came out a little strangely at the bottom, it almost had strange fold in the front.  look closely at some of the photos and you'll see what i mean.  sadly it went back.",Not quite...,,6.25
0,22,0,15,3,125,125,95,13,35,71,6,6,28,10,2,,1751.11,125,Unknown,F,56000,130000,03APR1998,Platinum,4,"Very nice top, like the linen fabric. i ordered my regular size m and its huge. makes me look larger than i am, and i will be returning it. i would like a size s i think, just not a flattering oversize fit for me",Nice shirt but huge,26,9.6153846154
0,27,0,19,3,100,65,45,12,30,32,6,6,13,4,1,,638.63,69,HomeOwner,F,113000,59150,28DEC1988,Platinum,5,This dress could have been great but for me there was too much design on the top part/ front. i wish the neckline was different or just less beadwork/ design near my face.all in all its a maxi dress and was returned because approx. $250 was too much to spend on this.,Too much,36,5.4166666667
0,24,0,18,5,100,100,95.85,11,26,53,4,4,23,6,2,,1110.33,137,HomeOwner,F,56000,71500,13JUL2004,Platinum,5,"This top looks adorable in the product photos, so i had high hopes. i think i might be too short to pull it off, but like another reviewer said, i found it to be like a tent on me, billowing out in all directions. it was just overall too big on me--i even considered whether i could wear it as a dress, but the sleeves were also too billowy on me. i am 5'4"", 120 lbs and tried the xs.",Runs large,20,9.0909090909
0,24,0,18,3,100,87.5,54.15,15,32,53,6,6,18,6,1,,711.77,113,HomeOwner,F,95000,94380,28NOV1986,Platinum,5,This top has dry clean only. didn't like the fabric. plus mine was a return. i also returned it because the left arm has a hole. now it's for sale again. if your looking to buy a large. don't.,,38,5.8333333333
0,0,0,18,5,125,125,87,13,30,52,6,6,19,5,2,,1755.05,99,HomeOwner,F,61000,62530,26APR1990,Platinum,5,"Doesn't fit as tight/as slimming as you think it would by looking at the picture, definitely order one size down if you want it to fit tight!",,34,9.6153846154
0,28,0,18,3,100,75,68.75,12,30,40,6,6,18,4,1,,705.38,76,Unknown,F,76000,47580,29NOV2005,Platinum,5,Looks better online than in person. material makes it look a little puffy,Just ok,19,6.25
0,26,0,20,5,75,75,60,11,29,47,5,5,18,5,2,,771.16,110,Unknown,F,87000,77870,31DEC1998,Platinum,5,"This vest is very nice and fashionable, very stylish. i like it a lot. however, it is too itchy. the opening in the front didn't allow me to close as many buttons as i like but i would totally wear this stylish vest even though it is not as functional when it is cold. however, the itchiness is too much. i don't wear wool unless it is ultra soft or mixed with cashmere, so i could not imaging wearing this vest, it is too itchy. why ruin such a good thing?",Very nice vest but itchy,26,6.8181818182
0,30,0,16,3,100,77.5,60,11,29,30,5,5,12,3,1,,710.52,65,Unknown,F,87000,65780,03APR2005,Platinum,5,"I loved the blue brocade since it's a little unusual, paired with a top that brings an otherwise formal fabric into something you could wear out to dinner, plus a little pop of extra color from the ribbon! my biggest fear ordering online was that the top would look cheap - fortunately it doesn't. the top of the dress was fitted (i wore my usual size). what i didn't expect, though, is the skirt is really poofs out a lot below the ribbon, which runs just below the bust. the photo online shows a li","Neat fabric, but too much poof!",19,7.0454545455
0,28,0,18,3,75,58.35,50,11,30,31,5,5,13,4,1,,497.08,64,Unknown,M,102000,62920,,Platinum,5,"I love the pattern and style of this top. it is a flattering cut, however, it was way too short. i am 5'6"" and small usually fits me without issue. sadly enough i had to return it.","Great potential, but ...",,5.3045454545
0,41,0,15,5,125,125,29.55,10,23,56,3,3,23,11,3,,1753.32,146,Unknown,M,163000,122850,02JUN2006,Member,4,"These jeans fit perfectly. however, the distress at the knee was a bit too distressed for my taste. i would recommend these jeans for a younger demographic.",This product needs a bit of tweaking,18,12.5
0,42,0,19,3,105,90,60,13,27,37,6,6,15,4,1,,953.58,99,HomeOwner,M,87000,43680,02MAR1996,Platinum,5,This shirt runs large. i ordered it before it was sold in stores so i didn't return it. the style is really cute. the shirt does pill.,,28,6.9230769231
0,35,0,18,3,100,100,53.35,13,34,43,6,6,18,6,2,,838.49,76,HomeOwner,M,96000,77870,05JAN1979,Platinum,5,"Material is nice. design would be so great if it didn't fit so large! i am 5'4"" 118lbs, athletic build. the dress could be belted i think (a very slim girl at retailer did this), but it is not worth $158 in my opinion. if on sale i might keep it due to the hastle of returning it, however, it is not ""flowy."" it fits okay in the shoulders, almost too loose, and the rest looks like a potato sack. so disappointed!!",Just so big :-/,46,7.6923076923
0,31,0,21,5,100,100,58.35,12,28,37,6,6,13,3,1,,1107.98,77,Unknown,M,89000,61750,02JUL1993,Platinum,5,"Nice jeans, just fyi they look more slimly fitted in the photo than they actually are when you get them. that's why i returned them. otherwise, fine.",,31,8.3333333333
0,24,0,18,5,175,150,100,14,29,56,6,6,21,5,2,,1750.44,108,Unknown,M,54000,71760,,Platinum,5,"This is just okay for me. the top is soft and surprisingly flattering, especially from the side, but the front rides up and the neckline never lays flat. it washes well and the tan/white combo is cute, but a little transparent.",Meh,,10.714285714
0,22,0,18,3,210,205,117.8,14,36,70,6,6,27,9,2,,1749,116,HomeOwner,M,46000,107120,06JAN2004,Platinum,4,"Gorgeous sleeves, flattering neckline...and a voluminous torso. i loved the fit of the top portion so much, i decided to buy it, knowing it would require alteration. the seamstress removed a *significant* amount of bulk and added vintage buttons to clasp the inverted pleat. i find many of these ""easy breezy"" tops create a shapeless look. extra volume in both the front and back creates a needlessly rotund profile. despite excellent posture, i looked both hunched and pregnant in the unaltered silh","Pretty, if you have an alterations whiz",21,14.642857143
0,30,0,18,5,75,75,48.35,10,24,28,4,4,10,3,2,,782.57,69,Unknown,F,105000,84110,,Platinum,5,On the picture shows the belt.doesn't come with the belt.,Top,,7.5
0,39,0,18,5,95,95,64.15,5,11,32,2,2,11,6,2,,1082.03,109,HomeOwner,F,81000,97500,21MAR1996,Platinum,5,"I waited and got this sweater at the winter sale. i ordered the navy in a medium. the design is pretty, but as has been said, i was surprised at how short it is. i do love the detail, the tie back. nice weight. i have not found it to be itchy. the sweater i received was a store return, and it was a little wrinkled and fuzzy, but for $35 i considered my hunt for the perfect navy pullover to be over. i do need to wear a cami underneath, as the sides are more revealing than pictures. the first day",Meh,28,19
0,38,0,18,5,250,125,115.65,13,35,59,6,6,25,8,2,,1753.65,123,HomeOwner,M,47000,72670,24JUN1996,Platinum,5,"Cute details but not happy with the fit. runs wide and short. the peplum fabric on bottom is stiff, wrinkles easily, and lays funny. returning this one.",Fit is funny.,28,9.6153846154
0,31,0,19,3,125,87.5,66.65,13,29,32,6,6,12,3,1,,965.66,69,Unknown,U,79000,100230,29JAN2000,Platinum,5,"Very lovely sweater - lightweight with cute detailing at the side of the waist, sweet but not saccharine bow at the back of the neck. i really wanted to love this sweater, but it had to go back because it looked, um, used. pilling along the arms before i even got to wear it? it got returned, sadly.","Cute, but...",25,6.7307692308
0,34,0,18,5,100,100,72.5,13,35,35,6,6,16,4,1,,1106.15,66,Unknown,F,73000,109850,,Platinum,5,"I purchased this sweater because of the cute unique diagonal design. however, i was largely disappointed by the fiber of the sweater, it is rather coarse to the touch and a bad fit. on the model it looks nice, but it was large around the torso, yet short at the same time creating an awkward and unflattering fit. i shall be returning it.",,,7.6923076923
0,41,0,18,5,125,125,98,13,32,51,6,6,18,5,2,,1739.7,89,HomeOwner,F,55000,87100,08NOV1989,Platinum,5,"I love pilcros and tried everything to get these to work. one size down, two sizes down, no matter what, they just don't look right. the droopy look didn't work for me.","Good quality, strange fit",35,9.6153846154
0,19,0,17,5,100,100,58.35,9,12,31,4,4,11,3,2,,1119.71,98,HomeOwner,F,89000,73450,21MAY2004,Platinum,5,"This dress is very cute on. very flouncy. i know it looks like a gingham dress, but it's a more like a silk dress with a gingham pattern. the one issue i had was that it ballooned out at the back where you tied it on any size (bug or small), and i am larger on top, so i don't know what would happen with someone with a small chest. i wouldn't have minded if it did the same thing on the front, but it was just the back.",A very blouse-like dress - very cute,20,11.111111111
0,12,0,18,5,75,75,45,12,31,35,6,6,15,5,2,,787.6,69,HomeOwner,F,113000,178750,29JUL1998,Platinum,5,"This dress runs a bit small. the large arm holes were unflattering to my small chest. also, this dress seemed to make my belly protrude. it kind of made me look pregnant in a way that no other dress has! i could see this dress being flattering on someone with a very flat stomach or a large chest. not me!!",Unflattering fit,26,6.25
0,14,0,23,5,100,100,81.25,10,25,43,4,4,16,4,1,,1106.12,88,HomeOwner,F,65000,82550,20OCT2000,Platinum,5,"I wanted to love this. i have been looking for a poncho-type sweater for our cold midwestern winters. the cream colored one that i really wanted sold out instantly and i missed the window for the xxsp. i ordered this in the xs/sp (smallest size available). i am 5'1"" and 108 lbs with small shoulders. the neck opening is huge. my collar bones and a seciton of my upper back were exposed. this would not keep me warm due to so much exposed skin on my neck, back, and shoulders. i suppose i could get a",Neck too wide,24,10
0,32,0,18,5,80,80,62,10,26,43,4,4,15,5,1,,1082.42,88,HomeOwner,F,84000,116480,09JUN1992,Platinum,5,"It was a hard decision, but i'm returning these. they're definitely pretty and well-made. they drape nicely. ultimately, they are too high-waisted and too billowy for most of my tops (which are mostly long and billowy). these trousers are too nice to wear with most of my fitted tanks. even a normal-length t-shirt, untucked, draped weirdly and came down too far on these high-waisted pants. i guess they're too ""formal"" for what i had in mind - pictured them more like a maxi skirt. if they were hal",,32,8
0,31,0,15,5,75,75,50,8,22,28,2,2,9,3,1,,775.21,69,HomeOwner,M,102000,118170,25MAY1981,Member,5,The small is huge on me and the sweater is very itchy. cute idea but not for me. i will return it.,Oversized and itchy,43,9.375
0,37,0,19,5,125,125,112.5,13,29,34,6,6,13,2,1,,1747.74,68,HomeOwner,M,48000,131950,21MAR1993,Platinum,5,"Very high quality dress. there are two layers  (the under navy and over white crochet) which makes this worth the price. however it is very straight, making the dress fit like a bag if you have hips or boobs. tried petite and regular and both were too baggy even in xs.",Nicer in person,31,9.6153846154
0,17,0,19,3,75,70,53.75,11,30,35,5,5,14,4,1,,547.44,68,Unknown,F,96000,97760,06JAN2004,Platinum,5,Runs very big.  i ordered a l and need a m.  unfortunately no medium left!  great top with lots of character. hate i missed this cute top,,21,6.3636363636
0,17,0,18,5,100,100,35.85,8,24,35,4,4,14,6,2,,1120.31,87,HomeOwner,F,138000,176930,23MAY1992,Platinum,5,"This is beautiful fabric and a good fit, but it's such a pain to get on and off, that i just don't want to hassle with it. the button is in the back, and very tricky to reach. too bad, because otherwise it's darling!","Nice idea, but tricky to get on and off",32,12.5
0,26,0,26,5,125,125,95.85,11,33,52,5,5,22,6,2,,1751.75,90,Unknown,M,56000,93080,22FEB2006,Platinum,5,"I like the feel, stretch and softness of this dress, it's very comfortable. sadly, as others have commented, the armhole openings are just too long causing the dress to fit and look a little off around the chest area on me. i considered sizing down to a 4, but it fit beautifully other than the armhole area. unfortunately it will have to go back. i am 5'7"",120 lbs, 34d and ordered a 6.",Wanted to love,18,11.363636364
0,14,0,26,5,150,150,96.25,11,32,50,5,5,18,4,1,,1755.86,93,HomeOwner,M,56000,124670,16DEC1963,Platinum,5,"I love the concept of an airy, flowing sweater that has great detail. this item stole my heart online. however, i am fairly petite (5'3'') and it looked like it was drowning me. the neck line is decently wide and my small frame couldn't hold it up; it kept falling off my shoulders. i ended up returning. i think it would look and feel fantastic though if i were taller and had broad shoulders.",Product great for a tall person,61,13.636363636
0,35,0,18,5,75,75,60,10,24,45,3,3,16,5,2,,780.61,101,Unknown,F,87000,117390,22JUL2004,Platinum,5,The pink version of this top finally arrived -- nearly 2 months after ordering.  the expected delivery date kept slipping.  the color is not as shown online.  online it looks like a light pink.  the actual top was more of taupe color.  it's a basic tee with pretty ruffling at the bottom.  not enough to keep.,Disappointing,20,7.5
0,17,0,25,3,75,50,46,12,32,43,6,6,17,5,2,,497.8,77,HomeOwner,F,110000,235430,03JUN2000,Platinum,5,When i received the dress i went to try it on and one of the loops for the string to cinch the dress broke. guess that's gonna have to go back,Swing dress,24,4.1666666667
0,34,0,15,3,75,75,62.8,13,35,57,6,6,23,9,2,,708.66,99,HomeOwner,M,83000,83980,03JUN1999,Member,5,The pattern and fabric on this dress are very nice. there is just too much fabric. it's much too baggy but could make a nice maternity dress. i'll be returning it.,Too flowy,25,5.7692307692
0,43,0,18,2,100,93.75,66.9,13,35,55,6,6,23,13,2,,594.73,93,HomeOwner,F,78000,105170,10OCT2001,Platinum,5,"I wanted to love this top. the neckline made it look strange on me. if i untied it, it looked sloppy. so, it went back. i love the print though.",Pretty design. awful neckline,23,7.2115384615
0,36,0,19,3,75,70,55,13,32,38,6,6,15,4,1,,536.92,81,HomeOwner,M,94000,112710,08JUL1976,Platinum,5,The shirt is great except for the arms!! the band around the arms are tight and it makes the arm holes gape weirdly unless you are standing with your arms straight down by your side.,Weird arms!,48,5.3846153846
0,42,0,18,5,125,125,90,13,31,51,6,6,21,4,1,,1738.89,116,HomeOwner,M,59000,75010,25JUL1997,Platinum,5,"Beautiful - ordered a s, i wear a 2 in most retailer items. hand washed in cold water, shrunk inches, yes inches! love maeve clothing, this shirt is gorgeous. before hand washing in the sink, it was large and flowy. now it barely fits.",,27,9.6153846154
0,32,0,25,5,100,100,58.35,12,30,39,6,6,16,3,1,,1110.56,77,HomeOwner,M,89000,96850,19MAR1998,Platinum,5,"This dress has so much potential but doesn't make it.i read all the reviews and very few were favorable and still took my chances. fabric color and textures is great but the design is really off.with the little folds on the shoulder and since the fabric is more on the thick side, all this make it to accumulate the ""extra"" weight on the front of the body and as result ""not flattering"" for the majority of ladies including meit is a shame since it has may great features, the style: flowy, low",Frustrating dress,26,8.3333333333
0,29,0,26,5,100,100,89.3,10,31,53,5,5,20,7,2,,1120.64,88,HomeOwner,F,60000,105170,26JUL1989,Platinum,5,"I was in love with the green print, so i ordered this despite the reviews. i wish i'd listened. the fit is incredibly weird--huge at the top but tapering in at the hips. so sad this didn't work.",,35,10
0,52,0,20,3,135,120,76.1,13,34,76,6,6,31,18,3,,1111.92,151,Unknown,F,69000,63700,,Platinum,4,"I love the pattern (red motif) but the sizing of this dress is way off. the top fit fine but the hip area was so tight when standing with my legs hip-width apart. the only way it looked normal was if i stood with my feet together and thighs touching. i ordered my usual size 10 - for reference i am 5'9"", 170 #bra size 34f and 40-41"" hips.",Sizing out of proportion,,9.2307692308
0,26,0,19,3,105,95,67.5,12,28,47,6,6,17,4,2,,965,93,HomeOwner,F,78000,71240,23NOV2004,Platinum,5,"I saw this dress in the store and absolutely fell in love with the fabric and just had to have it. i ordered it on line in my size and when it arrived, i tried it on (or tried to try it on) and it didn't fit some parts of my bday (mainly in the bust). i ordered the largest size, so there was no where to go from there except to send it back. others here have complained about a strange fit in the tummy area (i.e., too much material). i never got to find out because i really couldn't get the dress",Didn't look on me the way it looks on the model,20,7.9166666667
0,33,0,18,3,125,90,60,13,30,36,6,6,15,4,2,,963.75,74,HomeOwner,F,87000,61490,,Platinum,5,"The breast and arm area is too tight. best to size up two sizes. the blouse runs too small overall. the color is a darker blue than pictures in the photo. it's a pretty blouse, and great quality.",Pretty blouse that runs small,,6.9230769231
0,33,0,26,5,100,100,66.65,10,30,50,5,5,20,6,2,,1112.86,93,HomeOwner,M,79000,61750,15NOV2004,Platinum,5,"I saw this dress in the store months ago and never forgot it, so when i saw it on sale i nabbed it online. so sad to see how this dress fits: just right up top, just right along the hem, and then it's a hot, potato-sack-frump mess in the middle. it's a shame because the fabric is beautiful.",Wanted to love it,20,10
0,34,0,18,5,100,100,68.35,13,34,58,6,6,25,6,2,,1125.05,117,Unknown,F,77000,25870,14JUL2005,Platinum,5,"I found the color to be a bit blah, and the sweater is chunky and is a tad too short for wear it lands. also, because of its ""chunkiness,"" it doesn't tuck in as nicely to a pair of jeans as it appears to on the model.",Just ok.,19,7.6923076923
0,35,0,18,5,80,80,70,13,27,47,6,6,18,6,2,,1092.62,92,Unknown,M,75000,44720,16MAY1998,Platinum,5,"I loved the look of this shirt, but when i put it on it was entirely too billowy under the chest. it just ended up making me look larger and pregnant.",,26,6.1538461538
0,25,0,18,5,125,125,76.45,13,32,65,6,6,27,7,2,,1746.02,137,Unknown,M,69000,64350,23OCT2006,Platinum,4,"I purchased these pants in blue, they fit great - only problem is that one leg is about 1/2 inch longer than the other. i got them on sale with a discount so i will keep them and take them to a tailor to fix. bummer.",,18,9.6153846154
0,18,0,17,3,125,137.5,128.15,13,35,70,6,6,30,8,2,,1737.52,128,HomeOwner,M,42000,124280,03DEC2001,Platinum,5,"I hoped, from the picture, that this would be more of a ""straight down"" sort of fit. retailer is usually really great at selling tops that flatter hips without having an obvious bell shape to them. however, the top had too much of a ""flare out"" bell-shaped vibe. i need to be able to wear this with maxi skirts in the summer, but this top would be too sack-like and billowy with those. i think it would only work with jeans/trousers. my final objection was the arm holes - the way they are cut,",,23,10.576923077
0,27,0,19,3,100,133.35,101.5,13,35,59,6,6,24,10,2,,1744.03,116,Unknown,M,53000,95160,18JAN2004,Platinum,5,Fit is just like stet in my opinion.,Cute but not for me,21,10.257692308
0,29,0,18,2,100,100,83.35,13,35,37,6,6,16,6,1,,842.58,65,Unknown,M,64000,67860,23APR2006,Platinum,5,"I love the details and design of this top- my only issue is the top is a bit too ""flowy"".",Love but a little too much flow,18,7.6923076923
0,30,0,26,5,75,75,52.5,10,27,48,4,4,18,6,2,,776.91,93,Unknown,F,98000,55900,13MAR2003,Platinum,5,"This is a nice dress made with high quality fabric. unfortunately i'll need to make a return as it was quite big. i bought this dress in an xs and it was too large all around. i am about 5'3"" and 112 lbs and would have taken the petite, but there were none available. i'm not sure the petite would have even been small enough. the dress was a bit too long for short ladies and definitely too large in the waist and the bust (i'm small on top). it's too bad a this was a cute, and versatile dress that",Runs large,21,7.5
0,35,0,26,5,75,75,59.15,9,26,49,4,4,18,6,2,,788.58,93,HomeOwner,F,88000,67860,07JUL1995,Platinum,5,This blouse is so cute...casual but still stylish. the problem was that is is a little short for someone with a long torso and it is almost too revealing...the v is so plunging you would have to either pin it our wear a cami. the beads on the ties on the sleeves are also rather heavy and they swing and roll around on your arm...maybe wouldn't bother some but it was a return for me.,Revealing,29,8.3333333333
0,45,0,20,3,100,100,52.85,13,31,55,6,6,22,7,2,,841.55,110,HomeOwner,F,97000,73970,21JAN1996,Platinum,5,Cute dress...but akward fit. sleeves are a bit sung but the rest of the dress is a little large for its size.,Cute dress...akward fit,29,7.6923076923
0,33,0,17,3,100,75,53,13,34,39,6,6,16,5,2,,699.65,69,HomeOwner,F,97000,69420,18MAY1984,Platinum,5,I loved the look of this tunic. it is made well and very pretty. it was so big and heavy i had to return it. i think the small in this would be too big.,Tunic,40,5.7692307692
0,27,0,26,5,75,75,40.85,6,17,30,2,2,11,6,1,,787.35,122,HomeOwner,F,123000,64740,22JUN2007,Platinum,5,"I loved the look of this shirt but full price was a little steep so i waited for it to go on sale and am glad i waited because only a l was left and it was perfect fit since i originally was thinkng of getting a small or medium which i usually do at retailer but this one was running really small compared to retailer other shirts. the fabric is great but when i looked at it carefully, the zipper construction is sewn poorly as well as the sewing at the buttons area...also, there were a lot of thread h",Great design but execution is meh.....,17,12.5
0,30,0,26,5,100,100,46,5,23,36,2,2,11,5,2,,1116.74,77,Unknown,F,110000,54730,,Platinum,5,"This is a truly beautiful dress, and yes, so much better in person.  upon examining the dress, however, i saw some problems.  the embroidery above the waistline was loose in places, there were some frayed ends, and even some &#39;fuzzy&#39; spots where it looked like the stitching had rubbed against something.  the dress is over $250, and for that price i expect the embroidery to be top-notch.  returning and hope the replacement is in better shape.  if so, it will be a keeper!",Quality issues,,20
0,22,0,25,5,95,95,67,10,30,53,5,5,21,5,2,,1085.83,98,Unknown,M,78000,57460,,Platinum,5,"I ordered my usually size, xs, and it's just so wide and unflattering. looks like i'm wearing a tent. i don't understand why tops anymore are either huge or skin tight. why not something in between?!  the pink color is really pretty and the details are nice but it's just blah in terms of the fit.",Like a tent,,9.5
0,32,0,18,3,150,127.5,61.5,13,34,64,6,6,25,10,3,,1741.8,116,HomeOwner,F,85000,50830,24JAN2005,Platinum,4,"High quality, yummy soft fabric, gorgeous color. even with those three pros, this jumpsuit is not for me. i am 5'2"" and 150 lbs, size 10-12 m/l in the lines that retailer carries. i own one of their jumpers and it is very flattering! this one, however has capri pants, hits awkwardly at the midsection and makes my torso look even more square. on a tall, thin woman, it probably works!",Not for me,20,9.8076923077
0,34,0,25,5,100,100,72.5,12,23,22,6,6,12,4,2,,1113.08,66,Unknown,F,73000,100620,,Platinum,5,"Just didnt like the fit. it ""puffed out"" in front, so that wasnt very flattering. i have an hourglass shape, and this was not a good fit for me.",,,8.3333333333
0,28,0,18,5,125,125,75.4,7,14,41,4,4,18,12,2,,1751.04,125,HomeOwner,F,70000,79950,31MAR2002,Platinum,4,"I wanted to love these, but they're so tight around the top. my legs are normal size and i couldn't get them above my knee. the top isn't stretchy...it has a string that keeps it from expanding. they are so very cute, but unfortunately must go back for me.",,22,17.857142857
0,57,0,27,5,100,100,75,9,29,46,4,4,17,4,1,,1117.89,89,HomeOwner,M,70000,92820,18FEB2006,Platinum,5,"This very lightweight cardigan looked like an eggplant color online. it's brown with a hint of burgandy. not bad, but unexpected. i am very short -waisted, and this lies very high on my torso. the seams are unfinished, and it looks cheaply made. glad i got this on sale.",Lightweight cardigan,18,11.111111111
0,26,0,18,5,75,75,62.5,10,22,27,4,4,9,2,1,,787.48,69,HomeOwner,M,83000,107770,11MAY1997,Platinum,5,Looks nice andi did like the button detail on the collar. colors are nove and the feel is soft. i would probably have to get a petite smaller size.,"Yoo big for smaller framws, but",27,7.5
0,13,0,18,5,500,150,95,15,37,73,6,6,29,13,2,,11176.46,128,HomeOwner,M,56000,63310,02MAR2002,Platinum,4,"I love the look of this sweater and was so happy with how it looked and felt when i first tried it on, but within a day of wear, i noticed significant pilling, which made it appear much older / worn.","Beautiful sweater, but pills",22,10
0,27,0,15,5,75,75,63.55,11,31,58,4,4,23,7,2,,770.88,115,Unknown,M,82000,33280,28MAR1998,Platinum,5,"I ordered this in black and red. i had high hopes based on the reviews this received, but it's just ok. i will be returning.",Just ok,26,6.8181818182
0,35,0,26,5,125,125,52,10,29,45,5,5,17,5,2,,1747.82,88,Unknown,M,99000,59540,15MAY2003,Platinum,5,This thing sheds so much it's almost unuseable but i used an entire roll of sticky roller and got it to the point where i could wear it with only a glob of fuzz on my underwear not other people's couches. it's cute and fits well other than that. buy a sticky roller!,,21,12.5
0,34,0,15,3,100,83.35,62,13,26,40,6,6,13,5,2,,699.62,88,Unknown,M,84000,53430,,Platinum,5,"I bought this sweater in dark grey in the store. i really loved it at first - it's very soft and cozy and fits really well. i especially like that it's long enough to cover my tummy and butt when i wear skinny jeans or leggings. however, the other reviews that mention it gets fuzz all over the place are accurate. i doubt i would have bought this if i had read them first. it even has dark grey fuzz in the inside of the sleeves. however, my biggest disappointment is that after just one wearing, th",,,6.4115384615
0,37,0,17,5,125,125,70.85,13,29,50,6,6,20,6,2,,1737.97,108,HomeOwner,F,74000,60190,09MAR2002,Platinum,5,"Unfortunately i didnt read the fine print when i ordered this re: dry cleaning only, but this in itself wasnt a total deal breaker. it did fit well -- i am 5'2, 32c, 107 lb and the xs petite fit very well, definitely form-fitting, not long in the arms or waist. the grey heather design was not my favorite look, actually thats the main reason i am returning it -- there was a dark grey splotch of the heathered design on the chest, and it looked like i had a huge dark stain.",Dry clean only,22,9.6153846154
1,36,0,19,3,135,122.5,78.35,13,34,59,6,6,22,6,2,,1207.62,104,Unknown,M,67000,58110,31DEC2002,Platinum,4,"I think these are amazing for anyone over, say, 5'5"". the way these hung on me (at 5'2"") were very unflattering in the front. they had an unfortunate masculine effect to them. that's all i can say without being crass.",Not for petite girls,22,9.4230769231
0,40,0,26,5,125,75,79.45,11,32,61,5,5,24,9,2,,778.2,101,HomeOwner,M,67000,72930,,Platinum,5,"This is a fantastic dress for fall, if you have specific proportions. the dress comes in s-m-l, rather than in particular dress sizes, so my assumption was that a large would fit a range of 10-12. the dress fits me well in the fitted waist (which has zero give), but the top fits very strangely (you can even detect it on the model in the photo), with a tightness at the clavicle, and a weird abundance of fabric above the waistband.i will still happily wear the dress with sweaters this season,","Beautiful dress, awkward fit",,6.8181818182
0,37,0,18,5,125,100,55,13,35,73,6,6,32,13,3,,1113.76,149,HomeOwner,M,94000,107770,16DEC2004,Platinum,4,"This is a really cute shirt. i love the design, color and everything about this shirt but the size. i am 5'1 and 105 lbs, i can usually wear an xs or xsp. the xs was huge and they were sold out of smaller sizes or i would have ordered one. this unfortunately had to go back.",Cute shirt,20,7.6923076923
0,38,0,19,5,125,125,68.75,13,28,38,6,6,15,4,1,,1755.96,80,HomeOwner,M,76000,144300,17JUN2006,Platinum,5,This t-shirt is uniquely designed and it fit well. unfortunately within an hour it shed all over. i had white fuz all over my arms and pants. i was very disappointed.,,18,9.6153846154
1,31,0,15,3,75,75,66.65,10,30,31,4,4,13,3,1,,562.77,63,HomeOwner,M,79000,56940,12APR1995,Member,5,"The top is really cute, but it's see through and the material doesn't seem like the highest quality. definitely not worth the price.",Cute top but not for the price,29,7.5
0,25,0,19,5,100,100,83.35,13,27,40,6,6,16,3,2,,1114.37,81,HomeOwner,M,64000,79690,,Platinum,5,"This is a pretty top but the arm sleeves are scratchy. i have sensitive skin, and had to return it because of this. otherwise, it would have been a keeper.",,,7.6923076923
0,34,0,18,5,75,75,62.5,10,22,26,4,4,9,2,1,,773.92,69,HomeOwner,F,83000,89050,13JUN2000,Platinum,5,Although the blouse is pretty it did not fit me well. i downsized two sizes and it still didn't hang well on my body. i think it looks great on the model and would probably look better on a thinner person. i am disappointed it did not work out and i will be returning it.,Love the design,24,7.5
0,26,0,18,5,75,75,50,10,24,33,4,4,12,3,1,,789.57,77,HomeOwner,F,102000,116740,10DEC1988,Platinum,5,"I am 5' 8"", 145 pounds with a 32 ddd bust. i typically purchase a small or a 4 to 6 in blouses. this blouse was small across the chest and therefore, i purchased a size 8. it is a nice fit. however, the button placement on the blouse does not work well for someone who is chesty. one button is placed slightly above bust line and the other slightly below. this causes a peek-a-boo space between buttons. therefore, i wear a bright white tank top beneath the blouse and wear the blouse unbuttoned to j",Pros & cons,36,7.5
0,22,0,20,5,100,100,75,11,17,34,4,4,10,3,1,,1107.76,88,Unknown,M,70000,280280,,Platinum,5,"I'm 5'5"" and i think fairly proportioned (120 lbs, 34b) and the peplum hit well above my waist. since having kids i'm a little obsessive about avoiding any shirt that could double as maternity... and this struck me as one. it's a cute too, but once it's on i don't feel it's very flattering.",Peplum hits very high,,9.0909090909
0,33,0,18,5,75,75,47.85,11,24,49,4,4,18,7,2,,783.78,105,Unknown,M,106000,176020,14JUL2006,Platinum,5,"The fabric is lovely, color was great, but unfortunately it ran a bit large. this might be a case of girls with boobs vs. girls without. i have a small chest so for me, this just didn't stay in place. i was worried about the arms squeezing me so i got a small rather than my usual xs. bad choice. the diamond in the middle pooches out rather than hugging your body (which was what i was hoping for). when i raise my arms the whole shirt ends up riding up. pretty awkward. there's also a lot of fabric",Not great for smaller chests,18,6.8181818182
0,30,0,19,3,75,75,56.65,12,34,44,6,6,19,6,2,,712.45,76,HomeOwner,F,91000,150670,13APR1989,Platinum,5,"I ordered this top in red. gorgeous color and detail, however just wasn't flattering on my more curvy shape. felt like it looked like a maternity top.",,35,6.25
0,25,0,26,5,100,100,57.5,9,21,21,4,4,9,2,1,,1117.78,65,Unknown,F,90000,288340,27JUL1992,Platinum,5,"I loved the fabric, cut and style of these shirts, the diamond gather in the front is a problem though. i just went under and snipped the elastic that is sewn on that design to relax it a bit. this shirt washes and wears wonderfully. please make again maybe fix the diamond area so it is not sewn with as much continuous elastic, a space in the sewing on both sides would alleviate that pucker. sill i love this top",My favorite cut and style for me,32,11.111111111
0,28,0,25,5,85,85,58.35,9,26,44,4,4,17,3,1,,1085.91,91,HomeOwner,F,89000,150540,14DEC1980,Platinum,5,"Drawn to the colors, i tried on the top in my regular size m. fyi: 36c, broad shoulders/back, short waist, size 10/12 or l in fitted topsthis top is a cropped, even for my short-waisted body. i would have to wear a cami under. this is not just because of the cropped length (top rides up w/ any movement), but the burn-out velvet is quite sheer. the top is full, so it easily exposes with any movement. the back of slides up, too. the quality is an issue, with exposed threads and irregular seams.",Pretty but fussy,44,9.4444444444
0,20,0,17,5,100,100,79.4,13,35,64,6,6,31,8,2,,1111.84,143,Unknown,F,67000,194220,22JAN2000,Platinum,5,"Gorgeous but just too short in length for anyone with a long torso.  i sized up to get more length, but then the neck opening was way too big and hung open to expose - well, everything up top.  wearing a cami would be an option but would take away from the dressiness of the top.  i had to leave without this item, but was disappointed because i love the colors and cut otherwise!",Valo burnout top,25,7.6923076923
0,28,0,19,3,80,75,67.5,12,31,38,6,6,16,4,1,,705.11,77,Unknown,F,78000,136500,19MAY2001,Platinum,5,"I found the fit of this dress to be true to size with a flattering bust and waistline; however, the fabric feels cheap and doesn't drape as nicely as i'd hope for the price. this would be a lovely dress in a better quality fabric. for sizing reference, i'm 5'5'', 122 lbs, 30dd, and took my usual size xs - though i'm busty for my size, the top provides nice coverage.",Beautiful design but fabric falls flat,23,6.25
0,28,0,18,5,100,100,86.45,14,35,58,6,6,23,7,2,,1117.06,100,Unknown,U,62000,132470,04JUN1997,Platinum,5,"The blazer is boxy and less dressy that it seemed online. i could only really wear this in casual situations, and i was hoping to be able to wear it to work as well. it does have an interesting hemline. the shoulders are a bit too narrow for me (but i do have shoulders on the broader side). i don't hate it, but i don't love it either, but it is interesting enough that i'm going to keep it. i ordered a small.",,27,7.1428571429
0,31,0,18,3,100,300,180,14,34,53,6,6,20,5,1,,4264.63,89,Unknown,F,30000,582400,26JUL2006,Platinum,5,"This romper was not what i expected when i originally purchased. it is much more casual looking in person, and as soon as i got it out of the bag, one of the buttons fell off. it did look good on and fit well, but i will be returning because it is too casual for the occasion i bought it for.",Not what i expected,18,21.428571429
0,45,0,18,5,500,500,287.5,15,32,35,6,6,13,2,1,,8649.48,65,Unknown,M,19000,331760,02DEC1985,Platinum,5,"This runs huge, not large, huge; and hung in quite a baggy way. bought a medium ( 5'10, 150 lbs) and i could have gotten an x-tra small. maybe if there were free shipping i would have reordered, but now its just too much of a hassle",Beautiful piece,39,33.333333333
0,0,0,16,3,625,625,282.5,15,37,75,6,6,31,10,2,,26011.8,146,HomeOwner,F,20000,332540,,Platinum,4,"This top was so pretty online! unfortunately it did not work for me- the front was a bit more shapeless in person, though the back was gorgeous, with a button gather at center. the color appeared yellow online, but was a bit more green in person. also, the armholes were very low, so it would need a camisole or no bra.",Nice try...,,41.666666667
0,30,0,18,3,125,125,125,13,35,54,6,6,21,4,2,,1748.49,93,HomeOwner,F,43000,210860,28OCT1978,Platinum,5,These pajama pants are beautiful but very sheer and very delicate.  not ideal for a mom with kids,Beautiful but sheer,46,9.6153846154
0,52,0,26,3,75,67.5,58.75,10,30,33,4,4,13,4,1,,545.66,65,HomeOwner,F,88000,179530,21OCT1985,Platinum,5,"This dress is beautiful. the fabric is light weight but textured and interesting, and the purple is gorgeous. the soft pink was a bit more orange than i expected, but not a deal breaker. the problem i had with the dress was fit around the arms. i sized up and was glad that i did because it runs small up top, but because the straps come in a bit around the arm holes, it creates armpit fat, which is not a problem i usually have. i could wear the dress with a sweater, but you wouldn't be able to se",Beautiful but won't work for me,39,6.75
0,29,0,26,5,115,115,82,11,32,47,5,5,19,5,1,,1119.75,81,HomeOwner,F,65000,256100,15DEC2005,Platinum,5,"This dress is well made and of good quality it just looked a little too old on me. the skirt was heavy and the fabric was cozy, perfect for a fall outfit.","Great quality, but not for my age",19,10.454545455
0,18,0,25,5,75,75,51.65,9,27,32,4,4,12,3,2,,781.32,69,HomeOwner,U,99000,98150,01JUN1991,Platinum,5,Tried on the xxs petite and still felt that it looked too boxy and baggy on me. cute concept but poor execution,Too baggy,33,8.3333333333
0,40,0,17,3,125,112.5,46,14,35,66,6,6,29,10,2,,1110.91,137,HomeOwner,F,110000,102440,23MAY2005,Platinum,4,"Ordered this online in the pinkish color. the material is a little thin. as a busty, curvy lady this one just didn't sit right, ran a tad large, and looked boxy. if you have a thinner frame, may be a better look for you. detailing is nice.",Not ideal,19,8.0357142857
0,23,0,18,3,125,125,101.65,13,35,50,6,6,22,9,2,,1743.1,80,Unknown,M,53000,95160,18OCT1996,Platinum,5,Pretty disappointed in this sweater. should have sized down because it's quite wide. i also didn't like the stair step. the back clung to my rear. not attractive. the colors seemed to be striking online but in reality are not. returning mine.,Not a good look,28,9.6153846154
0,29,0,19,3,75,70,45,12,23,41,6,6,15,5,1,,553.61,114,HomeOwner,F,113000,106990,17APR1999,Platinum,5,"I really liked the top once i saw it, but it needs to be worn with a cami underneath. the fabric is a little stiff. it runs true to size and it fits like a peplum top with extra space around the waist. the top is not really crocheted by hand it was done by machine, but it is a nice top.",Very cute top,25,5.8333333333
0,24,0,18,5,125,150,120.55,13,35,72,6,6,31,9,2,,1751.6,146,HomeOwner,F,45000,175760,18APR2001,Platinum,4,"Lovely fabric, color and embellishment but this shirt was so long i can't even imagine wearing it over leggings.  i felt like i was wearing a dress.  there are too many cute tops on the market to bother having this one tailored (i don't buy sewing or ironing).  disappointed.",Extremely long!,23,11.538461538
0,23,0,18,5,150,125,75,13,30,52,6,6,19,5,2,,1743.6,112,Unknown,F,70000,128960,,Platinum,5,Top is well made. runs large the arm holes were too big and sagged under my arms showing my bra. go a size smaller than your normal size.,,,9.6153846154
0,20,0,23,5,125,125,93.75,11,23,45,5,5,15,4,2,,1737.77,100,HomeOwner,F,57000,229840,21JUL1986,Platinum,5,This dress is very pretty and we'll made. it runs pretty big though and i would suggest going a size down.,Pretty but big.,38,11.363636364
0,26,0,26,5,100,100,70,10,29,39,5,5,16,3,1,,1122.11,80,Unknown,M,75000,202280,14DEC1997,Platinum,5,"The fabric is super soft and comfortable and the look is cute, however the drape on the front crossover is not great and doesn't flatter well. the shorts will probably run a little on the short side for some - i'm very short (5') and the length is great for me but i'm guessing not for the average height.",Really soft fabric,27,10
0,29,0,18,3,90,85,73.35,14,35,56,6,6,22,6,2,,706.1,99,Unknown,F,72000,180700,,Platinum,5,"This dress is elegant and really lovely. it looks like a throwback to the 20s and 30s. it drapes nicely and i think it would be flattering on most body types. and this is why i am recommending it. but be warned: it runs large.the problem with the dress is that the slip might as well not be there at all--it is completely sheer. for example, i have a couple tattoos and you can see them right through the fabric, which is not the look i'm going for. this might be a deal breaker for some. for me, i","Beautiful, but totally see-through",,6.0714285714
0,34,0,19,3,125,125,92.5,8,30,50,4,4,19,6,1,,1755.52,98,Unknown,M,58000,118040,05JUL2004,Platinum,5,"I ordered this in black and white, thinking you can never have enough silk camisoles. i returned the black because it looked like polyester. the white is actually a cream/ivory, not bright white as pictured. it is also not the best feeling quality, however the fit is good, and true to size.",Fits fine - fabric/color not terrific,20,15.625
0,31,0,18,3,100,100,84.15,13,31,58,6,6,24,6,2,,838.38,128,HomeOwner,M,63000,195000,25OCT2003,Platinum,5,"I expected this dress to be a much better fit and quality overall--the size small fit me fine--i'm about 140 and small in the chest, but the zipper was incredibly cheap and the dress could've draped in a more attractive way. if this dress could be in cotton and given more consideration to the fit and drape, it'd be worth it, but it's going back.","Poor quality, not as cute as photo",21,7.6923076923
0,20,0,18,5,125,125,87.5,13,32,50,6,6,20,4,1,,1746.02,91,HomeOwner,M,61000,84240,17APR2003,Platinum,5,"I would give it a 3.5 if half star possible. like other reviews said, the material is a little cheap and back zip got stuck when i tried to unzip it before trying it on. overall, nice color and flattering look that could be dress up or down. i am 5'8"", 155lbs, 36b and m is a little snug for me on the top.",Good for any occasion.,21,9.6153846154
0,29,0,27,5,100,100,87.5,10,25,34,4,4,13,2,1,,1120.24,78,HomeOwner,F,61000,140530,24APR1987,Platinum,5,"This romper fits well and is flattering. i love the relaxed style. the quality is quite poor, though. one leg ripped the second time i wore it and the fabric, while soft and comfortable, is fraying and pilling like crazy. after only two brief wears, the romper looks cheap and old. i expect much better quality at this pricepoint. really disappointed.","Great design, but poor quality",37,10
0,27,0,26,5,75,75,66.65,11,22,43,4,4,14,3,2,,783.57,98,Unknown,U,79000,106860,,Platinum,5,"I think i received a mislabeled vest?? when i opened the package, i thought it was some sort of joke!  i was expecting what the stock photos show, a longer length flowy sweater vest.... mine was literally child sized. i'm not a big person at all.. i'm 5'6"", 135 lbs, and wear a 6/8. i ordered this in a m/l, thinking i would like it loose. i tried it on thinking, maybe it will look longer once on.. no.. not even. i looked ridiculous. the front hit above the waist of my jeans and the back hit middl",Mini version????,,6.8181818182
0,35,0,18,3,75,68.35,59.3,13,34,48,6,6,20,7,2,,549.07,80,HomeOwner,M,87000,105950,03MAY1977,Platinum,5,"This top is very sweet and looks lovely on the model. it was not flattering for my larger bust, with the inverted pleat opening at my bustline and spreading out over my waist. the quality is nice, the fit in the shoulders is snug. the length is a bit short for me, but it may lay better on a different body type.",Not for large busts,47,5.2576923077
0,19,0,18,5,85,85,64,9,24,49,3,3,18,5,2,,1089.69,105,HomeOwner,M,82000,253760,25MAY2004,Platinum,5,"This top is very light and soft for summer. even the lace is soft. it's not sheer and doesn't require layering. true to size. i'm 5'4"", 34dd, 150 lbs- m fits well. my arms are not tiny and yet the lace weren't tight for me. but the quality of the material is average and it feels like it will last barely one summer. it's good if you are paying the sale price.",Light and breezy,20,9.4444444444
0,29,0,19,5,125,125,73.55,13,32,60,6,6,24,7,2,,1743.11,116,HomeOwner,M,72000,153660,16APR1996,Platinum,5,"I had mixed feelings about this dress. the material is lovely but the skirt is really odd. it has two slips, one that fits close and a second that's a bit too puffy. so the skirt didn't sit well and i thought it made my hips look bigger. the odd length made it unflattering. it might be nicer without the puffy slip but i didn't want to risk it.",Odd skirt,28,9.6153846154
0,24,0,25,5,115,115,71.65,11,32,57,6,6,23,6,2,,1121.13,110,HomeOwner,F,73000,138190,08JAN1997,Platinum,5,"I adore eva franco but these are just not thoughtfully designed regarding fit. i wear a size 12 and took the risk of ordering the 12 as a popback, but they do fit 1-2 sizes small. i could get them zipped but it's not a good look. i feel like the waist would fit if the rise weren't so short. for reference, i have a 33"" waist and 42"" hips.",Super cute and super small,28,10.454545455
0,27,0,18,3,125,112.5,56.45,13,32,60,6,6,26,7,2,,1115.45,136,Unknown,M,92000,122070,21JUN2004,Platinum,5,"I stopped into a store near me specifically to try these on given how adorable they look here. while i liked them, i didn't love them. i love some stretch, so that part was good. however, the denim was much thinner and lighter colored than they look to me online here. i really want to love them, though their light color has me less enthusiastic. another reviewer also mentioned a butt-flattening effect, which i noticed also. i might have sprung for them anyway, they do have a cute shape, bu",More faded than they look here,20,8.6538461538
0,31,0,18,3,150,141.65,90,13,35,60,6,6,23,9,2,,1751.21,117,HomeOwner,F,59000,200070,24MAR1997,Platinum,5,I was very excited to get this but very disappointed once it arrived. the fabric on the back is thin and clingy. i think you'd have to wear a slip underneath. cute design on the front but sadly it's going back.,Cute but thin,27,10.896153846
0,28,0,18,3,135,130,95,13,32,35,6,6,14,3,1,,1751.29,68,HomeOwner,F,56000,245570,11MAY2004,Platinum,5,"I was really hoping that this dress would fit perfectly because it looks beautiful on the model! however, when i put the dress on, there is a seam where the top portion meets the bottom portion and it made the skirt stick out a ton. i ordered the 0p and i am 5'4"" 110lbs. maybe ordering this dress in a larger size would prevent the skirt from looking so full at the top.","Beautiful in the pic, fits kind of funny in person",20,10
0,25,0,19,5,80,80,51.65,10,26,34,4,4,12,3,1,,1076.85,81,HomeOwner,F,99000,57330,07JUL1988,Platinum,5,"I was really looking forward to getting this dress in the orange print, but when i finally received, i was a little disappointed. the print placement is not the same as shown on the model, so it doesn't look as a vibrant and colorful. my version of the dress has more of that muddy dark print and hardly any orange or turquoise. also the backside of the print is white and the dress is not lined. i do like the way it drapes on my body and the overall styling. the dress fits nicely in size medium on",A little disappointed.,36,8
0,38,0,25,5,100,100,62.5,11,29,60,6,6,26,6,2,,1125.17,123,HomeOwner,M,83000,111020,21JAN2001,Platinum,5,"I was so excited when this dress arrived today. as other reviewers have mentioned, the fabric is lovely, soft and drapey and it feels great on. it felt great, that is, until i looked in the mirror. while the dress fit fine, i have a large bust, and the fabric stretched across the bust, causing the print to appear washed out across the bust. not a good look. sigh. another return.",Not for the large busted,24,9.0909090909
0,28,0,18,3,75,62.5,44.15,11,28,48,5,5,19,6,1,,536.49,129,HomeOwner,M,114000,103090,12APR2003,Platinum,5,This is a gorgeous dress. i got the red version. it's stunning...the zipper is trash however. i'm scared of getting stuck in it like another reviewer.,So beautiful,21,5.6818181818
0,26,0,17,5,75,75,57,12,29,46,6,6,17,5,2,,778.94,89,HomeOwner,M,91000,171600,03JUN1999,Platinum,5,I really wanted to love this top. love the mix of fabrics and patterns. but it is too short for a tunic length. i should have paid attention to other reviews. i'm about 5'8'' and was not too tight in the bust and shoulders.i have to return because the length isn't right.,Too short tunic,25,6.25
0,42,0,18,5,85,85,82,13,27,51,6,6,21,5,2,,1089.9,113,Unknown,F,65000,86060,23NOV1982,Platinum,5,"I was looking forward to this cute top to get me through the winter, but the combination of the very think fabric and boxy shape did not work on my 5'2"", 130 lb, 34d figure. the one i received also had an open unfinished seam beneath the zipper. i imagine this would be a great top for someone taller.",Too boxy and heavy if you are petite and curvey,42,6.5384615385
0,27,0,18,5,75,75,50,10,25,26,4,4,10,3,1,,777.69,64,HomeOwner,F,102000,115570,03DEC1991,Platinum,5,"I really thought i would love this dress the style is really nice and the material is great. however, the length made me feel like i looked short and kind of stumpy. i feel like this dress would look really good on somebody that is more like 6ft, not my 5'6"" self.",,33,7.5
0,29,0,25,5,100,100,76.65,9,27,54,4,4,21,6,2,,1107.07,104,Unknown,M,69000,119080,,Platinum,5,"I love the look and feel of  this easy dress. i loved that it comes with a baby blue slip, however i was in between sizes. the medium - a bit too small and the large- just too big. this dress is probably best in a tall thin body type, especially in a madras plaid.",Wanted to love this dress,,11.111111111
0,34,0,18,3,75,50,41.65,10,25,29,4,4,10,3,1,,499.22,69,Unknown,M,121000,209690,25MAR1987,Platinum,5,"Nice lines, just a bit tight if you have larger / more muscley shoulders.",,37,5
0,25,0,15,3,175,172.5,105.65,13,32,65,6,6,27,8,2,,1755.54,154,HomeOwner,F,51000,237250,23FEB1999,Platinum,4,"The one i tried on had something wrong with the pockets... one was regular height,t eh other was so low, i could barely put my hand in it. however, the jumpsuit itself is really pretty and soft. color is nice, but hard ot pull off on pale skin like me.  i tried on the xs, but that was big. i would need xxs p if it was made in that size, so i let it go... (looked nice with pinched fabric in the back.for reference i am 115 lbs, 30 dd< 26.5 in waist.",What's with the pockets?,25,13.269230769
0,31,0,15,3,175,175,105,8,25,46,5,5,21,8,2,,1749.18,111,Unknown,F,51000,179790,17JUN1998,Platinum,5,"For me, at 5'9"", the top was not long enough...it appeared longer in the photo. i'll be returning it. other than length, it is cute.",,26,21.875
0,28,0,19,3,75,75,91.65,11,29,51,4,4,19,6,2,,714.02,97,HomeOwner,M,58000,169520,07JUN1995,Platinum,5,"Pros: soft, quality top, true to size, and would look great (a little tucked in) and off the shoulderreality: it will be hard to keep the shoulders from sliding up, and (on me at least) it looked really meh...kind of dumpy.i'm 5'6"", normally a medium/8, and i bought the medium here...fit was good. it's billowy and accurately displayed in the pictures, so as an hour-glass shaped gal, i'd need to tuck in the front (or all) or accessorize to give it a little shape. i really liked the feel a","Cute off the shoulders, meh in reality",29,6.8181818182
0,28,0,18,3,75,60,48.35,12,30,32,4,4,11,3,1,,489.6,65,HomeOwner,U,105000,141310,,Platinum,5,"I loved the actual design on the fabric. the flowers are gorgeous and i was really looking forward to wearing them, but the fabric was much too thin for me. i was surprised because another review said they were thick. to me, it felt like tights material, almost. however, they were not see through, which is great. overall, they just didn't look great on my body. 5'9"" size 6/8 curves, medium was a bit too loose.",,,5
1,29,0,19,2,75,60,50,13,27,41,6,6,15,6,2,,635.33,87,HomeOwner,F,102000,132340,08JUL1985,Platinum,5,This suit itself is adorable. i usually have to get a size large for length but in this case the cups are way too big. it says light padding but there is no padding. just a giant empty cup. i'm going to order the size medium.,Cups too big,39,4.6153846154
0,26,0,17,5,125,250,160,13,31,53,6,6,21,5,1,,4253.04,100,Unknown,F,34000,175500,17APR2003,Platinum,5,"I really was looking forward to this piece but unfortunately it was too small to even pass through my head nevertheless i couldn't even get both arms in. i got a size small and probably needed a large; but as far as the quality and color, it's really pretty! just go up a size or two if anything and try it out.",Pretty but runs way too small,21,19.230769231
0,26,0,26,5,150,150,100,10,31,57,5,5,22,7,2,,1744.29,105,HomeOwner,M,54000,214630,27OCT1993,Platinum,5,"The cut and print of this dress is beautiful. however, the armhole is way too low, which is a reoccurring problem with anything sleeveless from retailer these days. please don't drop the armholes so low, most women do not want their bra completely showing every time you lift your arm!",Almost perfect,31,15
0,25,0,26,5,130,130,80,10,31,55,5,5,21,5,2,,1741.96,101,HomeOwner,F,66000,188370,26MAY1986,Platinum,5,"The blouse looked better on the model. i liked the way it fit, just not how it looks. the fabric made me itch, which was one of the other reasons i returned it. i wished it had looked good and the fabric didn't make me itch. i really liked the unique look to the shirt.",Fabric was itchy for me,38,13
0,37,1,21,5,100,100,100,10,15,13,4,7,6,1,1,20,1113.58,45,Unknown,M,54000,218530,11MAR1996,Gold,5,"I agree with the first reviewer exactly. beautiful fabric and ""idea"" of dress (looks stunning on model), but huge and shapeless in person like a tent. not at all what i expected when ordering a 2 petite. sadly, has to be returned.",Disappointed because not what i expected,28,10
0,47,0,16,5,100,100,100,12,17,14,5,5,6,1,0,,1120.4,40,Unknown,F,54000,88660,,Gold,,"I was really disappointed in the shirt. the blue embroidery is a lot darker than what is shown in the photo, and barely stands out against the black. the photo does not accurately depict this shirt. i will be returning.",Not as pictured,,8.3333333333
0,8,1,16,5,100,100,100,5,8,8,2,4,4,1,1,20,1110.37,40,HomeOwner,M,54000,101530,29OCT1995,Member,5,"This is an extremely flattering dress. i couldn't resist buying it, even though i didn't come into the store looking for a dressier dress, which i feel this is. once i tried it on, i had to purchase it. its one of those things that i know i won't regret because at some point, an occasion will show up that i'll wear it to. its soft, comfy and flowing and accentuates the body's curves without being too tight or clingy. its a classic!",,29,20
0,11,0,20,5,100,100,100,11,18,16,4,4,6,1,0,,1108.24,44,HomeOwner,F,54000,59020,03AUG1979,Gold,,"After reading all the reviews and sizing down one size. i got my top size m, i usually wear m/l depending on the style. i'm 6 ft tall, 160 lb, i like my clothing loose but not as loose as this top. i should have gone to xxxxxs if such exists. no wonder there is such a low leap in price. it is a good quality though, and very nice pale peach color. no would not recommend, unless you wear 3xxxl",Oh my oh my,45,9.0909090909
1,30,1,24,5,75,75,75,7,17,15,3,7,6,1,1,15,1111.56,48,Unknown,U,70000,56680,28JAN2003,Gold,5,"This looked beautiful online, but the skirt isn't 100% silk - the strips of fabric have different fiber content levels, with most of them containing some level of polyester. parts of the skirt felt like plastic to touch, and one strip has a very prominent gold sheen that looks cheap. overall very disappointing - this is not at all the beautiful silk skirt that it appears to be online.a definite return. i wouldn't even recommend this at first or second cut.",Yuck,22,10.714285714
1,47,2,16,3,50,37.5,35,6,9,9,2,4,4,3,2,7.5,331.07,44,Unknown,U,141000,131950,,Member,3,The fabric of this looks and feels so cheap it's hard to believe this is anna sui. i would say this is unwearable. there is zero stretch and it is made of itchy textured poly fabric that looks like novelty fabric at best. going back asap.,,,6.25
1,51,1,19,5,75,75,75,10,14,11,4,6,5,1,1,15,775.56,43,HomeOwner,M,70000,97110,21JAN2004,Gold,5,This is very large.  i normally am a s/m and i took this in an x.  it is a beautiful dress in color and fit but picks up any stain and i have had to have it dry cleaned after every use.,Beautiful dress terrible material,21,7.5
0,46,1,24,5,75,75,75,8,18,16,3,7,6,1,1,15,780.69,48,Unknown,F,70000,116480,,Gold,5,"When i tried this top on, i started laughing. the two rows of ruffles are made of a starchy thick cotton, which, instead of falling by the hips, juts out like wings. it's also huge. cute idea, wrong material and placement.",Weird,,9.375
0,28,0,16,5,125,125,125,12,17,14,5,5,6,1,0,,1737.56,40,HomeOwner,F,43000,192530,15FEB1996,Gold,,"This looks like the perfect easy sweater with the white shirt appeal to it, but sadly the fit of this number is really off. it looks more like a tent. it must have been clipped in the back or something. i cannot see any scenario in which this would look good...",Strange fit,29,10.416666667
0,43,4,17,1,30,25.85,20.9,7,21,31,4,12,13,11,2,5.25,175.17,92,HomeOwner,M,217000,218270,04JUN2007,Platinum,1,"No, no, no...i don't know if it was the way it got flattened out in the packaging, or what, but it sticks out like a tent from the hips down. i'm 5'7"", about 145, 32c, usually wear a 6 or 8 in dresses. this thing barely buttoned over my bust, and then flares out to a tent-like triangular shape at the bottom. i don't think it would come out by washing and ironing it; i'm afraid it was just cut poorly. i looked like a sad prisoner in stripes, unfortunately. i bought three different dresses in the",Cuter on the model,17,3.6928571429
0,64,6,23,1,25,27.85,27,11,32,57,5,15,23,25,3,5.67,173.89,110,HomeOwner,F,176000,246090,09MAR2000,Platinum,1,"I ordered these jeans twice because i love them. the first pair were mis-marked by about 4 sizes so i re-ordered. second pair still didn't fit, they run really small, i would probably need one maybe two sizes larger than normal to achieve the fit and feel of the other skinny jeans in my closet:(",Runs small,24,2.5318181818
0,27,4,24,2,25,25,23.35,8,24,66,3,11,25,24,3,5,231.57,140,Unknown,M,198000,0,03AUG2006,Platinum,1,"The dress has a partially sewn-in slip, which really didn't work for me. no matter how much adjusting i did i couldn't get the slip and dress to sit properly.i ordered a medium, and if it hadn't been for the slip, the fit would have been good. the length was as pictured. for reference i am 5'5 145lbs, 38-30-40, 34ddd.",Not so great,18,3.125
0,24,2,17,2,15,37,32,15,34,46,6,15,16,10,2,6.5,292.34,77,Unknown,M,152000,301990,23DEC2000,Platinum,1,"I was really excited about this top since i have others from retailer that are similar in styling. unfortunately, it just didn't work out. i am petite with a short torso and ordered my usual size and it was way too short in the front. the top was also boxy and didn't sit right. it just wasn't flattering. cute top on the hanger, but just not on me.",Fit is not cute,24,2.4666666667
0,8,3,18,1,25,34.15,26.3,11,31,70,5,15,31,23,3,7,238.66,154,Unknown,F,180000,279760,25FEB1993,Platinum,1,"The back of this t-shirt looks cute but the front looks really weird. the material in the back is quite stiff but the grey material is soft, so the front gray area ends up hanging weirdly and looking uneven and messy. i appreciate asymmetrical clothing but to me it looked like a patched up rag from the front. it fits true to size.",Do not like the front,31,3.1045454545
1,22,3,17,2,35,52.5,36.95,7,24,69,3,12,32,18,3,12.33,248.06,153,HomeOwner,F,134000,257270,05DEC1997,Platinum,1,"I love the fit of these pants -- they're the perfect slim black pants. however, i wore these pants exactly three times before the seams split the middle of the pant in not just one, but multiple places. disappointed by the workmanship/quality of the product, especially since the pants fit amazingly and don't sag like other slim fitting black pants tend to do. i hope retailer will take this into consideration and improve the quality of future iterations of this product.",,27,7.5
0,26,2,15,2,15,11,9.4,12,25,51,5,10,22,17,3,3.5,180.66,147,HomeOwner,F,391000,189540,25MAR2002,Platinum,1,"So i recognized the fact that this dress was likely intended more for lounging than for wearing out and about, but i once had a lot of luck with dresses of this price point (and intent) at retailer, so i had hopes. i was just wanting it to be a great addition for vacations and beach days, but it's honestly so thin i couldn't even see it working that well for that. it's also cut smaller than i was anticipating judging by the way it fits the model; my usual small was way more bodycon than i was anti","Loungewear, not outdoor wear",22,0.9166666667
0,27,4,17,1,25,25,25,14,33,43,6,15,16,10,2,5,183.43,77,HomeOwner,M,188000,94120,21JUN1997,Platinum,1,"I tried this on in the store and was disappointed because it looked so fresh and vibrant on the hanger. but it's basically cut for model-sized people only. it's short and wide, and if you have any boobs at all it'll make the back pucker. i can't imagine this will look good on most women.",Weird fit,27,1.7857142857
0,9,1,18,2,10,18,19.3,9,28,50,4,12,19,14,2,2,188.16,105,HomeOwner,U,231000,121940,05NOV1993,Platinum,1,"I am normally between a size 0 and 2, so i ordered these pants in both sizes to make sure i would have a nice pair of black crops to wear to work. the 0 seemed pretty tight all around, so i returned the 0 and kept the 2 even though there was a little bit of room in the waist. of course the size 2 after a few hours of wearing had completely stretched out, was bagging in the crotch area, sliding around on my waist and creasing badly behind the knees. i doubt i will wear these pants more than the o",Stretches out,31,2
0,26,3,16,2,35,35,30,11,30,56,5,13,22,11,3,7,295.36,124,HomeOwner,M,161000,163540,05FEB1991,Platinum,1,Don't buy this dress unless you are normally a medium or larger. order it one or two sizes smaller than your normal size. i ordered an xs and it's more like a medium or large.,Runs very small,34,3.1818181818
0,11,1,19,5,30,125,77.5,13,20,19,5,8,7,2,1,25,1752.38,45,Unknown,M,68000,62270,19JUN1991,Gold,2,"This garment is beautiful because the fabric has great drape to it. i am probably between a small and xsmall, but ordered the xsmall. it is snug, but i have decided to keep it and can wear a cami underneath, just in case the buttons gap just a little. i am concerned that going up a size with leave the neck area too gaping. it is also a little snug in the elbow area.",Beautiful construction,33,9.6153846154
0,19,0,27,5,85,85,55,9,28,47,4,4,21,7,2,,1076.79,116,HomeOwner,F,94000,49530,22MAR1995,Platinum,3,"This is such a lovely blouse! the color is true to the picture. i am a bigger girl--5'9"" and size 12, and i bought the large. the fit was beautiful--it was forgiving on my less-than-perfect midsection, but wasn't billowy at all. it did not pull around the shoulders or bust the way some button-up blouses do.",Lovely,29,9.4444444444
1,22,3,15,2,50,50,63.05,11,28,70,5,14,31,18,3,10,369.52,145,Unknown,F,83000,104260,05FEB2007,Platinum,2,This top is perfect! very comfortable and flattering for any body type.,Great top,18,4.5454545455
0,30,2,15,2,35,33,32.5,12,25,23,6,12,10,6,2,6,282.57,52,HomeOwner,M,150000,81120,,Platinum,2,This tunic is beautiful! the color is a vibrant blue. i can wear it with jeans or dress it up with my white linen capris! i ordered the small and it fits me perfectly!!!,This tunic fits perfectly!,,2.75
0,16,3,17,2,50,40,38,12,25,26,6,12,10,5,2,8.33,319.09,53,Unknown,F,131000,51610,04DEC2001,Platinum,3,Love this top!! so comfy and flattering. i ordered the black and the blue and i am itching to get the red/purple one too!,,23,3.3333333333
0,28,2,17,3,75,70,44.6,10,22,50,4,9,19,26,3,15,536.26,154,Unknown,M,113000,57330,04MAR2004,Platinum,3,I tried this in the store and i liked it. the color is very pretty and the fabric is soft and drapey and feels like good quality. i like the little subtle dots. i ultimately did not buy it because the tie at the throat is not my style and because i just don't need this kind of piece enough in my wardrobe at the moment. but it is a very nice top and i would recommend it if you like the color and style.,Pretty- soft fabric and nice color.,20,7
0,39,2,19,2,100,52.5,38.75,14,33,45,6,14,17,8,2,7.5,392.49,88,HomeOwner,M,129000,79430,21FEB2005,Platinum,3,"Bought this shirt in the colorful polka dot print and i'm obsessed! like previous reviews mentioned, it runs a little small in the chest. i'm normally a medium but am a 36c so ordered the large and it fits perfect! with the way the buttons are spaced i think all sizes will pull a little no matter what. it's a beautiful shirt and i plan on ordering the blue one as well.",Perfect!,19,3.75
1,0,2,15,3,55,50,42,13,27,27,6,13,12,5,2,9.5,366.95,65,Unknown,M,120000,197990,,Platinum,2,"This dress hits flatters the whole body. love the three quarter sleeves, love the relaxed fit of the bottom half. love how it is fitted, body conscious around bust. super flattering. the teal color is particularly gorgeous. a color that would suit a lot of different skin tones. this is a no-brainer dress that you will reach for in your closet every single time.",Flattering feminine dress,,3.8461538462
0,34,0,16,3,100,75,75,14,30,28,5,5,11,2,0,,701.72,56,Unknown,U,70000,77740,,Platinum,,"I've got the post-baby bulge and this dress makes me the hottest i've looked in a long time! fitted, but skimming where i don't want to be accentuated - it's a rare dress that can pull this off! the cleavage is there, so i think it's more of a night dress, but i'd wear it with a sweater during the day. very comfortable.",Flattering if you have a tummy!,,5.3571428571
0,28,0,26,3,125,162.5,162.5,11,25,24,5,5,9,2,0,,1751.19,55,HomeOwner,M,34000,67990,16MAY1993,Platinum,,I'm a 34c and 136 lbs. i bought this in m in two colors because i love it so much! the fit is so flattering and the material is so soft and comfortable. i continue to get the best quality and fitting dresses from retailer!,Super soft and comfortable,31,14.772727273
0,40,0,18,3,50,48.35,36.65,13,32,64,6,6,27,15,2,,397.47,137,HomeOwner,M,135000,129610,19MAY1996,Platinum,2,This dress is flattering in so many ways. fitted through the bodice with a lovely flare from the waist down to cover those hippy hips. sizing is perfect. i also bought it in the navy/black color. you can dress up with heels or down with flip flops.,Very flattering,28,3.7192307692
0,36,1,25,3,80,75,51,11,30,67,5,14,27,15,3,14,712.61,127,HomeOwner,F,100000,123370,21FEB2005,Platinum,3,"I bought this dress in three different patterns, i love it so much! i am 5'7"" and around 135 pounds. usually a size six or eight in dresses. ordered the small and fits perfectly if a little bit. curvy frame. great for women on the busty side. fits beautiful and is stretchy but not too clingy.",I own three,19,6.8181818182
0,21,0,18,3,50,50,26.45,12,31,68,5,5,24,14,3,,397.67,137,Unknown,F,179000,104000,08DEC2003,Platinum,2,"I've had this dress for a while now and waited to write a review, glad i did. i originally ordered the mp, 5'5"" 130 lbs. while it looked nice - accentuated my waist it was a bit big in the chest area. it probably would have been ok but i am picky about fit. after debating for awhile i ordered the sp and it fits much better! when i pulled it out of the package i was worried it was too short but it's not. it hits right above my knee. in fact i compared both dresses and there is not much of a diffe","Feminine dress, size down",21,4.1666666667
0,41,3,22,2,40,38.75,36.55,11,29,54,5,14,20,13,2,7.67,287.96,93,Unknown,U,135000,147030,,Platinum,2,Super easy and cute. i received lots of compliments!,Great dress!,,3.5227272727
0,29,0,16,3,100,95,70.75,11,27,65,5,5,25,13,3,,715.33,134,HomeOwner,M,74000,65650,,Platinum,3,"It slips on easily, is soft & flattering. it will definitely be my ""go to"" dress.",This product fabric feels great.,,8.6363636364
0,30,0,18,3,50,62.5,61.8,7,23,59,3,3,24,11,3,,548.33,152,HomeOwner,M,84000,95290,16OCT1998,Platinum,2,"This dress is soft and comfortable. it's perfect for summer. i ordered my usual size 4 petite and it fits perfectly. 34"" 26"" 5'1""",Love it!,26,8.9285714286
0,40,2,15,2,40,37.5,37.5,12,26,28,5,11,10,4,2,8.5,279.96,56,HomeOwner,U,132000,182780,08APR1997,Platinum,3,"I was a little skeptical to buy this dress at first because of the pattern. in all honestly, i am so happy that i did. it's so unique and truly a one of a kind design. when tried on the dress is very slimming.",,27,3.125
0,24,0,20,3,100,75,58.35,12,29,33,6,6,13,3,0,,698.33,68,HomeOwner,M,89000,79430,01NOV2001,Platinum,,"I bought these on a whim on mother's day when i was out shopping. i didn't try even try them on at the store. i got them home and couldn't believe how great they fit and how comfortable they were. the length is perfect for me. not too long or too short. they did stretch out a bit upon wearing them but i like the comfortable, relaxed look. i washed and dried them in the dryer. they came out perfect. i bought the coral color. will be buying more as it is hard to find shorts that work for me. i rec",Pricey for shorts but worth it,23,6.25
0,32,0,26,5,75,75,51.65,9,27,36,4,4,15,3,0,,774.6,75,Unknown,M,99000,152100,05MAY1981,Platinum,,"I really like this blouse a lot. very very easy to wear!! i wore with pencil skirt to work and with skort as shown similar on model with sandals on weekend. very flattering and great blue color!!! very happy with this purchase. highly recommend. i am 5'6"" short torso and my usual 6 worked.",Love this blouse,43,8.3333333333
0,21,1,18,3,85,80,79.9,8,24,59,4,14,24,20,3,15,699.77,116,Unknown,U,66000,174590,,Platinum,3,I just purchased this beautiful printed blouse in the pink color and love it! i almost always wear a size small at retailer (34d-27-35) and the fit and length are both perfect on me. if you are smaller chested you can easily go down a size. i absolutely had to have this whe i first saw it at the store and noticed how popular it was as i had to order it due to it selling out like hot cakes there. what i like about it is the texture and the ruffles at the front plus the length of the sleeves stop ri,Lovely printed blouse,,10
0,13,0,18,5,75,75,46.65,13,26,59,4,4,20,18,2,,783.98,115,Unknown,M,109000,261950,13MAY1992,Platinum,3,Bought this on a whim and it exceeded my expectations. i didn't know what to expect with the quality of the fabric but this is incredibly soft and warm. haven't worn it outside yet but i can see this already as one of my favorite items. i'm usually an extra-small but the xxs also fits. it's a great buy especially since it's on sale now.,"Love, love, love!",32,5.7692307692
0,23,1,22,3,50,50,37.5,9,30,71,4,14,31,16,2,10,400.62,150,HomeOwner,M,132000,177320,01APR2005,Platinum,2,"This is an awesome vest - so soft, cozy, and i cannot wait to wear it through fall and winter. for sake of not repeating all the positive aspects that the previous reviewers did, i'll mention the one flaw...no pockets :( still totally worth full price in my mind though.",Loveee,19,5.5555555556
0,29,1,23,3,50,50,48.55,11,31,73,5,14,29,17,3,10,384.23,150,HomeOwner,F,105000,203320,04MAY1996,Platinum,2,"I find that maeve shirts tend to run a little small. i'm usually an 8 but needed this in a 10. this shirt is reallly just perfect. great sleeve length. just the right amount of v neck. beautiful pattern with a vintage feel. i love the combo of stripes, polka dots and sweet flowers.",,28,4.5454545455
0,13,0,18,5,75,100,68.75,14,35,39,6,6,16,4,0,,1116.42,68,Unknown,M,76000,158990,,Platinum,,"This blouse is so pretty. i love the long tie. the pattern is very unique. it is a thin, light weight fabric so you can easily wear it underneath a leather jacket.",My favorite new blouse,,7.1428571429
0,35,0,18,3,50,87.5,71.9,13,34,54,6,6,21,8,2,,705.62,89,HomeOwner,M,73000,79170,22DEC1984,Platinum,3,"This is a beautiful blouse...sheer and feminine. i am small busted and slender so i need a size smaller than usual. it is a full top...can't tell exactly how full in the photos but with a small chest there is just too much under the arms. so if your chest is more ample you could prob order your regular size. this is supposed to be a full, shorter fit...i would say the style is going to look better on someone who is a little taller with a medium sized bust rather than someone who is shorter and b",A standout,40,6.7307692308
0,31,3,16,3,65,60,43.65,12,30,61,5,13,25,11,3,12,483.45,128,HomeOwner,M,116000,321880,07JUL1987,Platinum,2,"The photo of these is truly misleading - they are a beautiful vibrant print - see the close-up photo. they are much longer on a regular person - they come a few inches above my ankle and i am 5'5""there is a neat slit off to the side on the front of each (like a pleat) that really allows a nice flow. these look great with boots, flats and do sit lower on the waste as i think they run slightly large. not lined, but drape beautifully. there are pockets (sewn closed upon purchase) and pack pockets.",Lovely!,37,5
0,22,0,16,3,65,55,47.5,11,28,29,5,5,11,4,1,,489.56,65,Unknown,M,107000,91650,12MAY1985,Platinum,3,"I didn't think anything of this top online (i really don't care for how they styled it) but in store it was more interesting. i'm currently anywhere between a 2-4-6 / xs-s-m, depending on the style, 5'3"" 120lb 34b. size 2 regular in this top fit me perfectly. for some reason, on me, the sleeves were elongating and flattering (closer to my elbow) and the overall length hit me perfectly at the hip like on the model, the fabric is lightweight and therefore slightly sheer but, due to the color and p",Better in person,39,5
0,58,1,18,5,50,60,53.75,14,31,71,6,14,26,12,3,12,518.74,129,HomeOwner,M,96000,102440,,Platinum,2,"This dress is lovely.  it flows nicely and is extremely flattering.  also true to size.  unfortunately i do not care for a lot of glitter/sparkle, which this dress has going down the very front so it is going back.  wish i could pull off the glitter but can't.  i absolutely love this dress otherwise and very much recommend it.",Beautiful just not for me,,4.2857142857
1,32,3,19,2,60,46.25,32.4,9,24,52,4,11,20,23,3,9,355.68,153,Unknown,F,150000,91780,10OCT2000,Platinum,2,Love this tunic...and so do others! so many compliments already!! i've worn it with skinny jeans as well as flowy black pants. it needs a cami underneath since it's sheer. i also like to wear it with my long retailer necklaces!,Stunning!,24,5.1388888889
0,37,2,17,3,50,53.35,53.35,12,23,21,6,11,9,3,2,10,391.37,47,Unknown,F,96000,179270,,Gold,3,"If it's a knock off, its of the ""poise"" dress, and a pretty good one at that. this is a beautiful dress that took my breath away the moment i saw it. when i saw such a poor rating i just had to see why. the erin fetherston dress is over $100 more and they look just about the same. i'd rather have the $ and the look!",,,4.4458333333
1,26,2,18,3,100,86.65,63.35,9,23,45,4,10,16,12,3,16,773.09,153,Unknown,F,82000,100750,09MAR1999,Platinum,3,"I love this style and was pleasantly surprised that it fit my curvy shape well, despite it being a fairly straight shift style. it does wrinkel easily because of the linen fabric, but otherwise is really perfect! it is dressy enough for bridal showers or brunches but could also be worn casually.",Lovely warm weather dress,25,9.6277777778
1,37,0,18,5,90,90,85.45,13,32,67,6,6,28,11,2,,884.35,129,HomeOwner,M,62000,122590,09NOV1993,Platinum,3,"Very comfortable,  looks great on. like the color & fabric. something you can throw on & go",Love it,31,6.9230769231
1,41,1,17,3,50,46.65,26.5,13,32,76,6,14,30,20,3,10,360.9,149,Unknown,F,179000,191750,24DEC2005,Platinum,2,"Love this top! i'm 5' 118 lbs, purchased in a medium and plan on wearing it as a dress! it is so cute!",,19,3.5884615385
1,0,0,18,5,55,55,35.2,14,32,98,5,5,28,26,3,,493.49,152,Unknown,M,140000,130390,02MAR1951,Platinum,2,"I'm so glad to own this one. i just tried it today and fully satisfied as always with pilcro. true to size, perfect color.high waisted and flare just right. can be paired with cropped top or peasant top. looking taller on this outfit!best of all i got it on sale!",Nice high waisted flare,73,3.9285714286
1,38,1,16,3,60,55,50.65,10,23,48,4,10,21,16,3,12,380.23,150,Unknown,F,101000,114400,06MAY2004,Platinum,2,"The most disappointing thing about buying flare jeans when you're 5'4"" is taking them to the tailor to have a chunk of what makes them flares hacked off. not so with the petite 31"" inseam on these!!! love the perfect amount of stretch, the rise is high but not too high and the flare is perfect. definitely recommend.",Ideal proportions,20,5.5
1,37,1,19,3,50,37.5,41.65,12,20,17,6,10,8,3,1,10,293.54,45,HomeOwner,M,121000,151710,14JUL2002,Gold,3,I had this in my cart for a while online and ended up finding it in store. the medium fit good and looked great. i can't wait to wear it with a great pair of leggings. i did have to buy some static spray as it was sticking to my leggings i had on that day buying it.,Love it!,22,3.125
0,36,0,19,5,150,150,65,13,26,52,6,6,20,7,2,,1744.26,109,HomeOwner,M,80000,76830,28APR1999,Platinum,4,This is a very cute designed shirt but it fits very boxy and runs large,Boxy fit,25,11.538461538
0,30,0,26,5,75,75,46.25,9,20,26,4,4,12,4,2,,775.68,100,Unknown,M,110000,81510,,Platinum,5,"I wanted to like this romper, it is very cute and colorful, but to top was overywhelming for my size and made me look even shorter.",Too narrow for this romper,,8.3333333333
0,29,0,19,5,100,100,50,10,16,30,4,4,10,3,1,,1112.85,102,Unknown,M,102000,81250,06JUN2006,Platinum,5,"I agree with those who thought this material looked a little cheap. i ordered the white knowing about the sleeves and thought i'd like the slits, but the material + sleeves definitely gave an undesired pirate vibe.true to size.",Meh,18,10
0,28,0,26,5,150,150,76.65,10,31,53,5,5,20,6,1,,1750.15,91,HomeOwner,F,69000,64740,21OCT1993,Platinum,5,Sooooo soft! not a ton of shape but very versitile and warm!,Yummysweater,31,15
0,31,0,18,5,250,255,195.9,14,36,67,6,6,25,11,2,,13983.21,105,Unknown,M,28000,160810,04JAN1979,Platinum,5,"I instantly fell in love with the graphic pattern on this drapey layering piece, and i've received compliments every time i have worn it. however i seriously considered returning it because the way the garment is cut causes it to bunch awkwardly at the sides. maybe it's still just too big--even though medium or large is my size in tops, the medium in this sweater clearly looks baggier on me than it does on the model in the photo, for instance. it is definitely not slimming, but the striking patt",Runs very large,46,18.214285714
0,40,0,26,5,125,125,83.35,11,30,38,5,5,17,3,1,,1745.77,77,Unknown,U,64000,60580,,Platinum,5,"I love and live in these but the recent scoop tanks i purchased were thin, not as great. so i want to recommend them because they are really versatile but the quality has deminished.",Used to be better,,11.363636364
0,24,0,15,3,100,90,61,12,30,46,5,5,18,5,1,,705.93,105,HomeOwner,F,85000,57980,,Platinum,5,"I've had my eye on this for a while. went into my local retailer to try it on. tried on s and xs. it fit the same, not much different. the color is great. will go with so many things however i have a larger bust 34d-dd and am short wasted, generally wearing petite in skirts because of it. it sort of belled at the bottom, peplum""ish"" which made it look like my bust drooped to my waste. not flattering on me. i'm 5'3ish, 118 #and generally wear 4 in tops. it felt like it would stretch out as the day",Not for short wasted imo,,7.5
0,35,3,25,1,65,62.5,52.65,12,33,58,6,17,26,19,3,12.67,419.23,113,Unknown,M,98000,124670,19APR2003,Platinum,2,"I got this on sale. i sized up from my normal 10 to a 12 based on reviews. the 12 is too large for me and i'd need a 10 which is sold out. the straps are very long. i think even if i sized down, i'd have to have them altered. also, the dress i got is missing the bottom button. sending back. i'm not too sad, i ordered the pink pippa swing dress with the same order and love it.",Straps are long.,21,5.2083333333
0,39,3,19,2,40,42,46.9,15,35,51,6,15,20,8,2,6.33,281.26,100,Unknown,F,108000,104130,09MAR2004,Platinum,2,I love these jeans! their fit is fabulous and they are very comfortable! my new favorite brand of jeans!,,20,2.8
0,32,2,17,3,75,65,39.3,13,33,55,6,15,19,7,2,13,542.16,125,HomeOwner,M,127000,84890,22DEC1989,Platinum,3,"I love this dress. it fits perfect (i'm 5,3, 108 and ordered xs)i think the off white stone color is true to the picture. i will be wearing this dress as my wedding dress for our small intimidate wedding. i can't wait.",Perfect dress,35,5
0,31,3,16,3,50,78.35,69.7,14,36,84,6,17,32,17,3,15.67,706.03,150,HomeOwner,F,75000,103610,22NOV2005,Platinum,2,This jacket is just as stunning in person as online. high quality and just overall fabulous design. as much as i loved it though i couldn't get over the fact i was jingling every time i moved. it seemed like it could cause piling issues and i thought it might get annoying wearing for an entire day. i loved this and wanted so hard to keep it but i need functional chic pieces not noise makers. anyways fit was great looked just like the model on me so i would recommend but with caution as for this,Jingle all the wayyy...,19,5.5964285714
0,33,1,18,3,100,75,59.7,13,35,74,6,17,30,18,2,10,704.56,135,Unknown,F,87000,90220,07DEC1990,Platinum,3,"These pants are beautiful and very comfortable. i am 5'3"" and 120, ordered an extra small. i had to hem them because they are extremely long, otherwise the fit is great.",,34,5.7692307692
0,19,3,20,2,100,74,41.5,13,34,79,6,16,32,23,3,15,505.48,153,Unknown,F,121000,38350,,Platinum,3,"You will need to get these pants hemmed if you are not six foot tall, as they are quite long.  but they are so cute that the extra alteration expense is worth it.  imagine wearing pants that feel like pajamas but that look like a million bucks.  is this not every woman's fashion fantasy?",Cute but long,,5.6923076923
0,27,1,17,3,60,60,56.65,12,31,50,6,15,19,6,2,12,495.07,97,HomeOwner,F,91000,87490,15JUN1997,Platinum,3,"Never spent this much on a dress so it needs to be amazing for me to keep it.  i've never seen flannel patterns and colors like this. the details in the back are unique. but in the end, i decided to return because it's too long and although it fit fine in a size large it didn't look that great on me. the dress has an exaggerated drop waist that was too low for my short waisted frame. the fabric smells odd. i tried belting it but the pockets and back buttons created bulk.",Amazing flannel,27,5
0,19,2,21,3,100,100,67.2,13,33,62,6,16,24,9,3,20,837.88,112,HomeOwner,F,78000,50310,09MAR1996,Platinum,3,"I absolutely loved these pants when i tried them on. i am 5'1 and will definitely need it hemmed because they are so so long. but i'm fine with that because these pants are so unique and gorgeous. i'm 130 lbs usually a size small but xs fit me just fine. i will have to say though, i am very upset because my pants shipped with a huge tear in the waistband. the only way i was able to try them on was because the last bit of the waistband was hanging on by a thread. so the quality isn't too great. a",Love the pattern but,28,7.6923076923
0,42,4,16,2,50,48,37.5,14,33,55,5,15,21,12,3,9.5,316.42,92,HomeOwner,M,132000,117520,29MAR2003,Platinum,2,"One of my first rompers, it's super cute. i need to get used to the puffy sleeves but my husband also really likes it and he's definitely got an opinion about these things.",,21,3.4285714286
0,42,4,19,2,50,68.75,69.75,13,35,74,6,17,30,19,3,13.75,413.37,128,HomeOwner,U,75000,117520,31OCT1996,Platinum,2,"This dress is super sweet, but also unique with the reversed fabric on the skirt. it is true to size, unlike a lot of retailer clothes that seem to be boxy/run big. the fabric bunches a little bit at the waist though -- that's my only complaint.",Polka dot perfection,28,5.2884615385
0,10,4,16,2,100,110,107.7,15,34,65,6,17,26,13,3,22.5,824.83,108,HomeOwner,F,50000,101400,14MAY1997,Platinum,3,"Beautiful crepey fabric, lovely color. i was surprised to see gold threading in the peach option; i'm not a big gold thread fan, but it's do-able. the ruching across the back makes the fit very loose and blousy. this is not a figure-defining piece. but it's comfortable (will probably be more so after a wash to get that stiffy factory fabric finish feeling out), and versatile.",Blousy back,27,7.3333333333
0,25,3,21,2,80,78,64.25,15,35,81,6,16,33,20,3,12.67,595.58,153,HomeOwner,F,81000,62010,17JAN2002,Platinum,3,"The 'peach' color is actually a lovely shade of rose and the smocked detailing at the shoulder is exquisite - but there are bold stripes of gold lurex running through the plaid. if you like that kind of thing, you'll love this blouse. it hangs well and is a substantial but airy fabric.",Gotta love lurex,23,5.2
0,29,1,27,3,75,65,52.5,10,31,70,5,15,28,16,3,11,538.78,137,Unknown,F,98000,114140,10DEC2000,Platinum,3,"I like the pointelle feature in the front. i end up wearing a lot of black, but this at least gives me the option to do a bit of color underneath if i so chose. i've worn this with white, black and blue jeans w/ boots. looks great. i'm 5'3"" and 125 lbs. i got a medium, but i could have possibly gone with a small. my only complaint is that it might be a tad bit too long. since i'm on the shorter size, i can't imagine it would be too much of an issue for others.",Bohemian *light*,24,6.5
0,43,1,4,3,50,53.35,40.35,16,36,74,6,16,32,14,3,10,389,134,HomeOwner,M,124000,106210,,Platinum,2,"This romper was so cute and with the great reviews i thought i needed to try it...but once trying it on i realized it was an odd fit, there is not enough fabric to make it look as relaxed as it does on the model. also, the sleeves were a bit wider than they look in the picture. would probably work well for someone with a petite figure.",Great color,,3.334375
0,33,1,15,2,50,54,34,14,36,84,6,17,33,35,3,7,392.89,153,HomeOwner,M,144000,122850,11APR2000,Platinum,2,I loved this dress immediately.  i got the blue and orange and love the combination of the top fabric and the flowy skirt.  only one complaint.  it's a bit short on one side so i'll have to wait for cooler weather to wear it with tights (if i want to wear it to work).,Cute dress,24,3.8571428571
0,0,2,18,2,50,73.75,39.7,13,32,70,6,16,30,16,3,17,419.4,154,Unknown,M,126000,111930,,Platinum,2,"I really like the style of this top, the open sleeves are subtle. i think it is even work appropriate in a business casual environment. it is slightly short waisted in my opinion and runs a little small, but my usual medium worked for me. i am a solid 8.",Great versatile top,,5.6730769231
0,24,2,16,2,50,50,44.7,13,33,64,6,15,27,16,3,10,396.2,136,HomeOwner,F,113000,75920,01AUG1992,Platinum,2,"This dress has a really lovely design and is very, very comfortable. it is not quite as flattering as i had hoped, and doesn't have quite as defined a shape as i expected. still, it's cute and i'm happy to have it!",Seriously comfortable with vivid colors!,32,3.8461538462
0,24,1,18,3,55,48.35,31.8,12,32,49,6,15,21,11,2,9,384.61,100,HomeOwner,F,153000,57590,18DEC2003,Platinum,2,I really likes these jeans. they are comfortable with stretch and look cute. the price is high but an investment for sure !,,21,4.0291666667
1,24,3,24,3,50,58.35,57.15,11,30,79,5,15,31,21,3,11.67,514.24,147,Unknown,M,91000,57590,,Platinum,2,"The color of this cardigan is beautiful, and the material is very soft.",Chic cardigan,,5.3045454545
0,39,3,17,1,100,50,39.25,14,33,71,6,15,28,20,3,8.33,383.94,146,Unknown,F,127000,54730,04APR1999,Platinum,3,Love the color. love the design. at the hem this top runs wide. i'm still deciding whether to keep this as i think the wide hem may be somewhat flattering on me.,,25,3.5714285714
0,18,1,16,5,50,100,72.5,15,32,46,6,15,19,6,2,20,1119.99,77,HomeOwner,M,73000,63700,27NOV1989,Platinum,3,"This pants look pretty much exactly like the picture except these will wrinkle really easily so there is no way they will ever appear as wrinkle free as the pic.i found the color to be exactly as seen online so i am not sure why others didn't. the material is really light weight so i think these will work well for spring.overall cute especially for the price. if not on sale, i would not have bought them but the sale price makes these pants awesome.",Pretty much just like picture,35,6.6666666667
0,20,4,17,2,70,58,46.45,13,31,68,6,17,30,14,3,11.5,395.92,149,Unknown,M,109000,82030,29MAY2005,Platinum,2,"Like other reviewers, i'm glad i sized down. this is a cute tunic that is definitely great quality, lightweight chambray. i love that it has pockets, but they do puff a bit at my hips.",,19,4.4615384615
0,46,2,18,3,50,58.35,41.9,15,34,48,6,15,20,8,2,12.5,507.91,105,HomeOwner,M,120000,161330,13JUN2005,Platinum,2,"I followed the advice of other reviewers and sized down from a s to xs. i was worried about the length of the torso since i'm long in that area, but the xs still worked great. it's a totally adorable jumpsuit with a nice fit. my biggest peeve with this was that it came dirty on the hems...like it had been dragged on the ground somewhere. unfortunately, there were no more xs online once i got it though, so i will keep and try to clean. this is not the first time in recent months that i have recei","Came dirty, but nice fit...",19,3.89
0,21,3,22,3,100,73.35,68.35,12,31,57,6,16,22,9,3,14.67,649.55,99,HomeOwner,F,77000,84760,14OCT1983,Platinum,3,"I had been eyeing these for a while, but as they didn't seem very popular, i figured i'd wait for a sale. i finally bought them at the 40% off of sale price (yay!) and i love them. they're extremely comfortable, and very flattering. i'd say they run true to size, but maybe on the smaller end of the size for the waist. the blue pants are more greenish in color than the picture shows, but still beautiful. i'm looking forward to wearing these now and into the spring.",Love these!,41,6.1125
0,40,2,26,2,50,61.25,46.05,11,32,57,5,16,22,14,3,12,385.03,101,Unknown,M,110000,119600,26JAN1990,Platinum,2,"I was unsure about this dress when i first tried it on. the color is gorgeous, it is flowy and beautiful. it hits just below the knee (i am tall), which is something i am not used to. i hadn't decided on it, but my husband loves it and that's all that matters! it is very feminine and pretty. i normally wear a 0, but ordered a 00- it fits just slightly loose, which is the style this dress is going for.",Beautiful summer dress,35,5.5681818182
0,32,2,18,2,85,77.5,70.55,13,33,52,6,17,24,9,2,15,597.04,99,HomeOwner,F,74000,169390,08MAY2002,Platinum,3,"These are super soft and relaxed. i have them in navy and lavender. i am 5'6"" and 130 lbs. and ordered them in a 28, which fits loosely, but comfortably.",Very comfortable/relaxed,22,5.9615384615
0,22,1,25,2,50,50,61.9,13,35,58,6,17,23,13,2,10,389.92,92,HomeOwner,M,84000,150800,17DEC2004,Platinum,2,"The dress is cute, but i'm somewhat concerned that it will be sheer in the sunlight. i guess we'll have to wait and see!",,20,3.8461538462
1,32,1,17,3,50,50,17.15,13,32,79,6,15,31,35,3,10,374.45,154,Unknown,F,254000,54340,03APR1995,Platinum,2,"Super cute and flattering shirt, the long tunic-style makes it so you can dress it up or down, so cute and comfy!",,29,3.8461538462
0,40,2,17,3,50,60,46.2,14,34,81,6,16,33,25,3,11.5,390.75,151,HomeOwner,F,110000,87100,08MAR1997,Platinum,2,"I ordered the black and it was a soft black, which i loved. i felt like the shirt was a little boxy (i was hoping the top would have been a bit more fitted (the arm holes are loose) and the bottom a little longer, but i like it enough that i am keeping it. works well to wear to work.",,27,4.2857142857
0,36,1,26,3,80,85,57.65,12,34,72,5,16,28,17,3,15,701.3,129,Unknown,F,90000,112320,18MAY1987,Platinum,3,"I am a solid size 6 in most brands, top and bottom, 5'3"" tall, 125#. i have long legs, short torso, and fairly broad shoulders - i almost never wear petite sizes.however, this top in the regular small size could be a maternity dress on me! i am literally swimming in it, and it is quite long. however, i can still make it work, with a cami underneath and leggings or skinny jeans... i like it, did not return, and will buy another color, but will go with petite x-small in the future.",Darling top- runs large and long!,37,7.0833333333
0,23,1,18,3,85,78.35,72.7,14,36,60,6,17,23,13,2,14,706.48,92,Unknown,M,72000,69550,10FEB2006,Platinum,3,"This top is such a great color and style. i did have to go a size down, as i typically wear a medium. the style is very forgiving. it looks great with shorts and jeans! it's staple!",,19,5.5964285714
0,39,3,24,2,45,47.5,32.05,14,36,85,5,16,31,32,3,9.33,294.71,154,HomeOwner,M,152000,71630,20JUL2002,Platinum,2,"I love the idea, and color, very flattrering and easy to trhrow on, however, i need the petite in this one, and they sold out in the neutral color. it looks too big in eregular sizing, and since it combines xs/s, it is made slightly bigger. material is soft enough.","Beautiful and versatile, but big...",22,3.3928571429
0,28,3,19,2,105,91.25,81,13,34,59,6,17,22,15,2,19,957.79,87,Unknown,M,65000,70460,26JAN1992,Platinum,3,"Everyone has said it, so i'll just add my two cents - this is a great, soft, flattering top. i bought two, one in white and one in black, and i have never worn them without getting compliments. i sometimes wear them buttoned up, and sometimes completely unbuttoned to expose tanks or bathing suits. (i live in florida, and these tops make great beach cover ups). i am 5'7"" and over 160 but not busty, and the medium was swimming on me, but i think this particular shirt is supposed to be that way. su","Flattering, comfy top",33,7.0192307692
0,21,3,16,2,85,77,45.25,15,35,77,6,16,32,21,3,15.67,595.17,152,HomeOwner,M,112000,114010,01NOV1999,Platinum,3,This dress is great! it fits true to size and the pockets are very unnoticable!my only note is that the first picture of the dress show the dress to be a bit darker than the actual dress. the dress colour more closely resembles that of the other two photos.,,25,5.1333333333
0,31,7,15,1,50,52.5,39.45,14,34,81,6,17,33,38,4,10.57,384.55,154,HomeOwner,F,127000,150280,17JUN2003,Platinum,2,"I am so happy i purchased this top in 2 colors while it was on sale. i have the navy/white pattern and the green. both are vibrant and fun. i'm 8 months pregnant and these fit me currently. i can see them being a great top for post baby and on as well. i'll probably layer this in the fall and winter with a chambray jacket or a loose knit sweater. my only complaint (which is why i gave 4 stars) the top button comes undone very easily. it also pulls a bit at the top 2 buttons, but i may be able to",Fun top for all seasons,21,3.75
0,36,2,21,3,70,66.65,42.05,13,32,77,6,16,32,22,3,13,538.6,153,HomeOwner,M,120000,87490,07DEC1998,Platinum,2,"Agree with other contributer - this is a great piece to snag on sale. i bought this 2 months post partum with the intention of hiding the post baby belly - which is does well! i think it fits true to size (i'm typically l and this l fit well). i can see how certain body types it would look maternity, but i'm short and curvy and the blouse is flattering. it's lightweight, so i plan to add a cardigan in the fall/winter.",Versatile blouse!,26,5.1269230769
0,27,1,18,2,40,36.25,28.75,12,32,51,6,16,22,12,2,6,278.14,90,HomeOwner,F,167000,121810,31OCT2002,Platinum,2,"This is a cute top, especially the material design. i like tops that go over my bottom and this does. if i had a problem it is with the sizing. the fact that it was only online so i could not try it on made it difficult to know really what size to get. some reviews said it was true to size and others said go down a size. i did go down a size but it still hangs a little big. but i still love the overall look. i am also petite which is what i ordered.",Adorable top,22,3.0208333333
0,33,5,22,1,60,62.15,49.3,14,34,80,6,17,33,28,3,12.2,377.16,148,HomeOwner,F,104000,74620,16NOV1994,Platinum,2,"Nice, flowy, comfy top with soft fabric. there's a lot of fabric below the waist - it could probably work as a maternity top - but it drapes nicely rather than looking overwhelming. i do find that the buttons gap a little at the chest, despite the top fitting loosely on me, so i have to wear a layer under it.",,30,4.4392857143
0,16,1,18,2,50,38.75,36.25,12,31,49,6,15,21,8,2,5,327.49,91,Unknown,U,136000,119600,,Platinum,3,"I would describe the color as more blush. the fabric does not have a sheen as in the model picture. the fit is much cuter on than hanging. i'm a 36c and the extra small is just a bit tight in the bust, otherwise i like the fit everywhere else. i'm going to order a small and see how it fits. at 5' 3"" it's also longer on me than on the model but not a deal breaker. looks kind of 1920's vintage on. my fabric is not see through it's more of a twill fabric but not quite as heavy as that.",,,3.2291666667
1,34,2,17,2,85,78.75,65,14,35,54,6,17,21,10,2,16,495.4,88,HomeOwner,M,80000,105300,29OCT1996,Platinum,3,"I loved this dress on. the material was quite different than expected, almost a canvas-y feel to it. ran a little large, but so cute.",Cute!,28,5.625
0,30,4,18,1,50,44.15,38.4,14,32,58,6,17,24,19,3,8.25,275.47,103,Unknown,F,130000,71240,16FEB1989,Platinum,2,"This top is absolutely adorable, fits small on top and then flares out a bit as shown. i bought it months ago and haven't worn it yet though. might try it with white jeans as shown.",,35,3.1535714286
0,21,3,21,3,75,91.65,68.5,11,33,62,6,17,26,10,3,18.33,715.72,116,Unknown,M,77000,88660,,Platinum,3,"This top is really pretty and i received a lot of compliments on it. i said it ran true to size, but really the torso part runs a little big. if i had sized down, i think it would have been too tight in the arms. the cami that came with it kept falling out, which is no big deal, but be aware that the strings might not hold the cami with the shirt. overall, it's a really pretty blue and the details make it worth it.","Great overall, but with it's issues",,8.3318181818
0,38,2,24,3,100,62.5,43,11,33,67,6,17,30,10,2,12.5,651.67,134,HomeOwner,M,117000,60970,03APR1996,Platinum,3,"Very nice top, fits true to size, a little short buy looks nice with jeans or work pants",,28,5.6818181818
0,19,3,17,3,75,66.65,47.3,13,32,71,6,16,29,13,3,13.33,541.8,135,Unknown,F,108000,62140,,Platinum,3,"I love the style of this dress and the color is beautiful and very much like the photo. like previous reviewers mentioned, the top is a little loose in comparison to the bottom. i originally bought a size 4 but then exchanged it for a 2. i tend to be between those sizes. the 2 fits great on bottom but the straps are a bit loose. it might be better for bigger busted ladies!","Nice dress, fit is ok",,5.1269230769
0,20,3,18,2,50,45,41.25,13,33,73,6,17,30,20,3,8.67,316.17,137,Unknown,M,122000,57850,,Platinum,2,Overall i really like this dress. the color is vibrant & unique. the top of the dress especially the shoulder straps seem loose so i'm getting it tailored.,A little big up top,,3.4615384615
0,26,1,15,3,110,111.65,74,13,34,74,6,16,30,20,3,20,1108.66,137,Unknown,F,71000,71240,,Platinum,3,Bought this in green at my local store and fell in love with it! i also tried one in pink and it was a bit sheer which is why i opted for the green color instead. very nice and feminine.,Lovely lace top!,,8.5884615385
0,28,2,17,2,50,38.75,18.65,14,35,79,6,17,35,24,3,10,328.66,151,HomeOwner,U,238000,80990,28JUN2004,Platinum,2,"Very pretty but also very roomy. i'm using it as a swimsuit cover up, so it's perfect!",,20,2.7678571429
0,0,2,26,2,50,43.75,15.9,9,29,62,5,16,29,30,3,7.5,327.05,154,Unknown,F,269000,100490,,Platinum,2,"I like the style, but i ordered an extra small (i am5'4' 120#) and it was still too loose fitting on me, had to return, hopefully exchange for xxs","Comfy, runs large",,4.8611111111
0,29,4,21,2,50,60,65,12,34,59,6,17,24,14,3,11.25,380.59,100,Unknown,M,80000,133120,15DEC1984,Platinum,2,"I tried this on in store and was very close to purchasing, but ultimately decided against it because it was too in between causal and dressy to me. i couldn't imagine where i would wear the dress. it was great quality and the green color was very pretty on. you could find a way to wear a bra with the dress.",Great summer dress,40,5
0,31,2,24,3,100,112.5,94.45,14,33,69,6,16,31,9,3,22.5,842.79,147,HomeOwner,M,57000,66170,14JAN1996,Platinum,3,"I loved this dress and purchased it in my usual m. however, i agree with another reviewer that it is too long for me at least, so i returned this and will buy it in petite instead. if you are shorter (i'm 5'2), the regular length doesn't fall right, the shorter front section falling right at the knee and the longer section falling halfway on my calf . but great style! looking forward to seeing it on me in the petite.",Great style,29,8.0357142857
0,18,1,20,3,70,80,66.65,15,34,79,5,15,32,15,3,18,701.09,147,HomeOwner,M,79000,49140,12JUL2001,Platinum,2,"This cover up has great potential. i love the embroidery. the colors and design are great. however, it has a number of loose strings. it makes me wonder what might happen when i wash it. the fabric is on the thinner side, but it is not see through. the fabric would be nice for a hot day by the pool. i caught it on sale, so i am keeping it.",Beautiful embroidery,23,5.3333333333
0,28,1,18,2,75,68.75,54.4,14,35,66,6,16,24,16,2,10,500.65,117,HomeOwner,M,95000,110630,01APR2005,Platinum,3,"I got tons of compliments when i wore this top out a couple weeks ago. it is a little bit shorter than i thought, and a little bit loose (not ""baggy"" but just kind of hangs). if you have a larger chest, this may not be super-flattering. the color is really pretty and looked great with dark skinnies. i bought my normal size (after trying on a size down, which was just too short...and i'm 5'2)",Great top to transition to fall!,19,4.9107142857
0,34,3,25,3,50,50,37.8,10,29,59,5,15,24,18,3,10,390.71,116,HomeOwner,M,131000,85930,15DEC2006,Platinum,2,I loved the color and the style of the sleeves.  it was a bit too short on me and i thought it made me look boxy so i didn't end up keeping it,Nice shirt,18,5
0,31,2,21,3,115,100,76.25,12,32,55,6,16,22,8,2,20,1127.9,93,HomeOwner,F,69000,82030,25DEC1986,Platinum,3,"I'm between sizes in deletta (m to l, 5'4"", 34g).i ended up purchasing the large in both black and sapphire.it does fit a bit tight in the arms and torso, but it's a nice basic top for work, and does well with changing seasons.",A lovely basic top,38,8.3333333333
0,28,6,17,1,70,70.55,55,15,32,47,6,17,19,17,3,14.67,420.86,77,HomeOwner,F,94000,163150,18NOV2001,Platinum,2,"The fabric is nice and the color is a rich jewel-tone. i have a couple of very similar shirts from a similar store that are several years old. those fit a bit more loss sly around the stomach (not baggy, just body-skimming) which made them more flattering for more body types. this shirt works if you have a little padding because of the gathered folds, but it probably wouldn't be great for someone carrying a lot of extra weight around their middle. the knot also has a tendency to twist exposing t","Great color, but...",23,4.7033333333
0,36,4,22,2,70,48.75,54.6,13,34,71,6,16,29,13,3,9.75,319.56,136,HomeOwner,M,94000,105950,06MAR1983,Platinum,2,"A little thin, but overall very cute. i like it with waist high skirts.",,41,3.75
1,24,7,17,1,45.75,18.9,22.2,13,32,80,6,16,32,31,4,3.71,157.3,150,HomeOwner,F,207000,83460,,Platinum,2,"I love this fabric, it is comfortable and forgiving. as i prefer jewel tone colors the sapphire is great. i wish it would be offered in red, like the cowl neck long sleeve tee. with that said, i thought the sleeve length on this might be odd, and while i wish it were a few inches longer (3/4 sleeved). the only reason i haven't given it five stars is that i haven't laundered it enough to verify the quality.",,,1.4538461538
0,49,2,18,2,50,40,31.95,14,35,75,6,16,32,23,3,6,318.82,154,HomeOwner,M,152000,87230,11DEC2000,Platinum,2,"Lovely color and fits nicely. only problem on mine, the front stitches were not properly sewn.",,24,2.8571428571
0,31,1,24,5,100,100,60.65,11,31,78,6,15,31,15,3,20,1122.15,154,Unknown,M,86000,76570,25DEC1992,Platinum,3,This dress is beautiful on so many levels. the colors and print are amazing and the maxi sweater dress idea is unique. it fits true to size and is very flattering. my only issue is the amount of shine that it has from the metallic threads running through it. i would have preferred less shine which would make the dress more versatile.,Gorgeous colors!,32,9.0909090909
0,25,3,18,2,45,47,37.8,14,33,53,6,15,20,9,2,10,293.26,92,HomeOwner,F,131000,74620,,Platinum,2,"Very cool dress. very true to size--fits just right in the top. the fabric is just right--not too heavy but opaque enough to cover everything that needs covering. only issue is that it is loooong. looking at the other reviews i think there may be some variation in the length of each individual dress. i am 5' 9"" and this dress pooled around my feet (size m). i will be taking it to the tailor to have at least 3-4"" trimmed off the hem, i would recommend erring on the side of the petite sizing or fa",Great dress but long,,3.3571428571
0,33,2,17,2,45,51.25,46,23,42,57,7,15,19,5,2,9.5,278.61,64,Unknown,M,110000,66040,,Platinum,3,"The design is unique and stands out.  goes great with a black pair of jeans and can be dressed up.  i found the fit to be decent - not unflattering on me. however, i suspect that it could run short / tight on others.overall though - a cute white top for winter.",Interesting piece,,2.2282608696
0,39,4,21,2,65,53,40,14,34,48,6,16,20,13,3,9.75,391.3,81,HomeOwner,F,125000,78390,02APR1992,Platinum,2,"Stunning on, but mine was missing a button when i received it. i found a similar button and replaced it. still worth it, even though it arrived ""damaged""",Beautiful top!,32,3.7857142857
0,30,3,21,2,100,60,47.8,13,32,42,6,16,18,9,2,9.33,387.09,76,HomeOwner,F,107000,102960,08FEB1989,Platinum,3,"This sweatshirt is beautiful and a step beyond the ordinary. the white is crisp and the lace is just beautiful. the black striping is subtle and really attractive. i had a problem with the fit. it just grabbed my mid section in an unattractive way. i wear large in more fitted items and that's what i ordered this time. i'm well endowed and it fit nicely over my bust, shoulders and arms so afraid the next size up will be too big. although it didn't work for me i highly recommend this beautiful top",Unique,36,4.6153846154
0,19,6,17,1,50,44.3,36.3,13,31,75,6,17,29,27,3,9.5,286.77,137,HomeOwner,F,136000,202540,03APR1986,Platinum,2,"Love the dress - i am having the slit up the front raised. love how it looks in the picture, but the dress is actually slit up just under the knee.",,38,3.4076923077
0,35,2,21,3,100,112.5,86.1,13,35,71,6,17,33,9,2,22.5,834.06,137,HomeOwner,M,62000,149240,30NOV1994,Platinum,3,"So i really like this top. not my usual choice, but i'm trying to branch out. really like the top (i got the white one because they had it in my size). only thing is i could have sized down but arms/shoulders/bust are super tight so i went with the larger size. i got mine on sale and a button had already fallen off the back so forewarning that may be a problem in future.... but overall i really like this top.",Tight in arms and bust,30,8.6538461538
0,34,1,16,3,50,46.65,41.9,14,34,46,6,15,18,13,2,10,348.32,77,HomeOwner,M,120000,141050,26OCT1985,Platinum,2,"I love this dress, but have found that this brand runs large. i'd order a size down.",Runs large,39,3.3321428571
0,31,2,20,1,65,58.35,46.9,13,35,64,6,17,24,13,3,11.5,392.36,104,HomeOwner,M,108000,125840,,Platinum,2,"This blouse is great to wear almost anytime! it can easily be dressed up or down depending on the occasion and the accessories. it has a bit more volume around the waist then the picture shows - but that could be because i'm bit more ""well endowed"" than the model. i'm 5'0 and size m/8. this shape looks great on my curves without making me look chunky or stout. the image makes the color look black, but in person the color can pass for a really dark blue in some light. the textile of the fabric is",Adorable everyday look!,,4.4884615385
0,32,2,17,3,50,50,38.6,14,35,73,6,16,29,18,3,10,387.58,137,HomeOwner,M,129000,62790,20OCT1997,Platinum,2,Super cute. was really pleased with my purchase of this sweater. runs just a little big.,,27,3.5714285714
1,24,2,18,3,100,90,64,14,35,76,6,16,29,20,3,18.5,783.14,136,HomeOwner,F,82000,114790,14JUN1996,Platinum,3,"I love this shirt so much i bought it in another color. it looks like it does in the picture, loose and flowy.","Love this! so soft, looks like the picture",28,6.4285714286
0,35,1,18,3,100,100,53.2,13,34,66,6,16,29,14,2,20,836.24,113,Unknown,F,97000,147680,20JUL1998,Platinum,3,I got size 2p. it comes down a little over my knee cap and i wish it was rather a little above it. i have a small chest about 32b and with a padded push up bra it was still bit loose on the top. i do have a shorter torso. i feel like i could've gone with the 0 petite. i'm a pear shape and more like a size 4 on the bottom and i weigh about 115lbs- there is tons of room to go smaller - it is not form fitting on the bottom at all. has that slight polyester feel but the fabric is beautiful and thick,Could be more petite but very pretty!,26,7.6923076923
0,41,3,17,2,50,60,56.65,10,32,63,5,16,23,18,3,12,382.63,99,HomeOwner,F,91000,71890,28MAY2006,Platinum,2,"The stitching is why i like this dress. even though the arms and waist were a little large on me, i decided to keep it because of the beautiful pattern. (i think going a size down from what i normally wear would be too tight across my back or too short.) i will wear it with a cardigan, tights, and boots as the weather gets cooler.",Love the stitching details,18,6
0,41,2,24,3,75,68.35,49,11,32,62,6,16,26,10,3,13.5,546.19,149,Unknown,M,104000,80340,,Platinum,3,"Nice practical tank, that i can wear with everything. but, the fabric is kind of weird - overly warm and pulls up around the bottom when i wear it sometimes. i would still recommend it, but just know it's not just a cotton tank.","Nice, but weird fabric",,6.2136363636
0,32,1,19,3,75,68.35,58.55,14,34,57,6,15,22,17,2,13,556.1,99,HomeOwner,F,89000,75400,19APR1998,Platinum,3,"Great material, and i like the idea of a scoop / v neck combination. but the hem rolls up, making it impossible to wear not tucked in to pants or a skirt (and even there it's a little bulky). it's possible that ordering a size up would fix the problem.","Love the look, but hem rolls up",26,4.8821428571
0,29,1,23,3,50,56.65,48.95,12,33,76,6,16,31,19,3,10,382.89,151,Unknown,F,104000,65130,,Platinum,2,"I saw this dress in the catalog and on-line and it looked so lovely on the models. i took a chance and ordered it in my normal size small. when it arrived i was a little disappointed with the weight of the fabric, it was a bit light in my opinion. it did have an interesting texture, (suede like) so i could overlook the weight of the fabric if the dress fit well. unfortunately it did not, it rather just hung there and was not flattering on me. it looked wonderful on the model but i keep forgettin",Not for me...,,4.7208333333
0,28,2,18,3,50,50,45.3,15,36,54,6,16,21,17,3,10,386.01,89,HomeOwner,M,112000,63180,14JUL2002,Platinum,2,I am a horse lover so i had to have it as it is of good quality and unique. be mindful that it runs small and fits alittle snug across shoulder also excellent for layering.,I fell in love!,22,3.3333333333
0,34,2,18,2,50,45,36.65,14,33,69,6,15,31,15,3,9,318.03,147,Unknown,F,135000,116480,23JAN2003,Platinum,2,"Definitely cute and good fit but the distressing at knee is open and will probably get worse, worth it if price lower... maybe",Cute,22,3.2142857143
0,24,2,20,3,50,75,51.65,14,33,57,6,15,22,9,2,12.5,709.92,101,HomeOwner,U,99000,41730,07JAN1951,Platinum,2,"I love the model's pairing of this sweatshirt and was struck by it when i walked in the store! like the other reviewer said, you could dress up or down (despite the ""sweatshirt"" name) and i'm planning to wear it with the galleria corduroy skirt and gray booties. love the stitched pockets on the side! (but i'm unlikely to put anything there since it would probably fall out!)sizing: definitely boxy as the first reviewer said. i'm solidly a small in most tops, and this one i have a bit of spare",Boxy but cute!,74,5.3571428571
0,38,1,17,3,75,50,38.65,13,33,58,6,15,21,11,3,15,500.54,101,Unknown,F,129000,161590,,Platinum,3,I tried this on in the store and loved it. it is very comfortable. i sized up one or two sizes. i am very thin and somewhat petite but wanted a little more length. it will be a great dress for fall as the fabric is heavy enough to wear into fall. i think it looks better in person than online. would recommend it if you like this kind of dress. love that it has pockets too. great quality.,Great fall dress,,3.8461538462
0,30,2,18,2,50,27,27.7,14,36,55,6,17,21,13,2,5.5,308.87,89,HomeOwner,F,172000,120380,,Platinum,2,"I was debating getting the petite vs. regular sizing. i ended up going with the regular sizing for the addition couple of inches in length. it is very comfortable and not at all a sweatshirt but more of a heavyweight, wider long sleeve.",Cute for fall!,,1.9285714286
0,24,5,25,1,40,44.45,37.55,10,32,84,4,15,31,47,3,8.8,226.63,152,HomeOwner,U,132000,246480,15FEB1997,Platinum,2,"I was looking for a dress that had a lot of color. since i usually stick to neutrals, this was out of my comfort zone, but i found this one and loved it. it's comfortable, not clingy, and i can wear a regular bra (bonus!). i wish the waist wasn't dropped, but i think it worked well. i plan on wearing it more in the spring/summer, dressing it up or down will be easy. i'm usually a size 12 and this fit true to size.","Easy, comfortable dress",28,4.445
0,47,3,17,2,50,67,52.35,14,31,63,6,16,26,15,3,13.33,418.03,102,HomeOwner,M,98000,150280,25JUL2002,Platinum,2,"Also, a little on the bigger size, i ended up not keeping the xs petite, as i felt it was a little loose and long (would have been more flattering on me a tad narrower and a bit more above my knee. colors are really pretty and so is the pattern. very comfortable and light. xs petite bog on 115 lbs, 30 dd, 26.5 in wasit.","Pretty, thinner fabric than expected",22,4.7857142857
0,47,2,23,3,50,50,40.25,12,33,79,6,16,31,20,3,10,390.72,147,HomeOwner,M,124000,74750,28JUN2006,Platinum,2,"I really love the look and feel of this top, perhaps this was mentioned in previous reviews, but it is unlined, which i hadn't realized when i ordered it. so the eyelet details are will expose skin unless you wear a cami underneath.","Pretty, but unlined!",18,4.1666666667
0,36,1,17,3,50,50,57.8,13,33,68,6,15,31,9,2,10,399.15,138,HomeOwner,F,90000,62010,17APR2001,Platinum,2,"I bought this top in 2 colors. it was endlessly comfortable and easy to wear, so i bought it in the 3rd color. it's so versatile that i found myself trying to wear it in too many situations - travel, weekends, and work. the feel of the fabric is gorgeous, but it pills after wear. so when the top went on sale, i bought an extra set of all 3 colors. now i have a set for play and a set for work. i love this shirt.",Can't believe this top hasn't sold out yet,23,3.8461538462
0,31,1,16,2,60,58.75,58.35,12,33,61,5,15,23,12,2,12,390.82,99,Unknown,F,89000,61100,07NOV1983,Platinum,2,"I originally bought this from my local retailer in an xs petite. i think it was a return. i brought it home and decided it was just too big for my 5'4"" 116 #frame. i ordered it in an xxs petite and am keeping it. the colters are just so pretty and it is machine washable which is an added bonus. it is still flowy but not objectionably so. it is meant to be unstructured and bohemain i think. looking forward to wearing this on my upcoming trip to italy.",Great dress,41,4.8958333333
0,8,2,19,3,80,93.35,70,13,34,54,6,17,21,8,2,20,709.63,87,Unknown,F,75000,66170,,Platinum,3,Lovely sweater that is good with jeans or a skirt. i ordered an xl and my only complaint is that i wish it were a bit longer in the front. i am heavy chested though so that's how most tops fit me. i ordered the gray/black and it's really nice. i receive lots of compliments.,Better than pictured!,,7.1807692308
1,41,5,18,1,50,52.85,41.45,14,35,53,6,17,21,17,3,9.8,269.89,89,HomeOwner,F,121000,81640,23DEC2001,Platinum,2,"A fun top!i tried on both the medium and large (i'm between sizes, 5'4"", 34g) and preferred the large. the medium waist rode up a bit on my torso, so the large stayed down a bit. also, the medium pleats did not fall as nicely on my chest.",A nice twist on the traditional peplum,23,3.775
0,45,2,26,3,75,75,64,11,33,65,6,17,32,15,3,15,706.65,147,Unknown,M,82000,0,17APR1999,Platinum,3,"I bought 2 of these in peach and maize. the fabric is yummy and soft as silk, the eyelet detail gorgeous and the colors are great, however there is too much fabric! if only a bit less, the fabulous swing shape would work. that said, i'm keeping mine if just for the gorgeous fabric and colors. i would even consider buying the third color just to wear around the house, if sale was on sale again.","Beautiful, but flawed",25,6.8181818182
0,27,1,26,3,95,95,83.35,10,30,45,5,15,19,6,2,19,716.53,81,HomeOwner,F,64000,67730,,Platinum,3,"Don't judge the sweater by the model. it's an unattractive ensemble. the sweater is very pretty on. it's lightweight with a cute design on the back. i wear with skinny jeans or leggings. it runs a bit wide at shoulders but i'm petite so it could just be me. also, it says dry clean i think. but i put in a mesh bag and washed on delicate cycle by itself. then laid flat to dry and it was fine.",Cute sweater,,9.5
0,25,1,19,1,60,54.15,43.05,13,35,56,6,17,22,18,2,10,389.07,89,Unknown,F,117000,52390,,Platinum,2,"Love the knit. contrast stitches add interest. quality is great and it is true to size. very happy i made this purchase, especially because i caught it on sale after eyeing it for months. great with denim or a black dress.",Lovely long cardi,,4.1653846154
0,22,3,24,3,90,90,54.3,12,34,67,6,17,26,14,3,18,699.51,116,HomeOwner,M,95000,100230,03MAY2001,Platinum,3,Super cute shirt. really flowy on the bottom - good if you want to hide your middle. great quality material.,,23,7.5
0,34,3,17,2,100,58.75,42.2,13,33,53,6,16,23,9,2,13.33,389.84,91,Unknown,F,119000,64090,,Platinum,3,This is a fantastic skirt and very flattering. i plan to wear this with boots as shown on the model as well as sandals when it gets warmer. i would say that it does run true to size.,Really flattering,,4.5192307692
0,35,4,18,1,50,57.5,49.2,14,36,63,6,17,24,19,3,11.5,391.58,100,Unknown,U,104000,91520,,Platinum,2,"I finally got my backorder today. i have a feeling that they might have rushed to make these and cut costs during production because as per all the reviews, i ordered my usual xs (122 lbs, 5'5"", 32d) and it just fits. all reviews previously before the backordered shirts were sent out, stated that the shirts ran big and people who normally wear a medium, bought an xs. i will keep my xs, but i would have purchased a small for a roomier fit. i have to wear a tank under it because it's short in the",Quality could be better,,4.1071428571
0,40,3,25,3,100,83.35,58.35,11,30,53,6,16,21,9,2,16.67,704.77,93,Unknown,F,89000,64740,26OCT1983,Platinum,3,"I'm not sure how i feel about this shirt. i love the fabric, which is soft, lightweight, and richly colored. the polka dot trim is quirky and fun, and i like the idea of the twisted hem. the cut is generous in width, for sure; i ended up ordering a small because i swam in my usual medium-to-large sizes, but the length of the small barely works. the sleeves are juuuust long enough, and the shirt hits me just at the hip, not nearly as far down as the model shots show. it may be because i'm busty a","Recommend, reservedly",41,7.5772727273
0,25,1,20,3,75,76.65,56.65,13,34,60,6,16,24,9,2,16,711.95,112,Unknown,U,91000,64350,,Platinum,3,"The fabric of this top is a tee shirt, mid weight material. it has a nice drape and the color variations along the vee are true to the photo. i purchased size large and it's a bit wide and long for my frame. you could safely size down. the fabric drapes nicely but i didn't like the sleeves or length and it fits large so am returning.",Looks just like the pic,,5.8961538462
0,32,4,22,2,55,66.25,42.85,13,33,80,6,17,33,28,3,13.25,424.45,152,HomeOwner,F,118000,84240,15FEB1997,Platinum,2,"I got these pretty boy shorts because i was looking for a panty that was comfy for bedtime--pretty but with a fair amount of coverage. i am really happy with them. wonderful with a tank top or chemise. i think the ruffles are a bit bulky for skinny jeans, but i love them for sleeping. they feel special.",Cute bedtime boyshort,28,5.0961538462
0,23,1,16,3,65,46.65,29.35,16,35,74,6,15,32,15,3,5,497.99,153,Unknown,F,164000,70070,01NOV2004,Platinum,2,"I like this dress because it has a 60's vibe. however, if this swing style is too long, it just looks dowdy. this dress was too long, so i shortened and redeemed mine. i am 5'3 1/2"" and 120 lbs. this style looks best on me just above the kneecap. if you try it on and hate it, it's probably because it's too long. in the winter i wear this with a long sweater (knee length) with a waistband in it to give it shape and with boots. the dress is lined but it is very, very sheer and requires a slip. or,",Very cute,20,2.915625
0,44,3,25,3,75,76.65,56.8,11,30,69,6,17,29,11,3,15.33,712.07,137,Unknown,M,91000,99060,14NOV1973,Platinum,3,"This sweater is beautiful, but is definitely more for looks than warmth. it's very soft, but very thin. i prefer the way it looks open rather than buttoned. i got the moss green color on sale, and i am glad i didn't pay full price for it--it's lovely, but certainly not worth $88.",Soft but thin,51,6.9681818182
0,36,1,18,3,85,75,59.3,14,34,52,6,15,20,7,2,13,708.15,99,HomeOwner,M,87000,77740,12JAN1999,Platinum,3,"This sweater is exactly what you think it is. comfy! it doesn't have much shape (it's pretty boxy), but that's the point. it's not one of those figure flattering kind, but it's also not shabby looking. it's so darn comfortable and soft and the colors are so upbeat and beautiful. since it's a fuzzy yarn type of fabric, i think the fuzz might start to fall out eventually and i have to be careful not to snag anything on it because i don't want to pull the knitting loose. other t",So comfy,26,5.3571428571
0,38,1,19,3,70,70,55.45,15,36,62,6,16,24,11,2,14,547.73,109,Unknown,F,93000,67730,31MAY2002,Platinum,2,This shell can be worn casual or dressy depending on what it is paired with. enjoy!,Very pretty on,22,4.6666666667
0,38,3,19,1,75,74.15,63.4,14,36,77,6,17,27,31,3,14.67,495.23,116,Unknown,F,82000,76180,18JUN1996,Platinum,3,"Material is kind of thick. stretchy. the orange i ordered was just too bright for me. i'm 8/10 and got the 10. i think the 8 would've worked better. sending back, mostly bc the color didn't look good on me.",,28,5.2964285714
0,22,1,18,2,85,78.75,61.65,14,36,66,6,17,26,15,3,15,582.85,111,HomeOwner,M,84000,84500,16JAN2003,Platinum,3,"This dress is fantastic.  i can't help but think the other gals who gave this a low rating were perhaps more petite and didn't size down.  i am 5'8 and usually a 10-12.  purchased the 8 and it is great!  fits wonderful and looks so nice for the price.  i like clothing that doesn't touch me and this does a great job, without looking sloppy.",Great casual and dressy!,22,5.625
0,18,2,25,3,50,62.5,48.2,11,32,68,5,15,29,14,3,12.5,553.34,137,Unknown,F,106000,61490,09JUN1998,Platinum,2,"Great fit with tight pants, beautiful flower design that goes with everything. favorite tshirt",Gorgeous,26,5.6818181818
0,36,3,17,2,55,54,55,14,35,49,6,16,19,9,2,10.33,378.31,80,HomeOwner,M,94000,92560,31OCT2005,Platinum,2,I like the design and the size/style but the fabric is different than expected and not quite as comfortable as possible. but i still like it and will keep it.,Pretty flowers,19,3.8571428571
0,29,3,16,2,55,53,47.8,13,34,50,6,17,20,9,2,10,385.78,81,HomeOwner,F,107000,73320,16DEC2006,Platinum,2,This fit nicely and i loved the asymmetrical flower design. it is somewhat sheer/see through so i put a tank underneath.,Pretty and comfy,18,4.0769230769
0,0,2,20,2,55,57,42.5,13,35,58,6,17,24,18,3,10.5,388.44,98,Unknown,M,118000,325390,20JUN1996,Platinum,2,I wore this when i was in my third trimester and it worked out great.,Pregnancy top?,28,4.3846153846
0,35,3,18,1,40,33.35,28.7,12,34,75,6,17,32,23,3,6.67,225.19,150,HomeOwner,F,167000,56030,25OCT2004,Platinum,2,"Love this shirt, but beware that it shrinks if you place it in the dryer. the good news is my teen daughter loves it, too, and benefited from my mistake. i usually wear a s or size 6 and bought this in a medium the second time around to allow for dryer.",Shriks!,20,2.7791666667
0,22,1,25,3,105,90,65,12,34,57,6,17,22,10,2,15,955.89,89,HomeOwner,F,80000,53950,01NOV1995,Platinum,3,"I bought this on sale. the cools on the bird pattern are beautiful and i liked the detail on the sleeves. a little see through, but ok with a nude bra or tank underneath.",Nice t shirt,29,7.5
0,29,1,18,3,75,93.35,68.75,14,34,74,6,15,31,12,3,20,712.59,154,HomeOwner,F,76000,52520,05NOV1995,Platinum,3,This really is a pretty top. i do wish it was a little thicker but it's not as see-through as other tees i've seen.,Unique design,29,6.6678571429
0,37,1,18,3,50,68.35,55,13,31,50,6,15,20,7,2,15,550.27,92,HomeOwner,M,94000,104910,31MAY1993,Platinum,3,"I like this top, and while it doesn't look on me like it does the model, i think it will be good for work purposes. would say it runs big and does have the maternity look risk (i bought this two months postpartum, so i need tops that cover the post baby belly and this works for that purpose). the grey is nice. bought on sale, but wouldn't recommend paying full price.",Cute,31,5.2576923077
1,24,2,21,3,75,75,55,12,33,54,6,16,21,7,2,15,564.51,89,HomeOwner,F,94000,63570,16JUN1999,Platinum,3,"I like this shirt because it can be worn for dressy or casual. i like the weight although i wish it was just a tad less see-through. i can get by without wearing a tank under but i usually feel like i have to wear one. i like the link. i feel like it runs just a little large. i love the length of the sleeves and the detail/cut of the sleeve. i like the colors on the shirt too. it's a good, versatile addition to my wardrobe!",Versatile shirt,25,6.25
0,27,2,18,3,50,53.35,48.1,15,33,68,6,15,27,13,3,11,386.51,129,Unknown,M,106000,81900,01MAR2005,Platinum,2,This blouse has a nice casual feel with feminine lines and the swingy design is flattering.,Nice fit,19,3.5566666667
0,33,2,21,3,85,80,61,13,33,66,6,16,27,15,3,16,710.9,128,HomeOwner,F,85000,129610,21APR1968,Platinum,3,Although they didn't have any sizes left for me when i got to the store to buy it. they sent it for free and it arrived in one day it was awesome :-),Perfect dress for a nice day,56,6.1538461538
0,45,1,26,3,85,73.35,52.65,10,32,70,5,16,33,15,2,10,642.09,150,Unknown,F,98000,117000,07JUN2006,Platinum,3,I am very happy with my purchase. it is a great sweater! very easy to wear and cute! i am very sensitive to scratchy wool products and this one is very soft. i highly recommend it.,Great & easy sweater,18,7.335
0,6,3,17,3,60,45,33.5,14,30,53,6,15,21,10,3,9,493.37,100,Unknown,M,146000,60190,,Platinum,2,"Really soft and roomy. very comfortable. just hope it washes well. nice alternative to the regular turtleneck. i wanted it in both colors neutral and green. unfortunately, the neutral did not work for me.",Love it!,,3.2142857143
0,17,1,20,3,50,58.35,35.2,12,33,84,5,15,32,24,3,10,388.26,146,Unknown,F,140000,58630,09JUN2007,Platinum,2,"The colors on my monitor are not true to the product, and that was disappointing to me. that being said, and it is important because this will not go with the pants and skirts that i intended, it is a very good quality blouse,especially at the sale price. all cut edges and seams are bound. the detailing is very good. i wish it was silk instead of polyester, however. the buttons appear in the photo to be shell--in reality they are covered buttons. the print is odd and will be difficult to style.",,17,4.8625
0,37,2,24,3,100,80,54.55,11,32,62,6,16,26,11,3,16.5,702.86,120,HomeOwner,M,94000,90480,23APR2006,Platinum,3,"I like the retro look but these seem to run large to me.  i get they are ruched on the sides.  yet, the bottom has a saggy look.  i got the large but i feel like i should have gotten the medium to fill out the bottom. i already took the strip out and washed so i'm keeping them.  very cute with a bikini top.  maybe i just need a bigger butt.","Cute, but....",18,7.2727272727
0,30,7,17,1,40,39.1,34.7,14,33,44,6,17,18,16,3,7.57,238.83,77,HomeOwner,F,142000,72540,26JUL2005,Platinum,2,"My daughter bought this sweater in xs in white and i tried it on. it was a little too tight but long enough to wear with leggings so i ordered the red in a s. it just covers my butt in the back - not nearly as long as my daughter's. i still love the sweater and will wear it with jeans but it is way too short to wear with leggings. i don't understand how there can be such a difference in the same sweater - a size larger and at least 4 inches shorter! if not for that, i would have rated it a 5.",,19,2.7928571429
0,22,1,22,3,50,50,41.55,12,33,61,5,15,25,16,3,10,397.65,101,HomeOwner,F,121000,447460,29JUL2007,Platinum,2,"Bought pink and cream colors on sale. arm holes on my usual size medium were large so bought smalls and like them a lot. i'm 5'9"" and longer front and back worked well. fabric weave nice weight and good for summer or cooler with sweater or jacket over it.",Versitile tank,17,4.1666666667
0,26,2,21,3,100,116.65,103.55,13,33,83,6,16,33,21,3,20,829.87,151,HomeOwner,F,52000,93210,12FEB1998,Platinum,3,Dress is true to size. has a built in liner with thin straps so it is not see through. really cute on.,Perfect fall dress,27,8.9730769231
0,34,1,18,1,50,50,70,12,32,54,6,16,21,10,2,10,383.16,88,Unknown,F,75000,44590,01AUG2001,Platinum,3,"I sized up on this one and i'm glad i did. the slip for this dress is very small and in my normal size i doubt it would've have even covered what needs to be covered for a dress like this too work. other than that, this swing dress is adorable, work appropriate and the pattern is sweet. even though i ordered a 12, instead of my usually 10, the sleeves were a bit constricting, but hit at the right spot. i see myself throwing this easy little number on a lot.",Cute and comfortable peasant dress,23,4.1666666667
0,41,2,19,2,50,50,39.65,14,35,71,6,16,27,28,3,10,388.57,121,HomeOwner,F,126000,63570,06FEB2002,Platinum,2,"I love tunics, i love sweaters, i love turquoise. i ordered this in large, and it fits well, but the arms are very long. i don't like constantly pushing sleeves up so i wear it with the cuffs turned back. a previous reviewer commented on the length and another about the bagginess. i didn't have issues with either. it hits just above my knee (5'5"") and it is appropriately proportioned around the the body of the sweater. so what's my reservation? how the sweater is more delicate than it seems. the","Love this, with reservation",23,3.5714285714
0,34,3,17,2,50,26.25,15.2,12,31,75,5,15,31,25,3,6,328.61,154,HomeOwner,M,278000,60970,,Platinum,2,"This sweater is very nice. i bought it online recently with a discount on the discount and felt i got an amazing bargain. it is not larger than expected, but is not exactly the fit the model's picture implies. it is a roomier design. nonetheless, it is well-made and all wool, instead of that mystery mix of fibers that sometimes is the case with things described as ""wool"". the one thing that might be more discouraging to online buyers is that the color is not the lovely blue the picture depicts,",Lovely sweater despite the differences,,2.1875
0,23,1,17,3,65,60,46,14,34,54,6,15,20,10,2,11,492,88,HomeOwner,F,110000,92820,15NOV1990,Platinum,2,"I love the look of this bra, but unfortunately it is pretty skimpy and sheer. i need a little more padding to define my shape and i wish it had modesty padding. this wasn't for me so i returned it.",Skimpy,34,4.2857142857
0,23,4,20,1,100,87.15,61.25,10,30,60,5,16,23,20,3,18.25,591.99,101,Unknown,F,85000,79820,10JAN2003,Platinum,3,"I really love the look and style of these. i am not a fan of thong underwear; definitely prefer these bikini or ""hipster"" styles, but sometimes it's hard to find them in attractive design. this pair is definitely attractive and i like how they fit and look a lot. i've only worn them once and they held up well for the day -- i often find lace can rip on the first wear, so i was wary. they did okay, but i do worry that they seem delicate enough i could accidentally stuck a thumb through it and rip",,22,8.715
0,44,2,18,2,85,77.5,52,14,35,75,6,17,33,15,3,15,592.01,154,HomeOwner,F,99000,118690,23MAY1997,Platinum,3,"They were sold out of the medium that i usually wear in tops so i got a petite large hoping that would work. it obviously isn't the ideal fit but it will manage. it's very cute, but the colors aren't as vibrant as they looked in the pictures. for example the red in the floral print looks more like a rust color in person. but i do like it and plan on keeping it. will look cute with dark jeans and brown boots.",Cute top,27,5.5357142857
0,35,2,21,3,100,93.35,72.5,12,34,46,6,17,20,8,2,20,712.24,80,HomeOwner,M,73000,0,02JUN1997,Platinum,3,"I loved the print on this top in navy from the picture, and loved it even more in person. it is gorgeous, and the top feels high quality. that said, as usual with maeve clothing it fit me strangely. i am curvy with a small upper body (34 d) but larger bust, and maeve tops are almost always too tight in the bust and too flowy around the middle , which creates a pregnant look on me at least. i feel their fit model must be small busted, so for small busted ladies this top would be lovely. i always","Gorgeous print, cut small in bust",27,7.7791666667
0,25,2,22,3,90,82.5,72.15,12,34,52,6,17,22,7,2,16.5,699.13,91,HomeOwner,M,73000,64090,23MAY1992,Platinum,3,The color is just beautiful. i've gotten so many compliments!,Beautiful color,32,6.875
0,38,3,24,3,100,100,66.65,11,33,53,6,17,22,12,3,20,822.83,89,HomeOwner,M,79000,129610,22NOV2004,Platinum,3,"Got charlie trousers last year in a different print in my usual size 4 (5'2"", 115#). they initially fit perfectly but stretched out in the thighs and waist and now are loose.  this time i bought a size smaller (size 2). they were snug but i felt them stretch during the first wear and they fit fine now.  i recommend sizing down because they stretch out. love the print for summer (i love anything beachy) and had to have it!  nice comfortable material which isn't hot for summer.  got the regular si",,20,9.0909090909
1,21,1,26,3,80,77.5,52.75,11,32,68,5,15,28,11,3,15,603.32,136,HomeOwner,F,97000,67730,16MAY1986,Platinum,3,"This top looks just like you see it on the website - design is super cool and color is awesome, almost acid washed in areas. but know that this top is super, super thin and will not provide any warmth. i wish it were a bit thicker in fabric, it would have been perfect for the cool fall and going into winter especially for the price. the medium in this one fit me better than the small. i am 5'9 and 140 lbs.",Super cool top,38,7.0454545455
0,19,5,16,1,50,50,42.85,12,30,57,6,17,23,23,3,9.8,377.76,91,HomeOwner,F,118000,43940,12JUN1990,Platinum,2,"In the quest to find comfy, cute, casual tops i took a change on this one. it's cute but quite oversized. it just overwhelmed me. i ordered the large and generally wear medium or large so you can safely size down at least a size or two and still get the fit shown on the model. the style and color just didn't suit my coloring or body type,  but i still recommend because it's comfortable and different enough to be a nice addition to someone else's closet.","Runs big, size down",34,4.1666666667
0,41,2,18,3,85,85,75,14,36,73,6,17,31,13,3,17,710.44,123,HomeOwner,F,70000,102440,03JUN2004,Platinum,3,"I've been buying pilcro for years. they are good quality, comfortable and wear well. my only complaint is (and this a general complaint of all pants today) is that these are cropped. i have a 35"" inseam. these stop well above my ankle but i love the color and the general fit. i'm used to having most of my pants (even those labelled tall) be too short so i don't mind it too much. i feel as though it runs a little big due to how much stretching that happens as you wear them. it's pretty much a tra",Reliable,20,6.0714285714
0,39,3,24,2,65,60,55.4,12,33,67,5,15,28,13,3,12.67,378.1,127,Unknown,U,93000,144170,04MAR2004,Platinum,2,"I found this dress to run large (like the other reviewers have mentioned). the quality is really nice, and the sweater fabric is a nice touch. it hit me right above the knee, and i an 5'5"". it is a purplish pink (as pictured). if it fits you properly, you will be pleased with the quality, color and unique style.",Does really run large,20,5
0,50,4,18,1,60,30,21.45,13,35,74,6,17,31,24,3,5,227.04,137,HomeOwner,F,213000,217620,,Platinum,2,"I am 5'3"" and 115 lbs. i ordered 2 on a whim and i'm so happy i did because they're so flattering.",So flattering! i bought 2,,2.3076923077
0,49,3,24,2,50,49,41.45,11,30,68,5,15,28,21,3,10.33,318.61,126,HomeOwner,F,121000,87620,18JAN1981,Platinum,2,"I got this dress in the holly green and it's a lovely shade - perfect for fall and winter. this is why i gave it the high rating. however, be warned that the lining is very form fitting. i thought the dress had more of a fit and flare design to mask flaws like a belly and larger backside, but that's not the case. i had to return it, but for more slender-shaped ladies, the dress is likely a winner.",Not for curvy girls,44,4.4545454545
0,38,3,17,3,90,83.35,51.65,14,33,74,6,16,31,15,3,16.67,698.75,152,HomeOwner,F,99000,97110,10MAR1997,Platinum,3,"I ordered the xxs petite (only size in petite left at the tme0 and that was right for me. i usually (should say used t) get xs but with the looser styles lately, xxs seems to fit me better. hte leg hem falls below my knee, but not too low on the calf. the waist is comfortable, hte weird part is the fabric, the sash part seems to be lighter and the softer part is on the inside so it would seem.for reference, i am 115 lbs, 30dd, 26.5 in waist.",Comfortable,27,5.9535714286
0,31,1,21,5,75,75,83.35,14,33,59,6,15,24,9,2,15,779.48,105,HomeOwner,M,64000,67470,12APR2006,Platinum,3,"The skirt is not as form fitting as i had hoped. it is a lot of material that is flowy and billowy, not straight and pencil-like as shown as in the pictures. the material and design is just okay- not super wowed by it. i did size down but feel like i might need to size down even more to get more of a fitted look.",Just okay,18,5.3571428571
1,24,1,17,3,50,52.5,41.95,13,31,78,6,15,32,33,3,10,374.45,154,Unknown,U,120000,50310,02MAR2005,Platinum,2,"Love the subtle pattern, i think it will be great for a number of occasions. the fit is very flattering. not lined, but high quality heavyweight fabric does not seem to make it necessary.",,19,4.0384615385
0,37,3,24,2,75,76.25,53.55,13,34,70,6,17,30,14,3,15,587.61,135,Unknown,F,96000,154830,27MAY2006,Platinum,3,"This dress is beautiful. i am happy i chose the sky blue color. i read a review before ordering that said it was more beautiful in person. it certainly is! i can't wait to wear it. the only issue is that it runs a tad bit too big. i am very thin, and usually an xs in retailer clothes. i could've fit an xxs. good thing the straps can tie and be adjusted. also, it is a little longer than i thought it would be on me (i am 5'7""). other than that, i love this dress.",Absolutely gorgeous,18,5.8653846154
0,24,2,15,2,50,38,25.45,13,33,45,6,16,20,11,2,6,314.43,80,HomeOwner,F,185000,91000,08DEC2005,Platinum,2,"On the hanger i thought this would be a great work dress, but on my curves it was pretty scandalous. really low cut--will need to pin it, and hugs curves (if you have them). it's comfortable and i like the pattern. i have a number of maeve's jersey dresses so i'm not expecting it to last incredibly long, but at 25% off it was a good deal.",Accidentally sexy,19,2.9230769231
0,0,3,19,2,50,46,39.45,15,37,68,6,17,29,18,3,9.67,327.28,129,Unknown,F,127000,148070,,Platinum,2,"Got several compliments on the dress the first time i wore it, and know it will work well for both the office, church and even a holiday party or two. i'm right on the line between petite & regular sizes, and could have gone w/a petite (probably medium) size instead as the dress is just a touch long with a deeper neckline for my frame. otherwise it fits well and the color is great, even if it's not quite the same as in the photo. overall, i'm satisfied with my purchase!",Versatile & comfortable,,3.0666666667
0,25,4,21,2,65,58,65.65,14,34,50,6,17,21,8,2,12,394.73,77,HomeOwner,M,80000,90480,22FEB1988,Platinum,2,"As everyone said, the fabric weighs and therefore the romper is flowing gracefully. and it is real soft. you can wear it without bra. it looks so flattering but still feels so comfortable. it is the reason that i placed an order online and it is also the first piece out of the package that i paired with excitement and went out full of contentment. the only thing is that i received mine with the place where the two bands meet with the back broken. i had to sew them all together. it almost felt li",Love it!,36,4.1428571429
0,13,1,19,2,50,45,25.55,12,32,72,6,16,30,19,3,6,311.26,144,HomeOwner,F,184000,43160,,Platinum,2,"I received this product and love the color and sheen of it. it is not too flashy, and would work great as a dress to an event day or night with the right accessories. i am about 5'7 and 115 lbs, and usually wear a size 0 in dresses. the size 0 fit, but was a little loose. if they had a 00 it probably would have been too small though. you definitely cannot bend over in this dress because it is too short, but i didn't feel it was inappropriately short otherwise. it flares out just slightly on the",Good quality,,3.75
0,29,1,21,3,70,60,43,13,32,68,6,15,29,15,3,14,493.37,154,HomeOwner,M,117000,52000,24JAN1994,Platinum,2,"Loved pattern,  quality and fine details on this dress but  it ran large. i ordered petite small and it was way too loose/baggy .i had to return it.  i went bsck to order a petite x/small, but it was no longer available in this size on- line. so disappointed! fyi ,  i'm 5' , 112-115lbs and small boned -always wear size petite small . but not fir this dress! this dress is comfortable , well made, lined and pattern is extremely pretty with nice border ( which is hard to find for petites -a",Great dress but runs too big,31,4.6153846154
0,31,5,18,1,75,71.65,60.85,13,32,43,6,17,19,12,3,14.2,501.43,77,HomeOwner,F,85000,105430,03MAY2000,Platinum,3,"I finally visited a store with petite, and this dress was there, so of course, i snagged it to try on... i love the colors, i mean awesome, the fabric is also very soft, but the cut was just huh on me, nothing to go raving about,.,, i think it would be nice for a casual day but i often just wear joggers or yoga pants on casual days... so for the price i left it.","Had my eye on this, but dind't get",24,5.5115384615
0,24,3,22,3,75,56.65,45.4,12,31,53,6,16,22,12,3,11.33,483.45,89,HomeOwner,M,112000,65650,06DEC1976,Platinum,3,"This is a great throw in your weekend bag summer dress. it runs a bit large, especially on the top, but i'll make it work. back is a bit low, so a cardigan would be required for office wear.",Easy summer dress,48,4.7208333333
0,26,1,25,2,50,41.25,27.75,12,33,68,6,16,28,31,3,7,319.63,128,HomeOwner,F,172000,66560,24FEB1993,Platinum,2,"I orderd this product in a size large, because i was afraid of it being seamless would make it too tight on my larger chest (32ddd), however the opposite happened. because it doesn't have any kind of seams it is very boxy and not skin tight like i expected, however it still works because it does fit me around my chest comfortably and when worn under something it gives a nice blouson effect. also, the v is a very nice depth- not too deep or too shallow. overall, i'm happy with it because it's a n",Very comfy!,31,3.4375
0,20,2,17,3,70,66.65,54.6,14,34,69,6,15,30,12,3,13,548.72,145,HomeOwner,F,94000,87750,08MAY1993,Platinum,2,"This is a beautifu;l dress. unfortunately it runs extremely large. i wear sized 10-12 and ordered l. i was lost in all the material. but because i love this dress so much, i am taking a chance and ordered it in small.",,31,4.7607142857
0,32,2,17,2,50,63,62.15,13,35,63,6,17,24,14,3,12.5,423.42,98,Unknown,F,84000,54600,24JUL1993,Platinum,2,"To my knowledge this dress looks great on everyone. the fabric is light and of moderate quality, the finishing is acceptable. a great basic.",Unreasonably flattering,31,4.8461538462
0,32,5,17,2,50,45,35.75,13,30,59,6,15,23,13,3,9,327.18,114,Unknown,M,138000,72150,12FEB2007,Platinum,2,"I was so excited to order this dress; however, once it arrived, i realized that the fit doesn't work for me. i carry my weight in my stomach and backside, and the dress clung to my trouble areas.",Pop of posey,18,3.4615384615
0,33,1,18,5,75,75,60.3,15,34,68,6,15,24,17,3,15,783.98,112,HomeOwner,F,86000,111800,23JAN2002,Platinum,3,"I love the green pattern. the fabric hangs and moves beautifully. thick enough to cover undergarments without slip or liner. ballet back is nice detail. i'm curvy and generally between s and m, s has a little room to spare. generally flattering piece. great for summer!",Pretty for spring and summer,23,5
0,30,2,17,2,50,41.25,39.5,15,35,57,6,16,23,10,2,9,312.71,113,Unknown,U,126000,53690,12NOV2004,Platinum,2,"The petite was a little bit long on me (i'm 5'2), but it otherwise fits true to size and is very soft and comfortable, breezy. covers enough that it is work appropriate or for something outside. a keeper!",Cute summer dress!,20,2.75
0,24,3,22,3,75,108.35,75.95,13,35,63,6,17,25,16,3,21.67,841.88,100,Unknown,F,69000,60580,13APR1997,Platinum,3,"I purchased this dress on a whim. it is easy to wear and very comfortable.  the empire waist is flattering. however, the dress runs large and the lower half is a-line. the neckline is very flattering and you feel put together when wearing this dress.i am happy to have it in my wardrobe. a go-to piece for years to come.",More beautiful in reality,27,8.3346153846
0,37,5,20,2,75,85,66.8,13,33,51,6,17,21,11,2,17,595.93,88,HomeOwner,F,78000,72930,16FEB2001,Platinum,3,"What i love especially about this dress are the comfortable, soft fabric and the shape of the back -- the scoop and longer back hem are very ballet dancer! the green & off white print is very pretty for spring. sizing is a little tricky for me as i'm between petite and regular sizes. the hem length in the sp is perfect, about 1.5"" above the knee in front, but the waist sits a little high. the top seam of the waist section is above my natural waist, and the bottom seam sits right under my navel s","Comfortable, easy dress",23,6.5384615385
0,42,2,18,2,85,66.25,48.95,13,35,58,6,17,24,14,2,10.5,496.58,100,HomeOwner,F,104000,151190,16JUN1986,Platinum,3,Over all this is very cute . it is very short. but has very good quality material.,Cute :),38,5.0961538462
0,41,1,19,3,75,75,49.15,12,31,44,6,15,18,6,2,15,707.56,81,Unknown,F,104000,211640,,Platinum,3,"This dress is nicely made and hangs beautifully. i did find the shoulders a bit too wide even though i have pretty broad shoulders. then again, i'm also pretty tall and the length on this dress is really nice, so i'll take the slightly wide shoulders. the low back and gathered waist are very flattering. a perfect dress to wear in the summer!",Cute and comfy,,6.25
0,58,1,15,3,50,50,35.85,13,33,62,6,15,27,12,2,11,392.91,127,Unknown,F,138000,264030,05MAR1988,Platinum,2,"Great dress, comfortable to wear and flattering, with the stretch cinch waist and the soft flare of the skirt i feel flirty and fun with its open scoop neck and dipping back. plenty of space and simplicity to accessorize or not. i bought it in black/white and red, each with its own feel.",Just right,36,3.8461538462
0,26,3,15,2,45,44,36.9,14,34,59,6,16,22,16,3,8.67,289.67,93,HomeOwner,M,134000,99190,20OCT1999,Platinum,2,"While shopping with my daughters, i bought this tee in white. i immediately felt guilty for spending too much on a white tee that was thin and see-through enough that i'd need to wear something underneath. i returned the white, but then retailer had a sale weekend, so i ordered the blue with a discount, so less guilt and the color is beautiful. i don't need to worry about wearing anything underneath - the fabric is very thin and super soft and feels so nice.",Second time's a charm,25,3.1428571429
0,24,1,17,3,50,66.65,47.2,15,35,55,6,15,22,9,2,15,544,103,HomeOwner,F,108000,90480,15JUL2002,Platinum,2,"I normally wear an xl, but could only find this instore in size large. the blouse fits nicely, but i think it would come down a bit lower and also be a longer blouse if i would have purchased it in my usual size. the blouse itself has a nice drape to it. the black 'railroad tracks' look very pretty in person, and add a nice detail. the only complaint i have with this blouse is the sleeves. the enormous bell sleeve feels like a costume. but for a nominal fee i had the sleeves shortened to a ruffl",Very pretty blouse; sleeves impractical,22,4.4433333333
0,35,3,18,2,50,68.75,61.95,14,34,88,6,16,31,38,3,15,425.71,141,HomeOwner,U,84000,91780,,Platinum,2,"Like the other reviewers experienced, i received my top in the mail, and it does not have the straps as shown in the online pictures. not to say that the top is not attractive, though, and i'll be keeping it. very comfortable and cool in the triple-digit heat in my community.",Nice top,,4.9107142857
1,35,3,17,2,40,41,25,12,33,62,5,15,28,20,3,8.33,267.44,121,HomeOwner,F,188000,123890,,Platinum,2,"This skirt is figure flattering and stylish, while still being work appropriate. i like the length as well.",Figure flattering,,3.4166666667
0,17,6,17,1,50,34.4,39.15,13,33,63,6,17,24,18,3,7.5,217.28,104,Unknown,M,127000,169910,08MAR1982,Platinum,2,"I love these! they are cute enough to wear out, and they are really comfortable. i ordered a small and at 5'3"" they are a little long but they shrunk in the wash and they're still totally wearable",So comfy! great for pajamas or super casual,42,2.6461538462
1,29,2,16,2,65,66.25,56.65,16,37,73,6,17,32,18,3,11.5,367.69,153,HomeOwner,F,91000,183950,09JUL2005,Platinum,2,Feels a bit more tunic than blouse but it's a lovely piece all the same.,"Beautiful details, runs long",19,4.140625
0,33,2,24,3,50,68.35,50.35,10,29,67,5,15,29,15,3,12.5,536.39,138,Unknown,F,102000,95160,14FEB1997,Platinum,2,"Super comfortable pant. they don't feel or look like jeans, but will hug your body like jeans. i bought the regular, size 26 - they waist is not tight and i needed to roll up the bottoms about 1.5 inches. i have not washed or dried these yet, but i imagine they will wash well.",Great dressy jean,28,6.835
0,25,2,22,3,95,90,66.45,13,33,55,6,16,23,7,2,18,715.08,105,Unknown,F,79000,212940,21APR1993,Platinum,3,"I love boys and arrows, but this top is really best suited to smaller size chests because there's no adjustable ties or straps or reinforcements for support. also, the fabric is super soft, which is great for feel but not so much for fit if you require a little boost! for my 32d's i chose a different design.",Boys and arrows high-neck top,31,6.9230769231
0,37,5,21,2,65,55,43.55,12,32,74,6,16,29,21,3,11,378.39,137,HomeOwner,M,116000,381030,26MAR1999,Platinum,2,"I bought this in white and coral. i usually wear xl, but both l and xl fit well. i bought coral in l and white in xl. it is a tad see-through but not a lot. the top is comfortable and looks very good on, coral is so dreamy and white perfect for a casual day out. i am not crazy about linen fabric though, it can be a bit scratchy, i would have preferred if the top were in a softer fabric. for now though i plan to keep both.",Nice top,25,4.5833333333
0,37,5,21,2,55,43,35,12,31,44,6,16,19,10,3,8.6,312.03,81,HomeOwner,M,141000,128830,03JUN2002,Platinum,2,"This shirt is very comfortable. though it's casual, its uneven seams and asymmetry give it a littlemore edge and character. fits true to size. i'm 5'5'', 125 lbs and was happy with the small.",Comfortable!,22,3.5833333333
0,41,5,16,1,50,51.65,42.15,15,34,70,6,17,26,23,3,10,380.07,112,HomeOwner,M,119000,172770,15DEC1992,Platinum,2,"Cute shirt, nice for layering.",Good staple,32,3.4433333333
0,25,1,18,3,105,95,61.25,13,34,70,6,16,30,12,3,17,964.06,153,HomeOwner,M,85000,222690,24MAR1990,Platinum,3,"I purchased in white. the material is a little thinner than i like, but the material is soft. runs tts over all. the arms are long-but i like this in a t-shirt. i will probably pick up another color in this shirt.",,34,7.3076923077
0,21,2,24,3,100,100,52.85,11,30,51,6,15,19,7,2,20,829.46,93,HomeOwner,M,97000,109460,03AUG1989,Platinum,3,"I was expecting to love this based on the reviews and my prior experience with this brand, but i'm a little unsure. the front part hangs a bit too low on my 5'4"" frame, yet i think a petite would have the slits too high on the sides. i'm just not sure it hangs right on me. it's fitted through the arms and shoulders nicely, and looks great with the front loosely tucked. just not what i was expecting.",Not sure...,35,9.0909090909
0,28,3,16,2,100,65,60.65,15,35,46,6,16,18,8,2,14.33,509.66,77,HomeOwner,U,86000,136630,,Platinum,3,Lovely color and really nice fabric. not much form to the dress but will be lovely with a belt or jacket.,,,4.3333333333
0,29,3,18,1,50,42.5,26.1,14,34,64,6,16,28,16,3,7.33,282.71,151,HomeOwner,F,181000,91650,,Platinum,2,"These jeans didn't fit like i thought , based on the model. i usually wear 25 , but these were snug and i i have snug jeans , lots of them and i wanted looser , flared jeans ,kind of a 60's look. not these. a bigger size wouldn't have improved it . they are a perfectly good jean , love the color but not what i wanted .",Not for me,,3.0357142857
0,31,1,18,3,50,46.65,39.65,14,33,58,6,15,22,15,2,10,349.26,103,HomeOwner,F,126000,132340,,Platinum,2,"I have many left of center tees, and this one is a part of that same family. i got the deep purple (kind of an eggplant color), which is perfect for fall. the sleeves are long, the cotton is thick, and i love the small details at the neckline and bottom hem. it's not quite 5 stars for me, though, because it is very high on the sides--not too much that you can see skin while standing still but enough if you raise your arms. not a deal breaker for me, though.",Typical left of center,,3.3321428571
0,26,2,24,3,75,75,61.45,12,34,83,6,17,34,21,3,15,702.87,153,Unknown,U,85000,79300,04MAY2001,Platinum,3,"Loved the colors (greenish, coal and white) and shirt texture but the fit was horrible. i sized up to an xl because you can never tell sizing with this line. that didn't help. it fit, although a bit long but the deal breaker was that i looked huge from the side view. since i carry my weight in my mid section, high/low cuts on the side are tricky on my frame. it fit well in the bust over my 34g's and looked nice from the front. i do recommend it. if you have my body issues you might pass.",A dud for me,23,6.25
0,24,4,23,2,50,52,44.15,12,33,49,6,17,21,12,3,10.5,385.46,80,HomeOwner,F,114000,106470,16OCT1993,Platinum,2,Nice dress fits true to size. beautiful mustard yellow and soft corduroy.,Great fall dress,31,4.3333333333
0,26,1,21,5,50,50,38.4,11,31,76,5,15,32,25,3,10,511.04,148,Unknown,F,130000,62400,03FEB2004,Platinum,2,"Really cute tee... charcoal is deep and great all seasons. cut high on sides... may need to size up to accommodate - depends on body shape. tried the white, didn't buy--- too lightweight, but could work layered.",New twist to simple tee,21,4.5454545455
0,23,3,19,2,100,74,57.5,13,34,60,6,17,23,14,3,11.33,507.58,100,HomeOwner,M,90000,100490,08FEB1995,Platinum,3,"I was please with how well this shirt fits, and how flattering it is, while adding a bit of visual interest with the unique neckline.",Very soft and flattering,30,5.6923076923
0,36,4,17,2,50,40,35.4,13,34,58,6,17,23,13,2,8.25,317.23,91,HomeOwner,U,139000,112970,,Platinum,2,"These are cool jeans to have in a mound of typical denim jeans i have in my closet and these are like a thorwback of the 60s/70s made with modern, high quality denim. this is my first pair of 7 for all mankind denim, so i can't reference how they fit to their other jeans. however, based on typical pants sizing with other brands at retailer, these pants do run smaller than other brands, especially in the waist area. i ended up buying my size but clearly a diet will be in my near future because they",Run small,,3.0769230769
